participant_id,model_name,parameterization,bound_settings,algorithm,iter,alpha,mu1,mu2,beta,kappa,w,a,t01,t02
25,DDM,value_scaling_t0,wide,DEoptim,1,0.12533532820176335,1,2.0497947565745562,0.23541310131317006,1,0.6015465101335989,7.058227322554449,1.074326179001946,1.4025996220647359
25,DDM,value_scaling_t0,wide,DEoptim,2,0.12533532820176335,1,2.0497947565745562,0.23541310131317006,1,0.6015465101335989,7.058227322554449,1.074326179001946,1.4025996220647359
25,DDM,value_scaling_t0,wide,DEoptim,3,0.28611295628594235,1,1.5128166689537466,0.07363624145369968,1,0.8112737636856089,5.258684949336239,1.1449547876669095,1.025990983939264
25,DDM,value_scaling_t0,wide,DEoptim,4,0.28611295628594235,1,1.5128166689537466,0.07363624145369968,1,0.8112737636856089,5.258684949336239,1.1449547876669095,1.025990983939264
25,DDM,value_scaling_t0,wide,DEoptim,5,0.0786623116964475,1,2.7751259619835764,0.16204065624857322,1,0.5507077570887553,2.668096163680266,1.1461518757432516,1.1957039126865565
25,DDM,value_scaling_t0,wide,DEoptim,6,0.1147590906778352,1,2.7751259619835764,0.16204065624857322,1,0.5507077570887553,2.668096163680266,1.1461518757432516,1.1957039126865565
25,DDM,value_scaling_t0,wide,DEoptim,7,0.5927977265091613,1,1.8745373161509633,0.37325047553051266,1,0.9816473973989763,2.746887310240056,0.5499052710614951,1.524767987842206
25,DDM,value_scaling_t0,wide,DEoptim,8,0.5927977265091613,1,1.8745373161509633,0.37325047553051266,1,0.9816473973989763,2.746887310240056,0.5499052710614951,1.524767987842206
25,DDM,value_scaling_t0,wide,DEoptim,9,0.5927977265091613,1,1.8745373161509633,0.37325047553051266,1,0.9816473973989763,2.746887310240056,0.5499052710614951,1.524767987842206
25,DDM,value_scaling_t0,wide,DEoptim,10,0.5927977265091613,1,1.8745373161509633,0.37325047553051266,1,0.9816473973989763,2.746887310240056,0.5499052710614951,1.524767987842206
25,DDM,value_scaling_t0,wide,DEoptim,11,0.5080252044465319,1,2.1955009941011667,0.37325047553051266,1,0.9816473973989763,2.746887310240056,0.5499052710614951,1.524767987842206
25,DDM,value_scaling_t0,wide,DEoptim,12,0.5080252044465319,1,2.1955009941011667,0.37325047553051266,1,0.9816473973989763,2.746887310240056,0.5499052710614951,1.524767987842206
25,DDM,value_scaling_t0,wide,DEoptim,13,0.5080252044465319,1,2.1955009941011667,0.37325047553051266,1,0.9816473973989763,2.746887310240056,0.5499052710614951,1.524767987842206
25,DDM,value_scaling_t0,wide,DEoptim,14,0.5080252044465319,1,2.1955009941011667,0.37325047553051266,1,0.9816473973989763,2.746887310240056,0.5499052710614951,1.524767987842206
25,DDM,value_scaling_t0,wide,DEoptim,15,0.5080252044465319,1,2.1955009941011667,0.37325047553051266,1,0.9816473973989763,2.746887310240056,0.5499052710614951,1.524767987842206
25,DDM,value_scaling_t0,wide,DEoptim,16,0.5080252044465319,1,2.1955009941011667,0.37325047553051266,1,0.9816473973989763,2.746887310240056,0.5499052710614951,1.524767987842206
25,DDM,value_scaling_t0,wide,DEoptim,17,2.0180241591716186,1,2.557782244342491,0.05991972914198414,1,0.00225180911346623,3.0935009572220507,1.2748068580929843,1.4499383521057705
25,DDM,value_scaling_t0,wide,DEoptim,18,2.0180241591716186,1,2.557782244342491,0.05991972914198414,1,0.00225180911346623,3.0935009572220507,1.2748068580929843,1.4499383521057705
25,DDM,value_scaling_t0,wide,DEoptim,19,2.0180241591716186,1,2.557782244342491,0.05991972914198414,1,0.00225180911346623,3.0935009572220507,1.2748068580929843,1.4499383521057705
25,DDM,value_scaling_t0,wide,DEoptim,20,2.0180241591716186,1,2.557782244342491,0.05991972914198414,1,0.00225180911346623,3.0935009572220507,1.2748068580929843,1.4499383521057705
25,DDM,value_scaling_t0,wide,DEoptim,21,2.0180241591716186,1,2.557782244342491,0.05991972914198414,1,0.00225180911346623,3.0935009572220507,1.2748068580929843,1.4499383521057705
25,DDM,value_scaling_t0,wide,DEoptim,22,2.0180241591716186,1,2.557782244342491,0.05991972914198414,1,0.00225180911346623,3.0935009572220507,1.2748068580929843,1.4499383521057705
25,DDM,value_scaling_t0,wide,DEoptim,23,2.0180241591716186,1,2.557782244342491,0.05991972914198414,1,0.00225180911346623,3.0935009572220507,1.2748068580929843,1.4499383521057705
25,DDM,value_scaling_t0,wide,DEoptim,24,2.0180241591716186,1,2.557782244342491,0.05991972914198414,1,0.00225180911346623,3.0935009572220507,1.2748068580929843,1.4499383521057705
25,DDM,value_scaling_t0,wide,DEoptim,25,2.0180241591716186,1,2.557782244342491,0.05991972914198414,1,0.00225180911346623,3.0935009572220507,1.2748068580929843,1.4499383521057705
25,DDM,value_scaling_t0,wide,DEoptim,26,2.0180241591716186,1,2.557782244342491,0.05991972914198414,1,0.00225180911346623,3.0935009572220507,1.2748068580929843,1.4499383521057705
25,DDM,value_scaling_t0,wide,DEoptim,27,2.0180241591716186,1,2.557782244342491,0.05991972914198414,1,0.00225180911346623,3.0935009572220507,1.2748068580929843,1.4499383521057705
25,DDM,value_scaling_t0,wide,DEoptim,28,2.0180241591716186,1,2.557782244342491,0.05991972914198414,1,0.00225180911346623,3.0935009572220507,1.2748068580929843,1.4499383521057705
25,DDM,value_scaling_t0,wide,DEoptim,29,2.0180241591716186,1,2.557782244342491,0.05991972914198414,1,0.00225180911346623,3.0935009572220507,1.2748068580929843,1.4499383521057705
25,DDM,value_scaling_t0,wide,DEoptim,30,2.0180241591716186,1,2.557782244342491,0.05991972914198414,1,0.00225180911346623,3.0935009572220507,1.2748068580929843,1.4499383521057705
25,DDM,value_scaling_t0,wide,DEoptim,31,2.0180241591716186,1,2.557782244342491,0.05991972914198414,1,0.00225180911346623,3.0935009572220507,1.2748068580929843,1.4499383521057705
25,DDM,value_scaling_t0,wide,DEoptim,32,2.0180241591716186,1,2.557782244342491,0.05991972914198414,1,0.00225180911346623,3.0935009572220507,1.2748068580929843,1.4499383521057705
25,DDM,value_scaling_t0,wide,DEoptim,33,2.0180241591716186,1,2.557782244342491,0.05991972914198414,1,0.00225180911346623,3.0935009572220507,1.2748068580929843,1.4499383521057705
25,DDM,value_scaling_t0,wide,DEoptim,34,0.8212804482677021,1,2.297147747678384,0.1354588073254404,1,0.37315825392514007,2.4883532409534888,1.3767705098847782,1.4856450379598554
25,DDM,value_scaling_t0,wide,DEoptim,35,0.8212804482677021,1,2.297147747678384,0.1354588073254404,1,0.37315825392514007,2.4883532409534888,1.3767705098847782,1.4856450379598554
25,DDM,value_scaling_t0,wide,DEoptim,36,0.8212804482677021,1,2.297147747678384,0.1354588073254404,1,0.37315825392514007,2.4883532409534888,1.3767705098847782,1.4856450379598554
25,DDM,value_scaling_t0,wide,DEoptim,37,0.8212804482677021,1,2.297147747678384,0.1354588073254404,1,0.37315825392514007,2.4883532409534888,1.3767705098847782,1.4856450379598554
25,DDM,value_scaling_t0,wide,DEoptim,38,0.8212804482677021,1,2.297147747678384,0.1354588073254404,1,0.37315825392514007,2.4883532409534888,1.3767705098847782,1.4856450379598554
25,DDM,value_scaling_t0,wide,DEoptim,39,0.8212804482677021,1,2.297147747678384,0.1354588073254404,1,0.37315825392514007,2.4883532409534888,1.3767705098847782,1.4856450379598554
25,DDM,value_scaling_t0,wide,DEoptim,40,0.8212804482677021,1,2.297147747678384,0.1354588073254404,1,0.5089846093855006,2.4883532409534888,1.3767705098847782,1.4856450379598554
25,DDM,value_scaling_t0,wide,DEoptim,41,0.8212804482677021,1,2.297147747678384,0.1354588073254404,1,0.5089846093855006,2.4883532409534888,1.3767705098847782,1.4856450379598554
25,DDM,value_scaling_t0,wide,DEoptim,42,0.8212804482677021,1,2.297147747678384,0.1354588073254404,1,0.5089846093855006,2.4883532409534888,1.3767705098847782,1.4856450379598554
25,DDM,value_scaling_t0,wide,DEoptim,43,0.8212804482677021,1,2.297147747678384,0.1354588073254404,1,0.5089846093855006,2.4883532409534888,1.3767705098847782,1.4856450379598554
25,DDM,value_scaling_t0,wide,DEoptim,44,0.8212804482677021,1,1.8588872671632617,0.1354588073254404,1,0.5089846093855006,2.4883532409534888,1.3767705098847782,1.4856450379598554
25,DDM,value_scaling_t0,wide,DEoptim,45,0.8212804482677021,1,1.8588872671632617,0.1354588073254404,1,0.5089846093855006,2.4883532409534888,1.3767705098847782,1.4856450379598554
25,DDM,value_scaling_t0,wide,DEoptim,46,0.8212804482677021,1,1.8588872671632617,0.1354588073254404,1,0.5089846093855006,2.4883532409534888,1.3767705098847782,1.4856450379598554
25,DDM,value_scaling_t0,wide,DEoptim,47,0.8212804482677021,1,1.8588872671632617,0.1354588073254404,1,0.5089846093855006,2.4883532409534888,1.3767705098847782,1.4856450379598554
25,DDM,value_scaling_t0,wide,DEoptim,48,0.8212804482677021,1,1.8588872671632617,0.1354588073254404,1,0.5089846093855006,2.4883532409534888,1.3861372555768583,1.4856450379598554
25,DDM,value_scaling_t0,wide,DEoptim,49,0.8212804482677021,1,1.8588872671632617,0.1354588073254404,1,0.5089846093855006,2.4883532409534888,1.3861372555768583,1.4856450379598554
25,DDM,value_scaling_t0,wide,DEoptim,50,0.8212804482677021,1,1.8588872671632617,0.1354588073254404,1,0.5089846093855006,2.4883532409534888,1.3861372555768583,1.4856450379598554
25,DDM,value_scaling_t0,wide,DEoptim,51,0.8212804482677021,1,1.8588872671632617,0.1354588073254404,1,0.5089846093855006,2.4883532409534888,1.3861372555768583,1.4856450379598554
25,DDM,value_scaling_t0,wide,DEoptim,52,0.8212804482677021,1,1.8588872671632617,0.1354588073254404,1,0.5089846093855006,2.4883532409534888,1.3861372555768583,1.4856450379598554
25,DDM,value_scaling_t0,wide,DEoptim,53,0.8212804482677021,1,1.8588872671632617,0.1354588073254404,1,0.5089846093855006,2.4883532409534888,1.3861372555768583,1.4856450379598554
25,DDM,value_scaling_t0,wide,DEoptim,54,0.8212804482677021,1,1.8588872671632617,0.1354588073254404,1,0.5089846093855006,2.4883532409534888,1.3861372555768583,1.4856450379598554
25,DDM,value_scaling_t0,wide,DEoptim,55,0.8212804482677021,1,1.8588872671632617,0.1354588073254404,1,0.5089846093855006,2.4883532409534888,1.3861372555768583,1.4856450379598554
25,DDM,value_scaling_t0,wide,DEoptim,56,0.8212804482677021,1,1.8588872671632617,0.1354588073254404,1,0.5089846093855006,2.4883532409534888,1.3861372555768583,1.4856450379598554
25,DDM,value_scaling_t0,wide,DEoptim,57,0.8212804482677021,1,1.8588872671632617,0.1354588073254404,1,0.5089846093855006,2.4883532409534888,1.3861372555768583,1.4856450379598554
25,DDM,value_scaling_t0,wide,DEoptim,58,0.8212804482677021,1,1.8588872671632617,0.1354588073254404,1,0.5089846093855006,2.4883532409534888,1.3861372555768583,1.4856450379598554
25,DDM,value_scaling_t0,wide,DEoptim,59,0.8212804482677021,1,1.8588872671632617,0.1354588073254404,1,0.5089846093855006,2.4883532409534888,1.3861372555768583,1.4856450379598554
25,DDM,value_scaling_t0,wide,DEoptim,60,0.8212804482677021,1,1.8588872671632617,0.1354588073254404,1,0.5089846093855006,2.4883532409534888,1.3861372555768583,1.4856450379598554
25,DDM,value_scaling_t0,wide,DEoptim,61,0.8212804482677021,1,1.8588872671632617,0.1354588073254404,1,0.5089846093855006,2.4883532409534888,1.3861372555768583,1.4856450379598554
25,DDM,value_scaling_t0,wide,DEoptim,62,0.8212804482677021,1,1.8588872671632617,0.1354588073254404,1,0.5089846093855006,2.4883532409534888,1.3861372555768583,1.4856450379598554
25,DDM,value_scaling_t0,wide,DEoptim,63,0.8212804482677021,1,1.8588872671632617,0.1354588073254404,1,0.5089846093855006,2.4883532409534888,1.3861372555768583,1.4856450379598554
25,DDM,value_scaling_t0,wide,DEoptim,64,1.4427118663076721,1,1.4192847365127284,0.14926144933323138,1,0.06537284816958942,2.550004587634278,1.4893911717410604,1.505511202365876
25,DDM,value_scaling_t0,wide,DEoptim,65,1.4427118663076721,1,1.4192847365127284,0.14926144933323138,1,0.05642344455204936,2.550004587634278,1.4893911717410604,1.505511202365876
25,DDM,value_scaling_t0,wide,DEoptim,66,1.4427118663076721,1,1.4192847365127284,0.14926144933323138,1,0.05642344455204936,2.550004587634278,1.4893911717410604,1.505511202365876
25,DDM,value_scaling_t0,wide,DEoptim,67,1.4427118663076721,1,1.4192847365127284,0.14926144933323138,1,0.05642344455204936,2.550004587634278,1.4893911717410604,1.505511202365876
25,DDM,value_scaling_t0,wide,DEoptim,68,1.4427118663076721,1,1.4192847365127284,0.14926144933323138,1,0.05642344455204936,2.550004587634278,1.4893911717410604,1.505511202365876
25,DDM,value_scaling_t0,wide,DEoptim,69,1.4427118663076721,1,1.4192847365127284,0.14926144933323138,1,0.05642344455204936,2.550004587634278,1.4893911717410604,1.505511202365876
25,DDM,value_scaling_t0,wide,DEoptim,70,1.4427118663076721,1,1.4192847365127284,0.14926144933323138,1,0.05642344455204936,2.550004587634278,1.4893911717410604,1.505511202365876
25,DDM,value_scaling_t0,wide,DEoptim,71,1.4427118663076721,1,1.4192847365127284,0.14926144933323138,1,0.05642344455204936,2.550004587634278,1.4893911717410604,1.505511202365876
25,DDM,value_scaling_t0,wide,DEoptim,72,1.4427118663076721,1,1.4192847365127284,0.14926144933323138,1,0.05642344455204936,2.550004587634278,1.4893911717410604,1.505511202365876
25,DDM,value_scaling_t0,wide,DEoptim,73,1.4427118663076721,1,1.4192847365127284,0.14926144933323138,1,0.05642344455204936,2.550004587634278,1.4893911717410604,1.505511202365876
25,DDM,value_scaling_t0,wide,DEoptim,74,1.4427118663076721,1,1.4192847365127284,0.14926144933323138,1,0.05642344455204936,2.550004587634278,1.4893911717410604,1.505511202365876
25,DDM,value_scaling_t0,wide,DEoptim,75,1.4427118663076721,1,1.4192847365127284,0.14926144933323138,1,0.05642344455204936,2.550004587634278,1.4893911717410604,1.505511202365876
25,DDM,value_scaling_t0,wide,DEoptim,76,1.4427118663076721,1,1.4192847365127284,0.14926144933323138,1,0.05642344455204936,2.550004587634278,1.4893911717410604,1.505511202365876
25,DDM,value_scaling_t0,wide,DEoptim,77,1.4427118663076721,1,1.4192847365127284,0.14926144933323138,1,0.05642344455204936,2.550004587634278,1.4893911717410604,1.505511202365876
25,DDM,value_scaling_t0,wide,DEoptim,78,1.4427118663076721,1,1.4192847365127284,0.14926144933323138,1,0.05642344455204936,2.550004587634278,1.4893911717410604,1.505511202365876
25,DDM,value_scaling_t0,wide,DEoptim,79,1.4427118663076721,1,1.4192847365127284,0.14926144933323138,1,0.05642344455204936,2.550004587634278,1.4893911717410604,1.505511202365876
25,DDM,value_scaling_t0,wide,DEoptim,80,1.4427118663076721,1,1.4192847365127284,0.14926144933323138,1,0.05642344455204936,2.550004587634278,1.4893911717410604,1.505511202365876
25,DDM,value_scaling_t0,wide,DEoptim,81,1.4427118663076721,1,1.4192847365127284,0.14926144933323138,1,0.05642344455204936,2.550004587634278,1.4893911717410604,1.505511202365876
25,DDM,value_scaling_t0,wide,DEoptim,82,1.4427118663076721,1,1.4192847365127284,0.14926144933323138,1,0.05642344455204936,2.550004587634278,1.4893911717410604,1.505511202365876
25,DDM,value_scaling_t0,wide,DEoptim,83,1.4427118663076721,1,1.4192847365127284,0.14926144933323138,1,0.05642344455204936,2.550004587634278,1.4893911717410604,1.505511202365876
25,DDM,value_scaling_t0,wide,DEoptim,84,1.4427118663076721,1,1.4192847365127284,0.14926144933323138,1,0.05642344455204936,2.550004587634278,1.4893911717410604,1.505511202365876
25,DDM,value_scaling_t0,wide,DEoptim,85,1.4427118663076721,1,1.4192847365127284,0.14926144933323138,1,0.05642344455204936,2.550004587634278,1.4893911717410604,1.505511202365876
25,DDM,value_scaling_t0,wide,DEoptim,86,1.4427118663076721,1,1.4192847365127284,0.14926144933323138,1,0.05642344455204936,2.550004587634278,1.4893911717410604,1.505511202365876
25,DDM,value_scaling_t0,wide,DEoptim,87,1.4427118663076721,1,1.4192847365127284,0.14926144933323138,1,0.05642344455204936,2.550004587634278,1.4893911717410604,1.505511202365876
25,DDM,value_scaling_t0,wide,DEoptim,88,1.4427118663076721,1,1.4192847365127284,0.14926144933323138,1,0.05642344455204936,2.550004587634278,1.4893911717410604,1.505511202365876
25,DDM,value_scaling_t0,wide,DEoptim,89,1.4427118663076721,1,1.4192847365127284,0.14926144933323138,1,0.05642344455204936,2.550004587634278,1.4893911717410604,1.505511202365876
25,DDM,value_scaling_t0,wide,DEoptim,90,1.4427118663076721,1,1.4192847365127284,0.14926144933323138,1,0.05642344455204936,2.550004587634278,1.4893911717410604,1.505511202365876
25,DDM,value_scaling_t0,wide,DEoptim,91,1.4427118663076721,1,1.4192847365127284,0.14926144933323138,1,0.05642344455204936,2.550004587634278,1.4893911717410604,1.505511202365876
25,DDM,value_scaling_t0,wide,DEoptim,92,1.3922912070378082,1,1.2560499387280122,0.13751377950479182,1,0.07172977758286521,2.7937333690374104,1.315243354670653,1.4211212494543124
25,DDM,value_scaling_t0,wide,DEoptim,93,1.3922912070378082,1,1.2560499387280122,0.13751377950479182,1,0.07172977758286521,2.7937333690374104,1.315243354670653,1.4211212494543124
25,DDM,value_scaling_t0,wide,DEoptim,94,1.3922912070378082,1,1.2560499387280122,0.13751377950479182,1,0.07172977758286521,2.7937333690374104,1.315243354670653,1.4211212494543124
25,DDM,value_scaling_t0,wide,DEoptim,95,1.3922912070378082,1,1.2560499387280122,0.13751377950479182,1,0.07172977758286521,2.7937333690374104,1.315243354670653,1.4211212494543124
25,DDM,value_scaling_t0,wide,DEoptim,96,1.3922912070378082,1,1.2560499387280122,0.13751377950479182,1,0.07172977758286521,2.7937333690374104,1.315243354670653,1.4211212494543124
25,DDM,value_scaling_t0,wide,DEoptim,97,1.3922912070378082,1,1.2560499387280122,0.13751377950479182,1,0.07172977758286521,2.7937333690374104,1.315243354670653,1.4211212494543124
25,DDM,value_scaling_t0,wide,DEoptim,98,1.3922912070378082,1,1.2560499387280122,0.13751377950479182,1,0.07172977758286521,2.7937333690374104,1.315243354670653,1.4211212494543124
25,DDM,value_scaling_t0,wide,DEoptim,99,0.9415721728466452,1,1.7031581802293658,0.2864502821442564,1,0.4803569602819741,2.7473242706535346,1.2949319685842455,1.5348058848053203
25,DDM,value_scaling_t0,wide,DEoptim,100,0.9415721728466452,1,1.7031581802293658,0.2864502821442564,1,0.4803569602819741,2.7473242706535346,1.2949319685842455,1.5348058848053203
25,DDM,value_scaling_t0,wide,DEoptim,101,0.9415721728466452,1,1.7031581802293658,0.2864502821442564,1,0.4803569602819741,2.7473242706535346,1.2949319685842455,1.5348058848053203
25,DDM,value_scaling_t0,wide,DEoptim,102,0.9415721728466452,1,1.7031581802293658,0.2864502821442564,1,0.4803569602819741,2.7473242706535346,1.2949319685842455,1.5348058848053203
25,DDM,value_scaling_t0,wide,DEoptim,103,0.9415721728466452,1,1.7031581802293658,0.2864502821442564,1,0.4803569602819741,2.7473242706535346,1.2949319685842455,1.5348058848053203
25,DDM,value_scaling_t0,wide,DEoptim,104,0.9455490293961495,1,1.2191316478605454,0.3163532245192441,1,0.5332007583546801,2.41627047723737,1.4266346606138314,1.4610928959502703
25,DDM,value_scaling_t0,wide,DEoptim,105,0.9455490293961495,1,1.2191316478605454,0.3163532245192441,1,0.5332007583546801,2.41627047723737,1.4266346606138314,1.4610928959502703
25,DDM,value_scaling_t0,wide,DEoptim,106,0.9455490293961495,1,1.2191316478605454,0.3121086437154774,1,0.5332007583546801,2.41627047723737,1.4266346606138314,1.4610928959502703
25,DDM,value_scaling_t0,wide,DEoptim,107,0.9455490293961495,1,1.2191316478605454,0.3121086437154774,1,0.5332007583546801,2.41627047723737,1.4266346606138314,1.4610928959502703
25,DDM,value_scaling_t0,wide,DEoptim,108,0.9455490293961495,1,1.2191316478605454,0.3121086437154774,1,0.5332007583546801,2.41627047723737,1.4266346606138314,1.4610928959502703
25,DDM,value_scaling_t0,wide,DEoptim,109,0.9455490293961495,1,1.2191316478605454,0.3121086437154774,1,0.5332007583546801,2.41627047723737,1.4266346606138314,1.4610928959502703
25,DDM,value_scaling_t0,wide,DEoptim,110,0.9455490293961495,1,1.2191316478605454,0.3121086437154774,1,0.5332007583546801,2.41627047723737,1.4266346606138314,1.4610928959502703
25,DDM,value_scaling_t0,wide,DEoptim,111,0.9415721728466452,1,1.7031581802293658,0.2864502821442564,1,0.4803569602819741,2.7473242706535346,1.3611454594073185,1.5348058848053203
25,DDM,value_scaling_t0,wide,DEoptim,112,0.9415721728466452,1,1.7031581802293658,0.2864502821442564,1,0.4803569602819741,2.7473242706535346,1.3611454594073185,1.5348058848053203
25,DDM,value_scaling_t0,wide,DEoptim,113,0.9455490293961495,1,1.2191316478605454,0.3121086437154774,1,0.5332007583546801,2.41627047723737,1.4266346606138314,1.5284354445253956
25,DDM,value_scaling_t0,wide,DEoptim,114,0.9455490293961495,1,1.2191316478605454,0.3121086437154774,1,0.5332007583546801,2.41627047723737,1.4266346606138314,1.5284354445253956
25,DDM,value_scaling_t0,wide,DEoptim,115,0.9455490293961495,1,1.2191316478605454,0.3121086437154774,1,0.5332007583546801,2.41627047723737,1.4266346606138314,1.5284354445253956
25,DDM,value_scaling_t0,wide,DEoptim,116,0.9415721728466452,1,1.7031581802293658,0.2864502821442564,1,0.4803569602819741,2.7473242706535346,1.399559203598876,1.5113811982006373
25,DDM,value_scaling_t0,wide,DEoptim,117,0.9415721728466452,1,1.7031581802293658,0.2864502821442564,1,0.4803569602819741,2.7473242706535346,1.399559203598876,1.5113811982006373
25,DDM,value_scaling_t0,wide,DEoptim,118,0.9405716972656974,1,1.578801503387961,0.2885204186708652,1,0.48111175450534477,2.763591398805682,1.3094657895417747,1.4704572126117788
25,DDM,value_scaling_t0,wide,DEoptim,119,0.9405716972656974,1,1.578801503387961,0.2885204186708652,1,0.48111175450534477,2.763591398805682,1.3094657895417747,1.4704572126117788
25,DDM,value_scaling_t0,wide,DEoptim,120,0.9405716972656974,1,1.578801503387961,0.2885204186708652,1,0.48111175450534477,2.763591398805682,1.3094657895417747,1.4704572126117788
25,DDM,value_scaling_t0,wide,DEoptim,121,0.9405716972656974,1,1.578801503387961,0.2885204186708652,1,0.48111175450534477,2.763591398805682,1.3094657895417747,1.4704572126117788
25,DDM,value_scaling_t0,wide,DEoptim,122,0.9405716972656974,1,1.578801503387961,0.2885204186708652,1,0.48111175450534477,2.763591398805682,1.3094657895417747,1.4704572126117788
25,DDM,value_scaling_t0,wide,DEoptim,123,0.9405716972656974,1,1.578801503387961,0.2885204186708652,1,0.48111175450534477,2.763591398805682,1.3094657895417747,1.4704572126117788
25,DDM,value_scaling_t0,wide,DEoptim,124,0.9405716972656974,1,1.578801503387961,0.2885204186708652,1,0.48111175450534477,2.763591398805682,1.3094657895417747,1.4704572126117788
25,DDM,value_scaling_t0,wide,DEoptim,125,0.9405716972656974,1,1.578801503387961,0.2885204186708652,1,0.48111175450534477,2.763591398805682,1.3094657895417747,1.4704572126117788
25,DDM,value_scaling_t0,wide,DEoptim,126,0.9405716972656974,1,1.578801503387961,0.2885204186708652,1,0.48111175450534477,2.763591398805682,1.3094657895417747,1.4704572126117788
25,DDM,value_scaling_t0,wide,DEoptim,127,0.9405716972656974,1,1.578801503387961,0.2885204186708652,1,0.48111175450534477,2.763591398805682,1.3094657895417747,1.4704572126117788
25,DDM,value_scaling_t0,wide,DEoptim,128,0.9405716972656974,1,1.578801503387961,0.2885204186708652,1,0.48111175450534477,2.763591398805682,1.3094657895417747,1.4704572126117788
25,DDM,value_scaling_t0,wide,DEoptim,129,0.9405716972656974,1,1.578801503387961,0.2885204186708652,1,0.48111175450534477,2.763591398805682,1.3094657895417747,1.4704572126117788
25,DDM,value_scaling_t0,wide,DEoptim,130,0.9405716972656974,1,1.578801503387961,0.2885204186708652,1,0.48111175450534477,2.763591398805682,1.3094657895417747,1.4704572126117788
25,DDM,value_scaling_t0,wide,DEoptim,131,0.9455490293961495,1,1.2191316478605454,0.3121086437154774,1,0.5332007583546801,2.5120696108509093,1.4266346606138314,1.49982730229267
25,DDM,value_scaling_t0,wide,DEoptim,132,0.9455490293961495,1,1.2191316478605454,0.3121086437154774,1,0.5332007583546801,2.5120696108509093,1.4266346606138314,1.49982730229267
25,DDM,value_scaling_t0,wide,DEoptim,133,0.9455490293961495,1,1.2191316478605454,0.3121086437154774,1,0.5332007583546801,2.5120696108509093,1.4266346606138314,1.49982730229267
25,DDM,value_scaling_t0,wide,DEoptim,134,0.9455490293961495,1,1.2191316478605454,0.3121086437154774,1,0.5332007583546801,2.5120696108509093,1.4266346606138314,1.49982730229267
25,DDM,value_scaling_t0,wide,DEoptim,135,0.9455490293961495,1,1.2191316478605454,0.3121086437154774,1,0.5332007583546801,2.5120696108509093,1.4266346606138314,1.49982730229267
25,DDM,value_scaling_t0,wide,DEoptim,136,0.9455490293961495,1,1.2191316478605454,0.3121086437154774,1,0.5332007583546801,2.567411074118758,1.4266346606138314,1.49982730229267
25,DDM,value_scaling_t0,wide,DEoptim,137,0.9455490293961495,1,1.2191316478605454,0.3121086437154774,1,0.5332007583546801,2.567411074118758,1.4266346606138314,1.49982730229267
25,DDM,value_scaling_t0,wide,DEoptim,138,0.9455490293961495,1,1.2191316478605454,0.3121086437154774,1,0.5332007583546801,2.567411074118758,1.4266346606138314,1.49982730229267
25,DDM,value_scaling_t0,wide,DEoptim,139,0.9455490293961495,1,1.2191316478605454,0.3121086437154774,1,0.5332007583546801,2.567411074118758,1.4266346606138314,1.49982730229267
25,DDM,value_scaling_t0,wide,DEoptim,140,0.9455490293961495,1,1.2191316478605454,0.3121086437154774,1,0.5332007583546801,2.567411074118758,1.4266346606138314,1.49982730229267
25,DDM,value_scaling_t0,wide,DEoptim,141,0.9455490293961495,1,1.2191316478605454,0.3121086437154774,1,0.5332007583546801,2.567411074118758,1.4266346606138314,1.49982730229267
25,DDM,value_scaling_t0,wide,DEoptim,142,0.9455490293961495,1,1.2191316478605454,0.3121086437154774,1,0.5332007583546801,2.567411074118758,1.4266346606138314,1.49982730229267
25,DDM,value_scaling_t0,wide,DEoptim,143,0.9455490293961495,1,1.2191316478605454,0.3121086437154774,1,0.5332007583546801,2.567411074118758,1.4266346606138314,1.49982730229267
25,DDM,value_scaling_t0,wide,DEoptim,144,0.9455490293961495,1,1.2191316478605454,0.3121086437154774,1,0.5332007583546801,2.567411074118758,1.4266346606138314,1.49982730229267
25,DDM,value_scaling_t0,wide,DEoptim,145,0.9998315942077638,1,1.2307827929778887,0.25811439261166136,1,0.4377623045071376,2.7376381612724483,1.3840302698039162,1.432858578049231
25,DDM,value_scaling_t0,wide,DEoptim,146,0.9998315942077638,1,1.2307827929778887,0.25811439261166136,1,0.4377623045071376,2.7376381612724483,1.3840302698039162,1.432858578049231
25,DDM,value_scaling_t0,wide,DEoptim,147,0.9998315942077638,1,1.2307827929778887,0.25811439261166136,1,0.4377623045071376,2.7376381612724483,1.3840302698039162,1.432858578049231
25,DDM,value_scaling_t0,wide,DEoptim,148,0.9998315942077638,1,1.2307827929778887,0.25811439261166136,1,0.4377623045071376,2.7376381612724483,1.3840302698039162,1.432858578049231
25,DDM,value_scaling_t0,wide,DEoptim,149,0.9998315942077638,1,1.2307827929778887,0.25811439261166136,1,0.4377623045071376,2.7376381612724483,1.3840302698039162,1.432858578049231
25,DDM,value_scaling_t0,wide,DEoptim,150,0.9998315942077638,1,1.2307827929778887,0.25811439261166136,1,0.4377623045071376,2.7376381612724483,1.3840302698039162,1.432858578049231
25,DDM,value_scaling_t0,wide,DEoptim,151,0.9998315942077638,1,1.2307827929778887,0.25811439261166136,1,0.4377623045071376,2.7376381612724483,1.3840302698039162,1.432858578049231
25,DDM,value_scaling_t0,wide,DEoptim,152,0.9998315942077638,1,1.2307827929778887,0.25811439261166136,1,0.4377623045071376,2.7376381612724483,1.3840302698039162,1.432858578049231
25,DDM,value_scaling_t0,wide,DEoptim,153,0.9998315942077638,1,1.2307827929778887,0.25811439261166136,1,0.4377623045071376,2.7376381612724483,1.3840302698039162,1.432858578049231
25,DDM,value_scaling_t0,wide,DEoptim,154,0.9998315942077638,1,1.2307827929778887,0.25811439261166136,1,0.4377623045071376,2.7376381612724483,1.3840302698039162,1.432858578049231
25,DDM,value_scaling_t0,wide,DEoptim,155,0.9998315942077638,1,1.2307827929778887,0.25811439261166136,1,0.4377623045071376,2.7376381612724483,1.3840302698039162,1.432858578049231
25,DDM,value_scaling_t0,wide,DEoptim,156,0.9998315942077638,1,1.2307827929778887,0.25811439261166136,1,0.4377623045071376,2.7376381612724483,1.3840302698039162,1.432858578049231
25,DDM,value_scaling_t0,wide,DEoptim,157,0.9998315942077638,1,1.2307827929778887,0.25811439261166136,1,0.4377623045071376,2.7376381612724483,1.3840302698039162,1.432858578049231
25,DDM,value_scaling_t0,wide,DEoptim,158,0.9998315942077638,1,1.2307827929778887,0.25811439261166136,1,0.4377623045071376,2.7376381612724483,1.3840302698039162,1.432858578049231
25,DDM,value_scaling_t0,wide,DEoptim,159,0.9998315942077638,1,1.2307827929778887,0.25811439261166136,1,0.4377623045071376,2.7376381612724483,1.3840302698039162,1.432858578049231
25,DDM,value_scaling_t0,wide,DEoptim,160,0.9998315942077638,1,1.2307827929778887,0.25811439261166136,1,0.4377623045071376,2.7376381612724483,1.3840302698039162,1.432858578049231
25,DDM,value_scaling_t0,wide,DEoptim,161,0.9998315942077638,1,1.2307827929778887,0.25811439261166136,1,0.4377623045071376,2.7376381612724483,1.3840302698039162,1.432858578049231
25,DDM,value_scaling_t0,wide,DEoptim,162,0.9998315942077638,1,1.2307827929778887,0.25811439261166136,1,0.4377623045071376,2.7376381612724483,1.3840302698039162,1.432858578049231
25,DDM,value_scaling_t0,wide,DEoptim,163,0.9998315942077638,1,1.2307827929778887,0.25811439261166136,1,0.4377623045071376,2.7376381612724483,1.3840302698039162,1.432858578049231
25,DDM,value_scaling_t0,wide,DEoptim,164,0.9998315942077638,1,1.2307827929778887,0.25811439261166136,1,0.4377623045071376,2.7376381612724483,1.3840302698039162,1.432858578049231
25,DDM,value_scaling_t0,wide,DEoptim,165,0.9998315942077638,1,1.2307827929778887,0.25811439261166136,1,0.4377623045071376,2.7376381612724483,1.3840302698039162,1.432858578049231
25,DDM,value_scaling_t0,wide,DEoptim,166,0.9998315942077638,1,1.2307827929778887,0.25811439261166136,1,0.4377623045071376,2.7376381612724483,1.3840302698039162,1.432858578049231
25,DDM,value_scaling_t0,wide,DEoptim,167,0.9998315942077638,1,1.2307827929778887,0.25811439261166136,1,0.4377623045071376,2.7376381612724483,1.3840302698039162,1.432858578049231
25,DDM,value_scaling_t0,wide,DEoptim,168,0.9998315942077638,1,1.2307827929778887,0.25811439261166136,1,0.4377623045071376,2.7376381612724483,1.3840302698039162,1.432858578049231
25,DDM,value_scaling_t0,wide,DEoptim,169,0.9998315942077638,1,1.2307827929778887,0.25811439261166136,1,0.4377623045071376,2.681229650091441,1.3692524390922034,1.4509242463710652
25,DDM,value_scaling_t0,wide,DEoptim,170,0.9998315942077638,1,1.2307827929778887,0.25811439261166136,1,0.4377623045071376,2.681229650091441,1.3692524390922034,1.4509242463710652
25,DDM,value_scaling_t0,wide,DEoptim,171,0.9998315942077638,1,1.2307827929778887,0.25811439261166136,1,0.4377623045071376,2.681229650091441,1.3692524390922034,1.4509242463710652
25,DDM,value_scaling_t0,wide,DEoptim,172,0.9998315942077638,1,1.2307827929778887,0.25811439261166136,1,0.4377623045071376,2.681229650091441,1.3692524390922034,1.4509242463710652
25,DDM,value_scaling_t0,wide,DEoptim,173,0.9998315942077638,1,1.2603174256718621,0.25811439261166136,1,0.4377623045071376,2.681229650091441,1.3692524390922034,1.4509242463710652
25,DDM,value_scaling_t0,wide,DEoptim,174,0.9998315942077638,1,1.2603174256718621,0.25811439261166136,1,0.4377623045071376,2.681229650091441,1.3692524390922034,1.4509242463710652
25,DDM,value_scaling_t0,wide,DEoptim,175,0.9998315942077638,1,1.2603174256718621,0.25811439261166136,1,0.4377623045071376,2.681229650091441,1.3692524390922034,1.4509242463710652
25,DDM,value_scaling_t0,wide,DEoptim,176,0.9998315942077638,1,1.2603174256718621,0.25811439261166136,1,0.4377623045071376,2.681229650091441,1.3692524390922034,1.4509242463710652
25,DDM,value_scaling_t0,wide,DEoptim,177,0.9962120032050432,1,1.315501361570987,0.3105392111644618,1,0.464636620104408,2.6352298666193494,1.3661822984234815,1.4881363256721696
25,DDM,value_scaling_t0,wide,DEoptim,178,0.9962120032050432,1,1.315501361570987,0.3105392111644618,1,0.464636620104408,2.6352298666193494,1.3661822984234815,1.4881363256721696
25,DDM,value_scaling_t0,wide,DEoptim,179,0.9962120032050432,1,1.315501361570987,0.3105392111644618,1,0.464636620104408,2.6352298666193494,1.3661822984234815,1.4881363256721696
25,DDM,value_scaling_t0,wide,DEoptim,180,0.9962120032050432,1,1.315501361570987,0.3105392111644618,1,0.464636620104408,2.6352298666193494,1.3661822984234815,1.4881363256721696
25,DDM,value_scaling_t0,wide,DEoptim,181,0.9962120032050432,1,1.315501361570987,0.3105392111644618,1,0.464636620104408,2.6352298666193494,1.3661822984234815,1.4881363256721696
25,DDM,value_scaling_t0,wide,DEoptim,182,0.9962120032050432,1,1.315501361570987,0.3105392111644618,1,0.464636620104408,2.6352298666193494,1.3661822984234815,1.4881363256721696
25,DDM,value_scaling_t0,wide,DEoptim,183,0.9962120032050432,1,1.315501361570987,0.3105392111644618,1,0.464636620104408,2.6352298666193494,1.3661822984234815,1.4881363256721696
25,DDM,value_scaling_t0,wide,DEoptim,184,0.9962120032050432,1,1.315501361570987,0.3105392111644618,1,0.464636620104408,2.6352298666193494,1.3661822984234815,1.4881363256721696
25,DDM,value_scaling_t0,wide,DEoptim,185,0.9962120032050432,1,1.315501361570987,0.3105392111644618,1,0.464636620104408,2.6352298666193494,1.3661822984234815,1.4881363256721696
25,DDM,value_scaling_t0,wide,DEoptim,186,0.9962120032050432,1,1.315501361570987,0.3105392111644618,1,0.464636620104408,2.6352298666193494,1.3661822984234815,1.4881363256721696
25,DDM,value_scaling_t0,wide,DEoptim,187,0.9962120032050432,1,1.315501361570987,0.3105392111644618,1,0.464636620104408,2.6352298666193494,1.3661822984234815,1.4881363256721696
25,DDM,value_scaling_t0,wide,DEoptim,188,0.9962120032050432,1,1.315501361570987,0.3105392111644618,1,0.464636620104408,2.6352298666193494,1.3661822984234815,1.4881363256721696
25,DDM,value_scaling_t0,wide,DEoptim,189,0.9962120032050432,1,1.315501361570987,0.3105392111644618,1,0.464636620104408,2.6587881213086275,1.3661822984234815,1.4881363256721696
25,DDM,value_scaling_t0,wide,DEoptim,190,0.9962120032050432,1,1.315501361570987,0.3105392111644618,1,0.464636620104408,2.685961681221851,1.3661822984234815,1.4881363256721696
25,DDM,value_scaling_t0,wide,DEoptim,191,0.9962120032050432,1,1.315501361570987,0.3105392111644618,1,0.464636620104408,2.685961681221851,1.3661822984234815,1.4881363256721696
25,DDM,value_scaling_t0,wide,DEoptim,192,0.9962120032050432,1,1.315501361570987,0.3105392111644618,1,0.464636620104408,2.685961681221851,1.3661822984234815,1.4881363256721696
25,DDM,value_scaling_t0,wide,DEoptim,193,1.049099076099666,1,1.329987702610782,0.23860104532147425,1,0.3393441524548091,2.6340473653627905,1.3725740787845369,1.4718489306056697
25,DDM,value_scaling_t0,wide,DEoptim,194,1.049099076099666,1,1.329987702610782,0.23860104532147425,1,0.3393441524548091,2.6340473653627905,1.3725740787845369,1.4718489306056697
25,DDM,value_scaling_t0,wide,DEoptim,195,1.049099076099666,1,1.329987702610782,0.23860104532147425,1,0.3393441524548091,2.6340473653627905,1.3725740787845369,1.4718489306056697
25,DDM,value_scaling_t0,wide,DEoptim,196,1.049099076099666,1,1.329987702610782,0.23860104532147425,1,0.3393441524548091,2.6340473653627905,1.3725740787845369,1.4718489306056697
25,DDM,value_scaling_t0,wide,DEoptim,197,1.049099076099666,1,1.329987702610782,0.23860104532147425,1,0.3393441524548091,2.6340473653627905,1.3725740787845369,1.4718489306056697
25,DDM,value_scaling_t0,wide,DEoptim,198,1.049099076099666,1,1.329987702610782,0.23860104532147425,1,0.3393441524548091,2.6340473653627905,1.3725740787845369,1.4718489306056697
25,DDM,value_scaling_t0,wide,DEoptim,199,1.049099076099666,1,1.329987702610782,0.23860104532147425,1,0.3393441524548091,2.7315835855331283,1.3546863491473857,1.4718489306056697
25,DDM,value_scaling_t0,wide,DEoptim,200,1.049099076099666,1,1.329987702610782,0.23860104532147425,1,0.3393441524548091,2.7315835855331283,1.3546863491473857,1.4718489306056697
25,DDM,value_scaling_t0,wide,DEoptim,201,1.049099076099666,1,1.329987702610782,0.23860104532147425,1,0.3393441524548091,2.7315835855331283,1.3546863491473857,1.4718489306056697
25,DDM,value_scaling_t0,wide,DEoptim,202,1.049099076099666,1,1.329987702610782,0.23860104532147425,1,0.3393441524548091,2.7315835855331283,1.3546863491473857,1.4718489306056697
25,DDM,value_scaling_t0,wide,DEoptim,203,1.049099076099666,1,1.329987702610782,0.23860104532147425,1,0.3393441524548091,2.7315835855331283,1.3546863491473857,1.4718489306056697
25,DDM,value_scaling_t0,wide,DEoptim,204,1.049099076099666,1,1.329987702610782,0.23860104532147425,1,0.3393441524548091,2.7315835855331283,1.3546863491473857,1.4718489306056697
25,DDM,value_scaling_t0,wide,DEoptim,205,1.049099076099666,1,1.329987702610782,0.23860104532147425,1,0.3393441524548091,2.7315835855331283,1.3546863491473857,1.4718489306056697
25,DDM,value_scaling_t0,wide,DEoptim,206,1.049099076099666,1,1.329987702610782,0.23860104532147425,1,0.3393441524548091,2.7315835855331283,1.3546863491473857,1.4718489306056697
25,DDM,value_scaling_t0,wide,DEoptim,207,1.049099076099666,1,1.329987702610782,0.23860104532147425,1,0.3393441524548091,2.7315835855331283,1.3546863491473857,1.4718489306056697
25,DDM,value_scaling_t0,wide,DEoptim,208,1.049099076099666,1,1.329987702610782,0.23860104532147425,1,0.3393441524548091,2.7315835855331283,1.3546863491473857,1.4718489306056697
25,DDM,value_scaling_t0,wide,DEoptim,209,1.049099076099666,1,1.329987702610782,0.23860104532147425,1,0.3393441524548091,2.7315835855331283,1.3546863491473857,1.4718489306056697
25,DDM,value_scaling_t0,wide,DEoptim,210,1.049099076099666,1,1.329987702610782,0.23860104532147425,1,0.3393441524548091,2.7315835855331283,1.3839998211197517,1.4718489306056697
25,DDM,value_scaling_t0,wide,DEoptim,211,1.049099076099666,1,1.329987702610782,0.23860104532147425,1,0.3393441524548091,2.7315835855331283,1.3839998211197517,1.4718489306056697
25,DDM,value_scaling_t0,wide,DEoptim,212,1.049099076099666,1,1.329987702610782,0.23860104532147425,1,0.3393441524548091,2.7315835855331283,1.3839998211197517,1.4718489306056697
25,DDM,value_scaling_t0,wide,DEoptim,213,1.049099076099666,1,1.329987702610782,0.23860104532147425,1,0.3393441524548091,2.7315835855331283,1.3839998211197517,1.4718489306056697
25,DDM,value_scaling_t0,wide,DEoptim,214,1.049099076099666,1,1.329987702610782,0.23860104532147425,1,0.3393441524548091,2.7315835855331283,1.3839998211197517,1.4718489306056697
25,DDM,value_scaling_t0,wide,DEoptim,215,1.049099076099666,1,1.329987702610782,0.23860104532147425,1,0.3393441524548091,2.7315835855331283,1.3839998211197517,1.4718489306056697
25,DDM,value_scaling_t0,wide,DEoptim,216,1.049099076099666,1,1.329987702610782,0.23860104532147425,1,0.3393441524548091,2.7315835855331283,1.3839998211197517,1.4718489306056697
25,DDM,value_scaling_t0,wide,DEoptim,217,1.049099076099666,1,1.329987702610782,0.23860104532147425,1,0.3393441524548091,2.7315835855331283,1.3839998211197517,1.4718489306056697
25,DDM,value_scaling_t0,wide,DEoptim,218,1.049099076099666,1,1.329987702610782,0.23860104532147425,1,0.3393441524548091,2.7315835855331283,1.3839998211197517,1.4718489306056697
25,DDM,value_scaling_t0,wide,DEoptim,219,1.049099076099666,1,1.329987702610782,0.23860104532147425,1,0.3393441524548091,2.7315835855331283,1.3839998211197517,1.4718489306056697
25,DDM,value_scaling_t0,wide,DEoptim,220,1.049099076099666,1,1.329987702610782,0.23860104532147425,1,0.3393441524548091,2.7315835855331283,1.3839998211197517,1.4718489306056697
25,DDM,value_scaling_t0,wide,DEoptim,221,1.049099076099666,1,1.329987702610782,0.23860104532147425,1,0.3393441524548091,2.7315835855331283,1.3839998211197517,1.4718489306056697
25,DDM,value_scaling_t0,wide,DEoptim,222,1.049099076099666,1,1.329987702610782,0.23860104532147425,1,0.3393441524548091,2.7146929621000937,1.3706956711177487,1.4718489306056697
25,DDM,value_scaling_t0,wide,DEoptim,223,1.049099076099666,1,1.329987702610782,0.23860104532147425,1,0.3393441524548091,2.7146929621000937,1.3706956711177487,1.4718489306056697
25,DDM,value_scaling_t0,wide,DEoptim,224,1.053312358682018,1,1.2451352063275667,0.25148438977127646,1,0.3633991899710837,2.726932855435478,1.3644397690385612,1.4808112232566293
25,DDM,value_scaling_t0,wide,DEoptim,225,1.053312358682018,1,1.2451352063275667,0.25148438977127646,1,0.3633991899710837,2.726932855435478,1.3644397690385612,1.4808112232566293
25,DDM,value_scaling_t0,wide,DEoptim,226,1.053312358682018,1,1.2451352063275667,0.25148438977127646,1,0.3633991899710837,2.726932855435478,1.3644397690385612,1.4808112232566293
25,DDM,value_scaling_t0,wide,DEoptim,227,1.053312358682018,1,1.2451352063275667,0.25148438977127646,1,0.3633991899710837,2.726932855435478,1.3644397690385612,1.4808112232566293
25,DDM,value_scaling_t0,wide,DEoptim,228,1.053312358682018,1,1.2451352063275667,0.25148438977127646,1,0.3633991899710837,2.726932855435478,1.3644397690385612,1.4808112232566293
25,DDM,value_scaling_t0,wide,DEoptim,229,1.053312358682018,1,1.2451352063275667,0.25148438977127646,1,0.3633991899710837,2.726932855435478,1.3644397690385612,1.4808112232566293
25,DDM,value_scaling_t0,wide,DEoptim,230,1.053312358682018,1,1.2451352063275667,0.25148438977127646,1,0.3633991899710837,2.740029319793992,1.3644397690385612,1.4808112232566293
25,DDM,value_scaling_t0,wide,DEoptim,231,1.053312358682018,1,1.2451352063275667,0.25148438977127646,1,0.3633991899710837,2.740029319793992,1.3644397690385612,1.4808112232566293
25,DDM,value_scaling_t0,wide,DEoptim,232,1.053312358682018,1,1.2451352063275667,0.25148438977127646,1,0.3633991899710837,2.740029319793992,1.3644397690385612,1.4808112232566293
25,DDM,value_scaling_t0,wide,DEoptim,233,1.053312358682018,1,1.2451352063275667,0.25148438977127646,1,0.3633991899710837,2.740029319793992,1.3644397690385612,1.4808112232566293
25,DDM,value_scaling_t0,wide,DEoptim,234,1.053312358682018,1,1.2451352063275667,0.25148438977127646,1,0.3633991899710837,2.740029319793992,1.3644397690385612,1.4808112232566293
25,DDM,value_scaling_t0,wide,DEoptim,235,1.053312358682018,1,1.2451352063275667,0.25148438977127646,1,0.3633991899710837,2.740029319793992,1.3644397690385612,1.4788100314745543
25,DDM,value_scaling_t0,wide,DEoptim,236,1.053312358682018,1,1.2451352063275667,0.25148438977127646,1,0.3633991899710837,2.740029319793992,1.3644397690385612,1.4788100314745543
25,DDM,value_scaling_t0,wide,DEoptim,237,1.053312358682018,1,1.2451352063275667,0.25148438977127646,1,0.3633991899710837,2.740029319793992,1.3644397690385612,1.4788100314745543
25,DDM,value_scaling_t0,wide,DEoptim,238,1.053312358682018,1,1.2451352063275667,0.25148438977127646,1,0.3633991899710837,2.740029319793992,1.3644397690385612,1.4788100314745543
25,DDM,value_scaling_t0,wide,DEoptim,239,1.053312358682018,1,1.2451352063275667,0.25148438977127646,1,0.3633991899710837,2.740029319793992,1.3644397690385612,1.4788100314745543
25,DDM,value_scaling_t0,wide,DEoptim,240,1.053312358682018,1,1.2451352063275667,0.25148438977127646,1,0.3633991899710837,2.740029319793992,1.3644397690385612,1.4788100314745543
25,DDM,value_scaling_t0,wide,DEoptim,241,1.053312358682018,1,1.2451352063275667,0.25148438977127646,1,0.3633991899710837,2.740029319793992,1.3644397690385612,1.4788100314745543
25,DDM,value_scaling_t0,wide,DEoptim,242,1.053312358682018,1,1.2451352063275667,0.25148438977127646,1,0.3633991899710837,2.740029319793992,1.3644397690385612,1.4788100314745543
25,DDM,value_scaling_t0,wide,DEoptim,243,1.053312358682018,1,1.2451352063275667,0.25148438977127646,1,0.3633991899710837,2.740029319793992,1.3644397690385612,1.4788100314745543
25,DDM,value_scaling_t0,wide,DEoptim,244,1.053312358682018,1,1.2451352063275667,0.25148438977127646,1,0.3633991899710837,2.740029319793992,1.3644397690385612,1.4788100314745543
25,DDM,value_scaling_t0,wide,DEoptim,245,1.053312358682018,1,1.2451352063275667,0.25148438977127646,1,0.3633991899710837,2.740029319793992,1.3644397690385612,1.4788100314745543
25,DDM,value_scaling_t0,wide,DEoptim,246,1.053312358682018,1,1.2451352063275667,0.25148438977127646,1,0.3633991899710837,2.740029319793992,1.3644397690385612,1.4788100314745543
25,DDM,value_scaling_t0,wide,DEoptim,247,1.053312358682018,1,1.2451352063275667,0.25148438977127646,1,0.3633991899710837,2.740029319793992,1.3644397690385612,1.4788100314745543
25,DDM,value_scaling_t0,wide,DEoptim,248,1.053312358682018,1,1.2451352063275667,0.25148438977127646,1,0.3633991899710837,2.740029319793992,1.3644397690385612,1.4788100314745543
25,DDM,value_scaling_t0,wide,DEoptim,249,1.053312358682018,1,1.2451352063275667,0.25148438977127646,1,0.3633991899710837,2.740029319793992,1.3644397690385612,1.4788100314745543
25,DDM,value_scaling_t0,wide,DEoptim,250,1.053312358682018,1,1.2451352063275667,0.25148438977127646,1,0.3633991899710837,2.740029319793992,1.3644397690385612,1.4788100314745543
25,DDM,value_scaling_t0,wide,DEoptim,251,1.053312358682018,1,1.2451352063275667,0.25148438977127646,1,0.3633991899710837,2.740029319793992,1.3644397690385612,1.4788100314745543
25,DDM,value_scaling_t0,wide,DEoptim,252,1.053312358682018,1,1.2451352063275667,0.25148438977127646,1,0.3633991899710837,2.740029319793992,1.3644397690385612,1.4788100314745543
25,DDM,value_scaling_t0,wide,DEoptim,253,1.053312358682018,1,1.2451352063275667,0.25148438977127646,1,0.3633991899710837,2.740029319793992,1.3644397690385612,1.4788100314745543
25,DDM,value_scaling_t0,wide,DEoptim,254,1.053312358682018,1,1.2451352063275667,0.25148438977127646,1,0.3633991899710837,2.740029319793992,1.3644397690385612,1.4788100314745543
25,DDM,value_scaling_t0,wide,DEoptim,255,1.053312358682018,1,1.2451352063275667,0.25148438977127646,1,0.3633991899710837,2.740029319793992,1.3644397690385612,1.4788100314745543
25,DDM,value_scaling_t0,wide,DEoptim,256,1.053312358682018,1,1.2451352063275667,0.25148438977127646,1,0.3633991899710837,2.740029319793992,1.3644397690385612,1.4788100314745543
25,DDM,value_scaling_t0,wide,DEoptim,257,1.053312358682018,1,1.2451352063275667,0.25148438977127646,1,0.3633991899710837,2.740029319793992,1.3644397690385612,1.4788100314745543
25,DDM,value_scaling_t0,wide,DEoptim,258,1.053312358682018,1,1.2451352063275667,0.25148438977127646,1,0.3633991899710837,2.740029319793992,1.3644397690385612,1.4788100314745543
25,DDM,value_scaling_t0,wide,DEoptim,259,1.053312358682018,1,1.2451352063275667,0.25148438977127646,1,0.3633991899710837,2.740029319793992,1.3644397690385612,1.4788100314745543
25,DDM,value_scaling_t0,wide,DEoptim,260,1.053312358682018,1,1.2451352063275667,0.25148438977127646,1,0.3633991899710837,2.740029319793992,1.3644397690385612,1.4788100314745543
25,DDM,value_scaling_t0,wide,DEoptim,261,1.053312358682018,1,1.2451352063275667,0.25148438977127646,1,0.3633991899710837,2.740029319793992,1.3644397690385612,1.4788100314745543
25,DDM,value_scaling_t0,wide,DEoptim,262,1.053312358682018,1,1.2451352063275667,0.25148438977127646,1,0.3633991899710837,2.740029319793992,1.3644397690385612,1.4788100314745543
25,DDM,value_scaling_t0,wide,DEoptim,263,1.053312358682018,1,1.2451352063275667,0.25148438977127646,1,0.3633991899710837,2.6959638733902245,1.377701694355708,1.4788100314745543
25,DDM,value_scaling_t0,wide,DEoptim,264,1.053312358682018,1,1.2451352063275667,0.25148438977127646,1,0.3633991899710837,2.6959638733902245,1.377701694355708,1.4788100314745543
25,DDM,value_scaling_t0,wide,DEoptim,265,1.053312358682018,1,1.2451352063275667,0.25148438977127646,1,0.3633991899710837,2.6959638733902245,1.377701694355708,1.4788100314745543
25,DDM,value_scaling_t0,wide,DEoptim,266,1.0508745571259217,1,1.329987702610782,0.23860104532147425,1,0.3393441524548091,2.7146929621000937,1.3828579533615786,1.4786056249960031
25,DDM,value_scaling_t0,wide,DEoptim,267,1.0508745571259217,1,1.329987702610782,0.23860104532147425,1,0.3393441524548091,2.7146929621000937,1.3828579533615786,1.4786056249960031
25,DDM,value_scaling_t0,wide,DEoptim,268,1.0508745571259217,1,1.329987702610782,0.23860104532147425,1,0.3393441524548091,2.7146929621000937,1.3828579533615786,1.4786056249960031
25,DDM,value_scaling_t0,wide,DEoptim,269,1.0508745571259217,1,1.329987702610782,0.23860104532147425,1,0.3393441524548091,2.7146929621000937,1.3828579533615786,1.4786056249960031
25,DDM,value_scaling_t0,wide,DEoptim,270,1.0508745571259217,1,1.329987702610782,0.23860104532147425,1,0.3393441524548091,2.7146929621000937,1.3828579533615786,1.4786056249960031
25,DDM,value_scaling_t0,wide,DEoptim,271,1.0508745571259217,1,1.329987702610782,0.23860104532147425,1,0.3393441524548091,2.7146929621000937,1.3828579533615786,1.4786056249960031
25,DDM,value_scaling_t0,wide,DEoptim,272,1.0508745571259217,1,1.329987702610782,0.23860104532147425,1,0.3393441524548091,2.7146929621000937,1.3828579533615786,1.4786056249960031
25,DDM,value_scaling_t0,wide,DEoptim,273,1.0508745571259217,1,1.329987702610782,0.23860104532147425,1,0.3393441524548091,2.7146929621000937,1.3828579533615786,1.4786056249960031
25,DDM,value_scaling_t0,wide,DEoptim,274,1.0508745571259217,1,1.329987702610782,0.23860104532147425,1,0.3393441524548091,2.7146929621000937,1.3828579533615786,1.4786056249960031
25,DDM,value_scaling_t0,wide,DEoptim,275,1.0508745571259217,1,1.3518735692152588,0.23860104532147425,1,0.3393441524548091,2.7146929621000937,1.3828579533615786,1.4786056249960031
25,DDM,value_scaling_t0,wide,DEoptim,276,1.0508745571259217,1,1.3518735692152588,0.23860104532147425,1,0.3393441524548091,2.7146929621000937,1.3828579533615786,1.4786056249960031
25,DDM,value_scaling_t0,wide,DEoptim,277,1.0508745571259217,1,1.3518735692152588,0.23860104532147425,1,0.3393441524548091,2.7146929621000937,1.3828579533615786,1.4786056249960031
25,DDM,value_scaling_t0,wide,DEoptim,278,1.0508745571259217,1,1.3518735692152588,0.23860104532147425,1,0.3393441524548091,2.7146929621000937,1.3828579533615786,1.4786056249960031
25,DDM,value_scaling_t0,wide,DEoptim,279,1.0508745571259217,1,1.3518735692152588,0.23860104532147425,1,0.3393441524548091,2.7146929621000937,1.3828579533615786,1.4786056249960031
25,DDM,value_scaling_t0,wide,DEoptim,280,1.0508745571259217,1,1.3518735692152588,0.23860104532147425,1,0.3393441524548091,2.7146929621000937,1.3828579533615786,1.4786056249960031
25,DDM,value_scaling_t0,wide,DEoptim,281,1.0508745571259217,1,1.3518735692152588,0.23860104532147425,1,0.3393441524548091,2.7146929621000937,1.3828579533615786,1.4786056249960031
25,DDM,value_scaling_t0,wide,DEoptim,282,1.0508745571259217,1,1.3518735692152588,0.23860104532147425,1,0.3393441524548091,2.7146929621000937,1.3828579533615786,1.4786056249960031
25,DDM,value_scaling_t0,wide,DEoptim,283,1.0508745571259217,1,1.3518735692152588,0.23860104532147425,1,0.3393441524548091,2.7146929621000937,1.3828579533615786,1.4786056249960031
25,DDM,value_scaling_t0,wide,DEoptim,284,1.0512023094071652,1,1.3427263861236944,0.2577118505695404,1,0.3589373577145317,2.644296765213118,1.3878338696708705,1.490869129959578
25,DDM,value_scaling_t0,wide,DEoptim,285,1.0512023094071652,1,1.3427263861236944,0.2577118505695404,1,0.3589373577145317,2.644296765213118,1.3878338696708705,1.490869129959578
25,DDM,value_scaling_t0,wide,DEoptim,286,1.0512023094071652,1,1.3427263861236944,0.2577118505695404,1,0.3589373577145317,2.644296765213118,1.3878338696708705,1.490869129959578
25,DDM,value_scaling_t0,wide,DEoptim,287,1.0512023094071652,1,1.3427263861236944,0.2577118505695404,1,0.3589373577145317,2.644296765213118,1.3878338696708705,1.490869129959578
25,DDM,value_scaling_t0,wide,DEoptim,288,1.0512023094071652,1,1.3427263861236944,0.2577118505695404,1,0.3589373577145317,2.644296765213118,1.3878338696708705,1.490869129959578
25,DDM,value_scaling_t0,wide,DEoptim,289,1.0512023094071652,1,1.3427263861236944,0.2577118505695404,1,0.3589373577145317,2.644296765213118,1.3878338696708705,1.490869129959578
25,DDM,value_scaling_t0,wide,DEoptim,290,1.0512023094071652,1,1.3427263861236944,0.2577118505695404,1,0.3589373577145317,2.644296765213118,1.3878338696708705,1.490869129959578
25,DDM,value_scaling_t0,wide,DEoptim,291,1.0512023094071652,1,1.3427263861236944,0.2577118505695404,1,0.3589373577145317,2.644296765213118,1.3878338696708705,1.490869129959578
25,DDM,value_scaling_t0,wide,DEoptim,292,1.0512023094071652,1,1.3427263861236944,0.2577118505695404,1,0.3589373577145317,2.644296765213118,1.3878338696708705,1.490869129959578
25,DDM,value_scaling_t0,wide,DEoptim,293,1.0512023094071652,1,1.3427263861236944,0.2577118505695404,1,0.3589373577145317,2.644296765213118,1.3878338696708705,1.490869129959578
25,DDM,value_scaling_t0,wide,DEoptim,294,1.0512023094071652,1,1.3427263861236944,0.2577118505695404,1,0.3589373577145317,2.644296765213118,1.3878338696708705,1.490869129959578
25,DDM,value_scaling_t0,wide,DEoptim,295,1.0512023094071652,1,1.3427263861236944,0.2577118505695404,1,0.3589373577145317,2.644296765213118,1.3878338696708705,1.490869129959578
25,DDM,value_scaling_t0,wide,DEoptim,296,1.0512023094071652,1,1.3427263861236944,0.2577118505695404,1,0.3589373577145317,2.644296765213118,1.3878338696708705,1.490869129959578
25,DDM,value_scaling_t0,wide,DEoptim,297,1.0512023094071652,1,1.3427263861236944,0.2577118505695404,1,0.3589373577145317,2.644296765213118,1.3878338696708705,1.490869129959578
25,DDM,value_scaling_t0,wide,DEoptim,298,1.0512023094071652,1,1.3427263861236944,0.2577118505695404,1,0.3589373577145317,2.644296765213118,1.3878338696708705,1.490869129959578
25,DDM,value_scaling_t0,wide,DEoptim,299,1.0512023094071652,1,1.3427263861236944,0.2577118505695404,1,0.3589373577145317,2.644296765213118,1.3878338696708705,1.490869129959578
25,DDM,value_scaling_t0,wide,DEoptim,300,1.0512023094071652,1,1.3427263861236944,0.2577118505695404,1,0.3589373577145317,2.644296765213118,1.3878338696708705,1.490869129959578
25,DDM,value_scaling_t0,wide,DEoptim,301,1.0512023094071652,1,1.3427263861236944,0.2577118505695404,1,0.3589373577145317,2.644296765213118,1.3878338696708705,1.490869129959578
25,DDM,value_scaling_t0,wide,DEoptim,302,1.0512023094071652,1,1.3427263861236944,0.2577118505695404,1,0.3589373577145317,2.644296765213118,1.3878338696708705,1.490869129959578
25,DDM,value_scaling_t0,wide,DEoptim,303,1.0512023094071652,1,1.3427263861236944,0.2577118505695404,1,0.3589373577145317,2.6900526597520824,1.3878338696708705,1.490869129959578
25,DDM,value_scaling_t0,wide,DEoptim,304,1.0512023094071652,1,1.3427263861236944,0.2577118505695404,1,0.3589373577145317,2.6900526597520824,1.3878338696708705,1.4891542122929964
25,DDM,value_scaling_t0,wide,DEoptim,305,1.0512023094071652,1,1.3427263861236944,0.2577118505695404,1,0.3589373577145317,2.6900526597520824,1.3878338696708705,1.4891542122929964
25,DDM,value_scaling_t0,wide,DEoptim,306,1.0512023094071652,1,1.3427263861236944,0.2577118505695404,1,0.3589373577145317,2.6900526597520824,1.3878338696708705,1.4891542122929964
25,DDM,value_scaling_t0,wide,DEoptim,307,1.0512023094071652,1,1.3427263861236944,0.2577118505695404,1,0.3589373577145317,2.6900526597520824,1.3878338696708705,1.4891542122929964
25,DDM,value_scaling_t0,wide,DEoptim,308,1.0512023094071652,1,1.3427263861236944,0.2577118505695404,1,0.3589373577145317,2.6900526597520824,1.3878338696708705,1.4891542122929964
25,DDM,value_scaling_t0,wide,DEoptim,309,1.0512023094071652,1,1.3427263861236944,0.2577118505695404,1,0.3589373577145317,2.6900526597520824,1.3878338696708705,1.4891542122929964
25,DDM,value_scaling_t0,wide,DEoptim,310,1.0512023094071652,1,1.3427263861236944,0.2577118505695404,1,0.3589373577145317,2.6900526597520824,1.3878338696708705,1.4891542122929964
25,DDM,value_scaling_t0,wide,DEoptim,311,1.0512023094071652,1,1.3427263861236944,0.2577118505695404,1,0.3589373577145317,2.6900526597520824,1.3878338696708705,1.4891542122929964
25,DDM,value_scaling_t0,wide,DEoptim,312,1.0512023094071652,1,1.3427263861236944,0.2577118505695404,1,0.3589373577145317,2.6900526597520824,1.3878338696708705,1.4891542122929964
25,DDM,value_scaling_t0,wide,DEoptim,313,1.0512023094071652,1,1.3427263861236944,0.2577118505695404,1,0.3589373577145317,2.6900526597520824,1.3878338696708705,1.4891542122929964
25,DDM,value_scaling_t0,wide,DEoptim,314,1.0512023094071652,1,1.3427263861236944,0.2577118505695404,1,0.3589373577145317,2.6900526597520824,1.3878338696708705,1.4891542122929964
25,DDM,value_scaling_t0,wide,DEoptim,315,1.0512023094071652,1,1.3427263861236944,0.2577118505695404,1,0.3589373577145317,2.6900526597520824,1.3878338696708705,1.4891542122929964
25,DDM,value_scaling_t0,wide,DEoptim,316,1.0512023094071652,1,1.3427263861236944,0.2577118505695404,1,0.3589373577145317,2.6900526597520824,1.3878338696708705,1.4891542122929964
25,DDM,value_scaling_t0,wide,DEoptim,317,1.0512023094071652,1,1.3427263861236944,0.2577118505695404,1,0.3589373577145317,2.6900526597520824,1.3878338696708705,1.4891542122929964
25,DDM,value_scaling_t0,wide,DEoptim,318,1.0512023094071652,1,1.3427263861236944,0.2577118505695404,1,0.3589373577145317,2.6900526597520824,1.3878338696708705,1.4891542122929964
25,DDM,value_scaling_t0,wide,DEoptim,319,1.0512023094071652,1,1.3427263861236944,0.2577118505695404,1,0.3589373577145317,2.6900526597520824,1.3878338696708705,1.4891542122929964
25,DDM,value_scaling_t0,wide,DEoptim,320,1.0512023094071652,1,1.3427263861236944,0.2577118505695404,1,0.3589373577145317,2.6900526597520824,1.3878338696708705,1.4891542122929964
25,DDM,value_scaling_t0,wide,DEoptim,321,1.0512023094071652,1,1.3427263861236944,0.2577118505695404,1,0.3589373577145317,2.6900526597520824,1.3878338696708705,1.4891542122929964
25,DDM,value_scaling_t0,wide,DEoptim,322,1.0512023094071652,1,1.3427263861236944,0.2577118505695404,1,0.3589373577145317,2.6900526597520824,1.3878338696708705,1.4891542122929964
25,DDM,value_scaling_t0,wide,DEoptim,323,1.0512023094071652,1,1.3427263861236944,0.2577118505695404,1,0.3589373577145317,2.6900526597520824,1.3878338696708705,1.4891542122929964
25,DDM,value_scaling_t0,wide,DEoptim,324,1.0512023094071652,1,1.3427263861236944,0.2577118505695404,1,0.3589373577145317,2.6900526597520824,1.3878338696708705,1.4891542122929964
25,DDM,value_scaling_t0,wide,DEoptim,325,1.0512023094071652,1,1.3427263861236944,0.2577118505695404,1,0.3589373577145317,2.6900526597520824,1.3878338696708705,1.4891542122929964
25,DDM,value_scaling_t0,wide,DEoptim,326,1.0512023094071652,1,1.3427263861236944,0.2577118505695404,1,0.3589373577145317,2.6900526597520824,1.3878338696708705,1.4891542122929964
25,DDM,value_scaling_t0,wide,DEoptim,327,1.0512023094071652,1,1.3427263861236944,0.2577118505695404,1,0.3589373577145317,2.6900526597520824,1.3878338696708705,1.4891542122929964
25,DDM,value_scaling_t0,wide,DEoptim,328,1.0512023094071652,1,1.3427263861236944,0.2577118505695404,1,0.3589373577145317,2.6900526597520824,1.3878338696708705,1.4891542122929964
25,DDM,value_scaling_t0,wide,DEoptim,329,1.0512023094071652,1,1.3427263861236944,0.2577118505695404,1,0.3589373577145317,2.6900526597520824,1.3878338696708705,1.4891542122929964
25,DDM,value_scaling_t0,wide,DEoptim,330,1.0512023094071652,1,1.3427263861236944,0.2577118505695404,1,0.3589373577145317,2.6900526597520824,1.3878338696708705,1.4891542122929964
25,DDM,value_scaling_t0,wide,DEoptim,331,1.0512023094071652,1,1.3427263861236944,0.2577118505695404,1,0.3589373577145317,2.6900526597520824,1.3878338696708705,1.4891542122929964
25,DDM,value_scaling_t0,wide,DEoptim,332,1.0512023094071652,1,1.3427263861236944,0.2577118505695404,1,0.3589373577145317,2.6900526597520824,1.3878338696708705,1.4891542122929964
25,DDM,value_scaling_t0,wide,DEoptim,333,1.0512023094071652,1,1.3427263861236944,0.2577118505695404,1,0.3589373577145317,2.6900526597520824,1.3878338696708705,1.4891542122929964
25,DDM,value_scaling_t0,wide,DEoptim,334,1.0512023094071652,1,1.3427263861236944,0.2577118505695404,1,0.3589373577145317,2.6900526597520824,1.3878338696708705,1.4891542122929964
25,DDM,value_scaling_t0,wide,DEoptim,335,1.0512023094071652,1,1.3427263861236944,0.2577118505695404,1,0.3589373577145317,2.6900526597520824,1.3878338696708705,1.4891542122929964
25,DDM,value_scaling_t0,wide,DEoptim,336,1.0512023094071652,1,1.3427263861236944,0.2577118505695404,1,0.3589373577145317,2.6900526597520824,1.3878338696708705,1.4891542122929964
25,DDM,value_scaling_t0,wide,DEoptim,337,1.0512023094071652,1,1.3427263861236944,0.2577118505695404,1,0.3589373577145317,2.6900526597520824,1.3878338696708705,1.4891542122929964
25,DDM,value_scaling_t0,wide,DEoptim,338,1.0512023094071652,1,1.3427263861236944,0.2577118505695404,1,0.3589373577145317,2.6900526597520824,1.3878338696708705,1.4891542122929964
25,DDM,value_scaling_t0,wide,DEoptim,339,1.0512023094071652,1,1.3427263861236944,0.2577118505695404,1,0.3589373577145317,2.6900526597520824,1.3878338696708705,1.4891542122929964
25,DDM,value_scaling_t0,wide,DEoptim,340,1.0512023094071652,1,1.3427263861236944,0.2577118505695404,1,0.3589373577145317,2.6900526597520824,1.3878338696708705,1.4891542122929964
25,DDM,value_scaling_t0,wide,DEoptim,341,1.0512023094071652,1,1.3427263861236944,0.2577118505695404,1,0.3589373577145317,2.6900526597520824,1.3878338696708705,1.4891542122929964
25,DDM,value_scaling_t0,wide,DEoptim,342,1.0512023094071652,1,1.3427263861236944,0.2577118505695404,1,0.3589373577145317,2.6900526597520824,1.3878338696708705,1.4891542122929964
25,DDM,value_scaling_t0,wide,DEoptim,343,1.0512023094071652,1,1.3427263861236944,0.2577118505695404,1,0.3589373577145317,2.6900526597520824,1.3878338696708705,1.4891542122929964
25,DDM,value_scaling_t0,wide,DEoptim,344,1.0512023094071652,1,1.3427263861236944,0.2577118505695404,1,0.3589373577145317,2.6900526597520824,1.3878338696708705,1.4891542122929964
25,DDM,value_scaling_t0,wide,DEoptim,345,1.0512023094071652,1,1.3427263861236944,0.2577118505695404,1,0.3589373577145317,2.6900526597520824,1.3878338696708705,1.4891542122929964
25,DDM,value_scaling_t0,wide,DEoptim,346,1.0512023094071652,1,1.3427263861236944,0.2577118505695404,1,0.3589373577145317,2.6900526597520824,1.3878338696708705,1.4891542122929964
25,DDM,value_scaling_t0,wide,DEoptim,347,1.0512023094071652,1,1.3427263861236944,0.2577118505695404,1,0.3589373577145317,2.6900526597520824,1.3878338696708705,1.4891542122929964
25,DDM,value_scaling_t0,wide,DEoptim,348,1.0512023094071652,1,1.3427263861236944,0.2577118505695404,1,0.3589373577145317,2.6900526597520824,1.3878338696708705,1.4891542122929964
25,DDM,value_scaling_t0,wide,DEoptim,349,1.0512023094071652,1,1.3427263861236944,0.2577118505695404,1,0.3589373577145317,2.6900526597520824,1.3878338696708705,1.4891542122929964
25,DDM,value_scaling_t0,wide,DEoptim,350,1.0512023094071652,1,1.3427263861236944,0.2577118505695404,1,0.3589373577145317,2.6900526597520824,1.3878338696708705,1.4891542122929964
25,DDM,value_scaling_t0,wide,DEoptim,351,1.0512023094071652,1,1.3427263861236944,0.2577118505695404,1,0.3589373577145317,2.6900526597520824,1.3878338696708705,1.4891542122929964
25,DDM,value_scaling_t0,wide,DEoptim,352,1.0512023094071652,1,1.3427263861236944,0.2577118505695404,1,0.3589373577145317,2.6900526597520824,1.3878338696708705,1.4891542122929964
25,DDM,value_scaling_t0,wide,DEoptim,353,1.0512023094071652,1,1.3427263861236944,0.2577118505695404,1,0.3589373577145317,2.6900526597520824,1.3878338696708705,1.4891542122929964
25,DDM,value_scaling_t0,wide,DEoptim,354,1.0512023094071652,1,1.3427263861236944,0.2577118505695404,1,0.3589373577145317,2.6900526597520824,1.3878338696708705,1.4891542122929964
25,DDM,value_scaling_t0,wide,DEoptim,355,1.0512023094071652,1,1.3427263861236944,0.2577118505695404,1,0.3589373577145317,2.6900526597520824,1.3878338696708705,1.4891542122929964
25,DDM,value_scaling_t0,wide,DEoptim,356,1.0512023094071652,1,1.3427263861236944,0.2577118505695404,1,0.3589373577145317,2.6900526597520824,1.3878338696708705,1.4891542122929964
25,DDM,value_scaling_t0,wide,DEoptim,357,1.0512023094071652,1,1.3427263861236944,0.2577118505695404,1,0.3589373577145317,2.6900526597520824,1.3878338696708705,1.4891542122929964
25,DDM,value_scaling_t0,wide,DEoptim,358,1.0512023094071652,1,1.3427263861236944,0.2577118505695404,1,0.3589373577145317,2.6900526597520824,1.3878338696708705,1.4891542122929964
25,DDM,value_scaling_t0,wide,DEoptim,359,1.0512023094071652,1,1.3427263861236944,0.2577118505695404,1,0.3589373577145317,2.6900526597520824,1.3878338696708705,1.4891542122929964
25,DDM,value_scaling_t0,wide,DEoptim,360,1.0512023094071652,1,1.3427263861236944,0.2577118505695404,1,0.3589373577145317,2.6900526597520824,1.3878338696708705,1.4891542122929964
25,DDM,value_scaling_t0,wide,DEoptim,361,1.0512023094071652,1,1.3427263861236944,0.2577118505695404,1,0.3589373577145317,2.6900526597520824,1.3878338696708705,1.4891542122929964
25,DDM,value_scaling_t0,wide,DEoptim,362,1.0512023094071652,1,1.3427263861236944,0.2577118505695404,1,0.3589373577145317,2.6900526597520824,1.3878338696708705,1.4891542122929964
25,DDM,value_scaling_t0,wide,DEoptim,363,1.0512023094071652,1,1.3427263861236944,0.2577118505695404,1,0.3589373577145317,2.6900526597520824,1.3878338696708705,1.4891542122929964
25,DDM,value_scaling_t0,wide,DEoptim,364,1.0512023094071652,1,1.3427263861236944,0.2577118505695404,1,0.3589373577145317,2.6900526597520824,1.3878338696708705,1.4891542122929964
25,DDM,value_scaling_t0,wide,DEoptim,365,1.0512023094071652,1,1.3427263861236944,0.2577118505695404,1,0.3589373577145317,2.6900526597520824,1.3878338696708705,1.4891542122929964
25,DDM,value_scaling_t0,wide,DEoptim,366,1.0512023094071652,1,1.3427263861236944,0.2577118505695404,1,0.3589373577145317,2.6900526597520824,1.3878338696708705,1.4891542122929964
25,DDM,value_scaling_t0,wide,DEoptim,367,1.0512023094071652,1,1.3427263861236944,0.2577118505695404,1,0.3589373577145317,2.6900526597520824,1.3878338696708705,1.4891542122929964
25,DDM,value_scaling_t0,wide,DEoptim,368,1.0512023094071652,1,1.3427263861236944,0.2577118505695404,1,0.3589373577145317,2.6900526597520824,1.3878338696708705,1.4891542122929964
25,DDM,value_scaling_t0,wide,DEoptim,369,1.0512023094071652,1,1.3427263861236944,0.2577118505695404,1,0.3589373577145317,2.6900526597520824,1.3878338696708705,1.4891542122929964
25,DDM,value_scaling_t0,wide,DEoptim,370,1.0512023094071652,1,1.3427263861236944,0.2577118505695404,1,0.3589373577145317,2.6900526597520824,1.3878338696708705,1.4891542122929964
25,DDM,value_scaling_t0,wide,DEoptim,371,1.0512023094071652,1,1.3427263861236944,0.2577118505695404,1,0.3589373577145317,2.6900526597520824,1.3878338696708705,1.4891542122929964
25,DDM,value_scaling_t0,wide,DEoptim,372,1.0512023094071652,1,1.3427263861236944,0.2577118505695404,1,0.3589373577145317,2.6900526597520824,1.3878338696708705,1.4891542122929964
25,DDM,value_scaling_t0,wide,DEoptim,373,1.0512023094071652,1,1.3427263861236944,0.2577118505695404,1,0.3589373577145317,2.6900526597520824,1.3878338696708705,1.4891542122929964
25,DDM,value_scaling_t0,wide,DEoptim,374,1.0512023094071652,1,1.3427263861236944,0.2577118505695404,1,0.3589373577145317,2.6900526597520824,1.3878338696708705,1.4891542122929964
25,DDM,value_scaling_t0,wide,DEoptim,375,1.0512023094071652,1,1.3427263861236944,0.2577118505695404,1,0.3589373577145317,2.6900526597520824,1.3878338696708705,1.4891542122929964
25,DDM,value_scaling_t0,wide,DEoptim,376,1.0512023094071652,1,1.3427263861236944,0.2577118505695404,1,0.3589373577145317,2.6900526597520824,1.3878338696708705,1.4891542122929964
25,DDM,value_scaling_t0,wide,DEoptim,377,1.0512023094071652,1,1.3427263861236944,0.2577118505695404,1,0.3589373577145317,2.6900526597520824,1.3878338696708705,1.4891542122929964
25,DDM,value_scaling_t0,wide,DEoptim,378,1.0512023094071652,1,1.3427263861236944,0.2577118505695404,1,0.3589373577145317,2.6900526597520824,1.3878338696708705,1.4891542122929964
25,DDM,value_scaling_t0,wide,DEoptim,379,1.0512023094071652,1,1.3427263861236944,0.2577118505695404,1,0.3589373577145317,2.6900526597520824,1.3878338696708705,1.4891542122929964
25,DDM,value_scaling_t0,wide,DEoptim,380,1.0512023094071652,1,1.3427263861236944,0.2577118505695404,1,0.3589373577145317,2.6900526597520824,1.3878338696708705,1.4891542122929964
25,DDM,value_scaling_t0,wide,DEoptim,381,1.0512023094071652,1,1.3427263861236944,0.2577118505695404,1,0.3589373577145317,2.6900526597520824,1.3878338696708705,1.4891542122929964
25,DDM,value_scaling_t0,wide,DEoptim,382,1.0512023094071652,1,1.3427263861236944,0.2577118505695404,1,0.3589373577145317,2.6900526597520824,1.3878338696708705,1.4891542122929964
25,DDM,value_scaling_t0,wide,DEoptim,383,1.0512023094071652,1,1.3427263861236944,0.2577118505695404,1,0.3589373577145317,2.6900526597520824,1.3878338696708705,1.4891542122929964
25,DDM,value_scaling_t0,wide,DEoptim,384,1.0512023094071652,1,1.3427263861236944,0.2577118505695404,1,0.3589373577145317,2.6900526597520824,1.3878338696708705,1.4891542122929964
25,DDM,value_scaling_t0,wide,DEoptim,385,1.0512023094071652,1,1.3427263861236944,0.2577118505695404,1,0.3589373577145317,2.6900526597520824,1.3878338696708705,1.4891542122929964
25,DDM,value_scaling_t0,wide,DEoptim,386,1.0512023094071652,1,1.3427263861236944,0.2577118505695404,1,0.3589373577145317,2.6900526597520824,1.3878338696708705,1.4891542122929964
25,DDM,value_scaling_t0,wide,DEoptim,387,1.0512023094071652,1,1.3427263861236944,0.2577118505695404,1,0.3589373577145317,2.6900526597520824,1.3878338696708705,1.4891542122929964
25,DDM,value_scaling_t0,wide,DEoptim,388,1.0512023094071652,1,1.3427263861236944,0.2577118505695404,1,0.3589373577145317,2.6900526597520824,1.3878338696708705,1.4891542122929964
25,DDM,value_scaling_t0,wide,DEoptim,389,1.0512023094071652,1,1.3427263861236944,0.2577118505695404,1,0.3589373577145317,2.7136531583316525,1.3878338696708705,1.4891542122929964
25,DDM,value_scaling_t0,wide,DEoptim,390,1.0512023094071652,1,1.3427263861236944,0.2577118505695404,1,0.3589373577145317,2.7136531583316525,1.3878338696708705,1.4891542122929964
25,DDM,value_scaling_t0,wide,DEoptim,391,1.0512023094071652,1,1.3284194606120956,0.2577118505695404,1,0.3589373577145317,2.7136531583316525,1.3878338696708705,1.4891542122929964
25,DDM,value_scaling_t0,wide,DEoptim,392,1.0512023094071652,1,1.3284194606120956,0.2577118505695404,1,0.3589373577145317,2.7136531583316525,1.3878338696708705,1.4891542122929964
25,DDM,value_scaling_t0,wide,DEoptim,393,1.0512023094071652,1,1.3284194606120956,0.2577118505695404,1,0.3589373577145317,2.7136531583316525,1.3878338696708705,1.4891542122929964
25,DDM,value_scaling_t0,wide,DEoptim,394,1.0512023094071652,1,1.3284194606120956,0.2577118505695404,1,0.3589373577145317,2.7136531583316525,1.3878338696708705,1.4891542122929964
25,DDM,value_scaling_t0,wide,DEoptim,395,1.0512023094071652,1,1.3284194606120956,0.2577118505695404,1,0.3589373577145317,2.7136531583316525,1.3878338696708705,1.4891542122929964
25,DDM,value_scaling_t0,wide,DEoptim,396,1.0512023094071652,1,1.3284194606120956,0.2577118505695404,1,0.3589373577145317,2.7136531583316525,1.3878338696708705,1.4891542122929964
25,DDM,value_scaling_t0,wide,DEoptim,397,1.0512023094071652,1,1.3284194606120956,0.2577118505695404,1,0.3589373577145317,2.7136531583316525,1.3878338696708705,1.4891542122929964
25,DDM,value_scaling_t0,wide,DEoptim,398,1.0512023094071652,1,1.3284194606120956,0.2577118505695404,1,0.3589373577145317,2.7136531583316525,1.3878338696708705,1.4891542122929964
25,DDM,value_scaling_t0,wide,DEoptim,399,1.0512023094071652,1,1.3284194606120956,0.2577118505695404,1,0.3589373577145317,2.7136531583316525,1.3878338696708705,1.4891542122929964
25,DDM,value_scaling_t0,wide,DEoptim,400,1.0512023094071652,1,1.3284194606120956,0.2577118505695404,1,0.3589373577145317,2.7136531583316525,1.3878338696708705,1.4891542122929964
25,DDM,value_scaling_t0,wide,DEoptim,401,1.0512023094071652,1,1.3284194606120956,0.2577118505695404,1,0.3589373577145317,2.7136531583316525,1.3859654584544523,1.4891542122929964
25,DDM,value_scaling_t0,wide,DEoptim,402,1.0512023094071652,1,1.3284194606120956,0.2577118505695404,1,0.3589373577145317,2.7136531583316525,1.3859654584544523,1.4891542122929964
25,DDM,value_scaling_t0,wide,DEoptim,403,1.0512023094071652,1,1.3284194606120956,0.2577118505695404,1,0.3589373577145317,2.7136531583316525,1.3859654584544523,1.4891542122929964
25,DDM,value_scaling_t0,wide,DEoptim,404,1.0512023094071652,1,1.3284194606120956,0.2577118505695404,1,0.3589373577145317,2.7136531583316525,1.3859654584544523,1.4891542122929964
25,DDM,value_scaling_t0,wide,DEoptim,405,1.0512023094071652,1,1.3284194606120956,0.2577118505695404,1,0.3589373577145317,2.7136531583316525,1.3859654584544523,1.4891542122929964
25,DDM,value_scaling_t0,wide,DEoptim,406,1.0512023094071652,1,1.3284194606120956,0.2577118505695404,1,0.3589373577145317,2.7136531583316525,1.3859654584544523,1.4891542122929964
25,DDM,value_scaling_t0,wide,DEoptim,407,1.0512023094071652,1,1.3284194606120956,0.2577118505695404,1,0.3589373577145317,2.7136531583316525,1.3859654584544523,1.4891542122929964
25,DDM,value_scaling_t0,wide,DEoptim,408,1.0512023094071652,1,1.3284194606120956,0.2577118505695404,1,0.3589373577145317,2.7136531583316525,1.3859654584544523,1.4891542122929964
25,DDM,value_scaling_t0,wide,DEoptim,409,1.0512023094071652,1,1.3284194606120956,0.2577118505695404,1,0.3589373577145317,2.7158592615929353,1.3864687563399662,1.4807986133674327
25,DDM,value_scaling_t0,wide,DEoptim,410,1.0512023094071652,1,1.3284194606120956,0.2577118505695404,1,0.3589373577145317,2.7158592615929353,1.3828243514834506,1.4849703875780313
25,DDM,value_scaling_t0,wide,DEoptim,411,1.0512023094071652,1,1.3284194606120956,0.2577118505695404,1,0.3589373577145317,2.7158592615929353,1.3828243514834506,1.4849703875780313
25,DDM,value_scaling_t0,wide,DEoptim,412,1.0512023094071652,1,1.3284194606120956,0.2577118505695404,1,0.3589373577145317,2.7158592615929353,1.3828243514834506,1.4849703875780313
25,DDM,value_scaling_t0,wide,DEoptim,413,1.0512023094071652,1,1.3284194606120956,0.2577118505695404,1,0.3589373577145317,2.7158592615929353,1.3828243514834506,1.4849703875780313
25,DDM,value_scaling_t0,wide,DEoptim,414,1.0512023094071652,1,1.3284194606120956,0.2577118505695404,1,0.3589373577145317,2.7158592615929353,1.3828243514834506,1.4849703875780313
25,DDM,value_scaling_t0,wide,DEoptim,415,1.0512023094071652,1,1.3284194606120956,0.2577118505695404,1,0.3589373577145317,2.7158592615929353,1.3828243514834506,1.4849703875780313
25,DDM,value_scaling_t0,wide,DEoptim,416,1.0512023094071652,1,1.3284194606120956,0.2577118505695404,1,0.3589373577145317,2.7158592615929353,1.3828243514834506,1.4849703875780313
25,DDM,value_scaling_t0,wide,DEoptim,417,1.0512023094071652,1,1.3284194606120956,0.2577118505695404,1,0.3589373577145317,2.7158592615929353,1.3828243514834506,1.4849703875780313
25,DDM,value_scaling_t0,wide,DEoptim,418,1.0512023094071652,1,1.3284194606120956,0.2577118505695404,1,0.3589373577145317,2.7158592615929353,1.3828243514834506,1.4849703875780313
25,DDM,value_scaling_t0,wide,DEoptim,419,1.0512023094071652,1,1.3284194606120956,0.2577118505695404,1,0.3589373577145317,2.7158592615929353,1.3828243514834506,1.4849703875780313
25,DDM,value_scaling_t0,wide,DEoptim,420,1.0512023094071652,1,1.3284194606120956,0.2577118505695404,1,0.3589373577145317,2.7158592615929353,1.3828243514834506,1.4849703875780313
25,DDM,value_scaling_t0,wide,DEoptim,421,1.0512023094071652,1,1.3284194606120956,0.2577118505695404,1,0.3589373577145317,2.7158592615929353,1.3828243514834506,1.4849703875780313
25,DDM,value_scaling_t0,wide,DEoptim,422,1.0512023094071652,1,1.3284194606120956,0.2577118505695404,1,0.3589373577145317,2.7158592615929353,1.3828243514834506,1.4849703875780313
25,DDM,value_scaling_t0,wide,DEoptim,423,1.0512023094071652,1,1.3284194606120956,0.2577118505695404,1,0.3589373577145317,2.7158592615929353,1.3828243514834506,1.4849703875780313
25,DDM,value_scaling_t0,wide,DEoptim,424,1.0512023094071652,1,1.3284194606120956,0.2577118505695404,1,0.3589373577145317,2.7158592615929353,1.3828243514834506,1.4849703875780313
25,DDM,value_scaling_t0,wide,DEoptim,425,1.0512023094071652,1,1.3284194606120956,0.2577118505695404,1,0.3589373577145317,2.7158592615929353,1.3828243514834506,1.4849703875780313
25,DDM,value_scaling_t0,wide,DEoptim,426,1.0512023094071652,1,1.3284194606120956,0.2577118505695404,1,0.3589373577145317,2.7158592615929353,1.3828243514834506,1.4849703875780313
25,DDM,value_scaling_t0,wide,DEoptim,427,1.0512023094071652,1,1.3284194606120956,0.2577118505695404,1,0.3589373577145317,2.7158592615929353,1.3828243514834506,1.4849703875780313
25,DDM,value_scaling_t0,wide,DEoptim,428,1.0512023094071652,1,1.3284194606120956,0.2577118505695404,1,0.3589373577145317,2.7158592615929353,1.3828243514834506,1.4849703875780313
25,DDM,value_scaling_t0,wide,DEoptim,429,1.0512023094071652,1,1.3284194606120956,0.2577118505695404,1,0.3589373577145317,2.7158592615929353,1.3828243514834506,1.4849703875780313
25,DDM,value_scaling_t0,wide,DEoptim,430,1.0512023094071652,1,1.3284194606120956,0.2577118505695404,1,0.3589373577145317,2.7158592615929353,1.3828243514834506,1.4849703875780313
25,DDM,value_scaling_t0,wide,DEoptim,431,1.0512023094071652,1,1.3284194606120956,0.2577118505695404,1,0.3589373577145317,2.7158592615929353,1.3828243514834506,1.4849703875780313
25,DDM,value_scaling_t0,wide,DEoptim,432,1.0512023094071652,1,1.3284194606120956,0.2577118505695404,1,0.3589373577145317,2.7158592615929353,1.3828243514834506,1.4849703875780313
25,DDM,value_scaling_t0,wide,DEoptim,433,1.0512023094071652,1,1.3284194606120956,0.2577118505695404,1,0.3589373577145317,2.7158592615929353,1.3828243514834506,1.4849703875780313
25,DDM,value_scaling_t0,wide,DEoptim,434,1.0512023094071652,1,1.3284194606120956,0.2577118505695404,1,0.3589373577145317,2.7158592615929353,1.3828243514834506,1.4849703875780313
25,DDM,value_scaling_t0,wide,DEoptim,435,1.0512023094071652,1,1.3284194606120956,0.2577118505695404,1,0.3589373577145317,2.7158592615929353,1.3828243514834506,1.4849703875780313
25,DDM,value_scaling_t0,wide,DEoptim,436,1.0512023094071652,1,1.3284194606120956,0.2577118505695404,1,0.3589373577145317,2.7158592615929353,1.3828243514834506,1.4849703875780313
25,DDM,value_scaling_t0,wide,DEoptim,437,1.0512023094071652,1,1.3284194606120956,0.2577118505695404,1,0.3589373577145317,2.7158592615929353,1.3828243514834506,1.4849703875780313
25,DDM,value_scaling_t0,wide,DEoptim,438,1.0512023094071652,1,1.3284194606120956,0.2577118505695404,1,0.3589373577145317,2.7158592615929353,1.3828243514834506,1.4849703875780313
25,DDM,value_scaling_t0,wide,DEoptim,439,1.0512023094071652,1,1.3284194606120956,0.2577118505695404,1,0.3589373577145317,2.7158592615929353,1.3828243514834506,1.4849703875780313
25,DDM,value_scaling_t0,wide,DEoptim,440,1.0512023094071652,1,1.3284194606120956,0.2577118505695404,1,0.3589373577145317,2.7158592615929353,1.3828243514834506,1.4849703875780313
25,DDM,value_scaling_t0,wide,DEoptim,441,1.0512023094071652,1,1.3284194606120956,0.2577118505695404,1,0.3589373577145317,2.7158592615929353,1.3828243514834506,1.4849703875780313
25,DDM,value_scaling_t0,wide,DEoptim,442,1.0512023094071652,1,1.3284194606120956,0.2577118505695404,1,0.3589373577145317,2.7158592615929353,1.3828243514834506,1.4849703875780313
25,DDM,value_scaling_t0,wide,DEoptim,443,1.0512023094071652,1,1.3284194606120956,0.2577118505695404,1,0.3589373577145317,2.7158592615929353,1.3828243514834506,1.4849703875780313
25,DDM,value_scaling_t0,wide,DEoptim,444,1.0512023094071652,1,1.3284194606120956,0.2577118505695404,1,0.3589373577145317,2.7158592615929353,1.3828243514834506,1.4849703875780313
25,DDM,value_scaling_t0,wide,DEoptim,445,1.0512023094071652,1,1.3284194606120956,0.2577118505695404,1,0.3589373577145317,2.7158592615929353,1.3828243514834506,1.4849703875780313
25,DDM,value_scaling_t0,wide,DEoptim,446,1.0512023094071652,1,1.3284194606120956,0.2577118505695404,1,0.3589373577145317,2.7158592615929353,1.3828243514834506,1.4849703875780313
25,DDM,value_scaling_t0,wide,DEoptim,447,1.0512023094071652,1,1.3284194606120956,0.2577118505695404,1,0.3589373577145317,2.7158592615929353,1.3828243514834506,1.4849703875780313
25,DDM,value_scaling_t0,wide,DEoptim,448,1.0512023094071652,1,1.3284194606120956,0.2577118505695404,1,0.3589373577145317,2.7158592615929353,1.3828243514834506,1.4849703875780313
25,DDM,value_scaling_t0,wide,DEoptim,449,1.0512023094071652,1,1.3284194606120956,0.2577118505695404,1,0.3589373577145317,2.7158592615929353,1.3828243514834506,1.4849703875780313
25,DDM,value_scaling_t0,wide,DEoptim,450,1.082559400571579,1,1.3065359876750093,0.2451663069242569,1,0.31578479777962293,2.722401032599161,1.38167095820791,1.483242130772313
25,DDM,value_scaling_t0,wide,DEoptim,451,1.082559400571579,1,1.3065359876750093,0.2451663069242569,1,0.31578479777962293,2.722401032599161,1.38167095820791,1.483242130772313
25,DDM,value_scaling_t0,wide,DEoptim,452,1.082559400571579,1,1.3065359876750093,0.2451663069242569,1,0.31578479777962293,2.722401032599161,1.38167095820791,1.483242130772313
25,DDM,value_scaling_t0,wide,DEoptim,453,1.082559400571579,1,1.3065359876750093,0.2451663069242569,1,0.31578479777962293,2.722401032599161,1.38167095820791,1.483242130772313
25,DDM,value_scaling_t0,wide,DEoptim,454,1.082559400571579,1,1.3065359876750093,0.2451663069242569,1,0.31578479777962293,2.722401032599161,1.38167095820791,1.483242130772313
25,DDM,value_scaling_t0,wide,DEoptim,455,1.082559400571579,1,1.3065359876750093,0.2451663069242569,1,0.31578479777962293,2.722401032599161,1.38167095820791,1.483242130772313
25,DDM,value_scaling_t0,wide,DEoptim,456,1.0788932815718582,1,1.2985943488967957,0.2632738661096035,1,0.3351648255049263,2.7229171082096033,1.3819861682926606,1.4886171536871198
25,DDM,value_scaling_t0,wide,DEoptim,457,1.0788932815718582,1,1.2985943488967957,0.2632738661096035,1,0.3351648255049263,2.7229171082096033,1.3819861682926606,1.4886171536871198
25,DDM,value_scaling_t0,wide,DEoptim,458,1.0788932815718582,1,1.2985943488967957,0.2632738661096035,1,0.3351648255049263,2.7229171082096033,1.3819861682926606,1.4880539925774319
25,DDM,value_scaling_t0,wide,DEoptim,459,1.0788932815718582,1,1.2985943488967957,0.2632738661096035,1,0.3351648255049263,2.7229171082096033,1.3819861682926606,1.4880539925774319
25,DDM,value_scaling_t0,wide,DEoptim,460,1.0788932815718582,1,1.2985943488967957,0.2632738661096035,1,0.3351648255049263,2.7229171082096033,1.3819861682926606,1.4880539925774319
25,DDM,value_scaling_t0,wide,DEoptim,461,1.0788932815718582,1,1.2985943488967957,0.2632738661096035,1,0.3351648255049263,2.7229171082096033,1.3819861682926606,1.4880539925774319
25,DDM,value_scaling_t0,wide,DEoptim,462,1.0788932815718582,1,1.2985943488967957,0.2632738661096035,1,0.3349539918823945,2.732978123477502,1.3819861682926606,1.4880539925774319
25,DDM,value_scaling_t0,wide,DEoptim,463,1.0788932815718582,1,1.2985943488967957,0.2632738661096035,1,0.3349539918823945,2.732978123477502,1.3819861682926606,1.4880539925774319
25,DDM,value_scaling_t0,wide,DEoptim,464,1.0788932815718582,1,1.2985943488967957,0.2632738661096035,1,0.3349539918823945,2.732978123477502,1.3819861682926606,1.4880539925774319
25,DDM,value_scaling_t0,wide,DEoptim,465,1.0788932815718582,1,1.2985943488967957,0.2632738661096035,1,0.3349539918823945,2.732978123477502,1.3819861682926606,1.4880539925774319
25,DDM,value_scaling_t0,wide,DEoptim,466,1.0788932815718582,1,1.2985943488967957,0.2632738661096035,1,0.3349539918823945,2.732978123477502,1.3819861682926606,1.4880539925774319
25,DDM,value_scaling_t0,wide,DEoptim,467,1.0788932815718582,1,1.2985943488967957,0.2632738661096035,1,0.3349539918823945,2.732978123477502,1.3819861682926606,1.4880539925774319
25,DDM,value_scaling_t0,wide,DEoptim,468,1.0788932815718582,1,1.2985943488967957,0.2632738661096035,1,0.3349539918823945,2.732978123477502,1.3819861682926606,1.4880539925774319
25,DDM,value_scaling_t0,wide,DEoptim,469,1.0788932815718582,1,1.2985943488967957,0.2632738661096035,1,0.3349539918823945,2.732978123477502,1.3819861682926606,1.4880539925774319
25,DDM,value_scaling_t0,wide,DEoptim,470,1.0788932815718582,1,1.2985943488967957,0.2632738661096035,1,0.3349539918823945,2.732978123477502,1.3819861682926606,1.4880539925774319
25,DDM,value_scaling_t0,wide,DEoptim,471,1.0788932815718582,1,1.2985943488967957,0.2632738661096035,1,0.3349539918823945,2.732978123477502,1.3819861682926606,1.4880539925774319
25,DDM,value_scaling_t0,wide,DEoptim,472,1.0788932815718582,1,1.2985943488967957,0.2632738661096035,1,0.3349539918823945,2.732978123477502,1.3819861682926606,1.4880539925774319
25,DDM,value_scaling_t0,wide,DEoptim,473,1.0788932815718582,1,1.2985943488967957,0.2632738661096035,1,0.3349539918823945,2.732978123477502,1.3819861682926606,1.4880539925774319
25,DDM,value_scaling_t0,wide,DEoptim,474,1.0788932815718582,1,1.2985943488967957,0.2632738661096035,1,0.3349539918823945,2.732978123477502,1.3819861682926606,1.4880539925774319
25,DDM,value_scaling_t0,wide,DEoptim,475,1.0788932815718582,1,1.2985943488967957,0.2632738661096035,1,0.3349539918823945,2.732978123477502,1.3819861682926606,1.4880539925774319
25,DDM,value_scaling_t0,wide,DEoptim,476,1.0788932815718582,1,1.2985943488967957,0.2632738661096035,1,0.3349539918823945,2.732978123477502,1.3819861682926606,1.4880539925774319
25,DDM,value_scaling_t0,wide,DEoptim,477,1.0788932815718582,1,1.2985943488967957,0.2632738661096035,1,0.3349539918823945,2.732978123477502,1.3819861682926606,1.4880539925774319
25,DDM,value_scaling_t0,wide,DEoptim,478,1.0788932815718582,1,1.2985943488967957,0.2632738661096035,1,0.3349539918823945,2.732978123477502,1.3819861682926606,1.4880539925774319
25,DDM,value_scaling_t0,wide,DEoptim,479,1.0788932815718582,1,1.2985943488967957,0.2632738661096035,1,0.3349539918823945,2.732978123477502,1.3819861682926606,1.4880539925774319
25,DDM,value_scaling_t0,wide,DEoptim,480,1.0788932815718582,1,1.2985943488967957,0.2632738661096035,1,0.3349539918823945,2.732978123477502,1.3819861682926606,1.4880539925774319
25,DDM,value_scaling_t0,wide,DEoptim,481,1.0788932815718582,1,1.2985943488967957,0.2632738661096035,1,0.3349539918823945,2.732978123477502,1.3819861682926606,1.4880539925774319
25,DDM,value_scaling_t0,wide,DEoptim,482,1.0788932815718582,1,1.2985943488967957,0.2632738661096035,1,0.3349539918823945,2.732978123477502,1.3819861682926606,1.4880539925774319
25,DDM,value_scaling_t0,wide,DEoptim,483,1.0788932815718582,1,1.2985943488967957,0.2632738661096035,1,0.3349539918823945,2.732978123477502,1.3819861682926606,1.4880539925774319
25,DDM,value_scaling_t0,wide,DEoptim,484,1.0788932815718582,1,1.2985943488967957,0.2632738661096035,1,0.3349539918823945,2.732978123477502,1.3819861682926606,1.4880539925774319
25,DDM,value_scaling_t0,wide,DEoptim,485,1.0788932815718582,1,1.2985943488967957,0.2632738661096035,1,0.3349539918823945,2.732978123477502,1.3819861682926606,1.4880539925774319
25,DDM,value_scaling_t0,wide,DEoptim,486,1.0788932815718582,1,1.2985943488967957,0.2632738661096035,1,0.3349539918823945,2.732978123477502,1.3819861682926606,1.4880539925774319
25,DDM,value_scaling_t0,wide,DEoptim,487,1.0788932815718582,1,1.2985943488967957,0.2632738661096035,1,0.3349539918823945,2.732978123477502,1.3819861682926606,1.4880539925774319
25,DDM,value_scaling_t0,wide,DEoptim,488,1.0788932815718582,1,1.2985943488967957,0.2632738661096035,1,0.3349539918823945,2.732978123477502,1.3819861682926606,1.4880539925774319
25,DDM,value_scaling_t0,wide,DEoptim,489,1.0788932815718582,1,1.2985943488967957,0.2632738661096035,1,0.3349539918823945,2.732978123477502,1.3819861682926606,1.4880539925774319
25,DDM,value_scaling_t0,wide,DEoptim,490,1.0788932815718582,1,1.2985943488967957,0.2632738661096035,1,0.3349539918823945,2.732978123477502,1.3819861682926606,1.4880539925774319
25,DDM,value_scaling_t0,wide,DEoptim,491,1.0788932815718582,1,1.2985943488967957,0.2632738661096035,1,0.3349539918823945,2.732978123477502,1.3819861682926606,1.4880539925774319
25,DDM,value_scaling_t0,wide,DEoptim,492,1.0788932815718582,1,1.2985943488967957,0.2632738661096035,1,0.3349539918823945,2.732978123477502,1.3819861682926606,1.4880539925774319
25,DDM,value_scaling_t0,wide,DEoptim,493,1.0788932815718582,1,1.2985943488967957,0.2632738661096035,1,0.3349539918823945,2.732978123477502,1.3819861682926606,1.4880539925774319
25,DDM,value_scaling_t0,wide,DEoptim,494,1.0788932815718582,1,1.2985943488967957,0.2632738661096035,1,0.3349539918823945,2.732978123477502,1.3819861682926606,1.4880539925774319
25,DDM,value_scaling_t0,wide,DEoptim,495,1.0788932815718582,1,1.2985943488967957,0.2632738661096035,1,0.3349539918823945,2.732978123477502,1.3819861682926606,1.4880539925774319
25,DDM,value_scaling_t0,wide,DEoptim,496,1.0788932815718582,1,1.2985943488967957,0.2632738661096035,1,0.3349539918823945,2.732978123477502,1.3819861682926606,1.4880539925774319
25,DDM,value_scaling_t0,wide,DEoptim,497,1.0788932815718582,1,1.2985943488967957,0.2632738661096035,1,0.3349539918823945,2.732978123477502,1.3819861682926606,1.4880539925774319
25,DDM,value_scaling_t0,wide,DEoptim,498,1.0788932815718582,1,1.2985943488967957,0.2632738661096035,1,0.3349539918823945,2.732978123477502,1.3819861682926606,1.4880539925774319
25,DDM,value_scaling_t0,wide,DEoptim,499,1.0788932815718582,1,1.2985943488967957,0.2632738661096035,1,0.3349539918823945,2.732978123477502,1.3819861682926606,1.4880539925774319
25,DDM,value_scaling_t0,wide,DEoptim,500,1.0788932815718582,1,1.2985943488967957,0.2632738661096035,1,0.3349539918823945,2.732978123477502,1.3819861682926606,1.4880539925774319
25,DDM,value_scaling_t0,wide,DEoptim,501,1.0788932815718582,1,1.2985943488967957,0.2632738661096035,1,0.3349539918823945,2.732978123477502,1.3819861682926606,1.4880539925774319
25,DDM,value_scaling_t0,wide,DEoptim,502,1.0788932815718582,1,1.2985943488967957,0.2632738661096035,1,0.3349539918823945,2.732978123477502,1.3819861682926606,1.4880539925774319
25,DDM,value_scaling_t0,wide,DEoptim,503,1.0788932815718582,1,1.2985943488967957,0.2632738661096035,1,0.3349539918823945,2.732978123477502,1.3819861682926606,1.4880539925774319
25,DDM,value_scaling_t0,wide,DEoptim,504,1.0788932815718582,1,1.2985943488967957,0.2632738661096035,1,0.3349539918823945,2.732978123477502,1.3819861682926606,1.4880539925774319
25,DDM,value_scaling_t0,wide,DEoptim,505,1.0788932815718582,1,1.2985943488967957,0.2632738661096035,1,0.3349539918823945,2.732978123477502,1.3819861682926606,1.4880539925774319
25,DDM,value_scaling_t0,wide,DEoptim,506,1.0788932815718582,1,1.2985943488967957,0.2632738661096035,1,0.3349539918823945,2.732978123477502,1.3819861682926606,1.4880539925774319
25,DDM,value_scaling_t0,wide,DEoptim,507,1.0788932815718582,1,1.2985943488967957,0.2632738661096035,1,0.3349539918823945,2.732978123477502,1.3828985645343694,1.4880539925774319
25,DDM,value_scaling_t0,wide,DEoptim,508,1.096876672764224,1,1.3278162768945025,0.2572874042506311,1,0.309204710474956,2.768795559223448,1.378893066881334,1.4833199656350855
25,DDM,value_scaling_t0,wide,DEoptim,509,1.096876672764224,1,1.3278162768945025,0.2572874042506311,1,0.309204710474956,2.768795559223448,1.378893066881334,1.4833199656350855
25,DDM,value_scaling_t0,wide,DEoptim,510,1.096876672764224,1,1.3278162768945025,0.2572874042506311,1,0.309204710474956,2.768795559223448,1.378893066881334,1.4833199656350855
25,DDM,value_scaling_t0,wide,DEoptim,511,1.096876672764224,1,1.3278162768945025,0.2572874042506311,1,0.309204710474956,2.768795559223448,1.378893066881334,1.4833199656350855
25,DDM,value_scaling_t0,wide,DEoptim,512,1.1098047129295892,1,1.2966522085019396,0.25005064099024665,1,0.2919833777204281,2.7381021314942537,1.3823000052506054,1.4860958607910497
25,DDM,value_scaling_t0,wide,DEoptim,513,1.1098047129295892,1,1.2966522085019396,0.25005064099024665,1,0.2919833777204281,2.7381021314942537,1.3823000052506054,1.4821162353120143
25,DDM,value_scaling_t0,wide,DEoptim,514,1.1098047129295892,1,1.2966522085019396,0.25005064099024665,1,0.2919833777204281,2.7381021314942537,1.3823000052506054,1.4821162353120143
25,DDM,value_scaling_t0,wide,DEoptim,515,1.1098047129295892,1,1.2966522085019396,0.25005064099024665,1,0.2919833777204281,2.7381021314942537,1.3823000052506054,1.4821162353120143
25,DDM,value_scaling_t0,wide,DEoptim,516,1.1098047129295892,1,1.2966522085019396,0.25005064099024665,1,0.2919833777204281,2.7381021314942537,1.3823000052506054,1.4821162353120143
25,DDM,value_scaling_t0,wide,DEoptim,517,1.1098047129295892,1,1.2966522085019396,0.25005064099024665,1,0.2919833777204281,2.7381021314942537,1.3823000052506054,1.4821162353120143
25,DDM,value_scaling_t0,wide,DEoptim,518,1.1098047129295892,1,1.2966522085019396,0.25005064099024665,1,0.2919833777204281,2.7381021314942537,1.3823000052506054,1.4821162353120143
25,DDM,value_scaling_t0,wide,DEoptim,519,1.1098047129295892,1,1.2966522085019396,0.25005064099024665,1,0.2919833777204281,2.7381021314942537,1.3823000052506054,1.4821162353120143
25,DDM,value_scaling_t0,wide,DEoptim,520,1.1098047129295892,1,1.2966522085019396,0.25005064099024665,1,0.2919833777204281,2.7381021314942537,1.3823000052506054,1.4821162353120143
25,DDM,value_scaling_t0,wide,DEoptim,521,1.096876672764224,1,1.3162127621030402,0.2572874042506311,1,0.309204710474956,2.7625203253925497,1.378893066881334,1.4833199656350855
25,DDM,value_scaling_t0,wide,DEoptim,522,1.096876672764224,1,1.3162127621030402,0.2572874042506311,1,0.309204710474956,2.7625203253925497,1.378893066881334,1.4833199656350855
25,DDM,value_scaling_t0,wide,DEoptim,523,1.096876672764224,1,1.3162127621030402,0.2572874042506311,1,0.309204710474956,2.7625203253925497,1.378893066881334,1.4833199656350855
25,DDM,value_scaling_t0,wide,DEoptim,524,1.096876672764224,1,1.3162127621030402,0.2572874042506311,1,0.309204710474956,2.7625203253925497,1.378893066881334,1.4833199656350855
25,DDM,value_scaling_t0,wide,DEoptim,525,1.096876672764224,1,1.3162127621030402,0.2572874042506311,1,0.309204710474956,2.7625203253925497,1.378893066881334,1.4833199656350855
25,DDM,value_scaling_t0,wide,DEoptim,526,1.096876672764224,1,1.3162127621030402,0.2572874042506311,1,0.309204710474956,2.7625203253925497,1.378893066881334,1.4833199656350855
25,DDM,value_scaling_t0,wide,DEoptim,527,1.096876672764224,1,1.3162127621030402,0.2572874042506311,1,0.309204710474956,2.7625203253925497,1.378893066881334,1.4833199656350855
25,DDM,value_scaling_t0,wide,DEoptim,528,1.096876672764224,1,1.3162127621030402,0.2572874042506311,1,0.309204710474956,2.7625203253925497,1.378893066881334,1.4833199656350855
25,DDM,value_scaling_t0,wide,DEoptim,529,1.096876672764224,1,1.3162127621030402,0.2572874042506311,1,0.309204710474956,2.7625203253925497,1.378893066881334,1.4833199656350855
25,DDM,value_scaling_t0,wide,DEoptim,530,1.096876672764224,1,1.3162127621030402,0.2572874042506311,1,0.309204710474956,2.7625203253925497,1.378893066881334,1.4833199656350855
25,DDM,value_scaling_t0,wide,DEoptim,531,1.096876672764224,1,1.3162127621030402,0.2572874042506311,1,0.309204710474956,2.7625203253925497,1.378893066881334,1.4833199656350855
25,DDM,value_scaling_t0,wide,DEoptim,532,1.096876672764224,1,1.3162127621030402,0.2572874042506311,1,0.309204710474956,2.7625203253925497,1.378893066881334,1.4833199656350855
25,DDM,value_scaling_t0,wide,DEoptim,533,1.096876672764224,1,1.3162127621030402,0.2572874042506311,1,0.309204710474956,2.7625203253925497,1.378893066881334,1.4833199656350855
25,DDM,value_scaling_t0,wide,DEoptim,534,1.096876672764224,1,1.3162127621030402,0.2572874042506311,1,0.309204710474956,2.7625203253925497,1.378893066881334,1.4833199656350855
25,DDM,value_scaling_t0,wide,DEoptim,535,1.096876672764224,1,1.3162127621030402,0.2572874042506311,1,0.309204710474956,2.7625203253925497,1.378893066881334,1.4833199656350855
25,DDM,value_scaling_t0,wide,DEoptim,536,1.096876672764224,1,1.3162127621030402,0.2572874042506311,1,0.309204710474956,2.7625203253925497,1.378893066881334,1.4833199656350855
25,DDM,value_scaling_t0,wide,DEoptim,537,1.096876672764224,1,1.3162127621030402,0.2572874042506311,1,0.309204710474956,2.7625203253925497,1.378893066881334,1.4833199656350855
25,DDM,value_scaling_t0,wide,DEoptim,538,1.096876672764224,1,1.3162127621030402,0.2572874042506311,1,0.309204710474956,2.7625203253925497,1.378893066881334,1.4833199656350855
25,DDM,value_scaling_t0,wide,DEoptim,539,1.096876672764224,1,1.3162127621030402,0.2572874042506311,1,0.309204710474956,2.7625203253925497,1.378893066881334,1.4833199656350855
25,DDM,value_scaling_t0,wide,DEoptim,540,1.096876672764224,1,1.3162127621030402,0.2572874042506311,1,0.309204710474956,2.7625203253925497,1.378893066881334,1.4833199656350855
25,DDM,value_scaling_t0,wide,DEoptim,541,1.096876672764224,1,1.3162127621030402,0.2572874042506311,1,0.309204710474956,2.7625203253925497,1.378893066881334,1.4833199656350855
25,DDM,value_scaling_t0,wide,DEoptim,542,1.096876672764224,1,1.3162127621030402,0.2572874042506311,1,0.309204710474956,2.7625203253925497,1.378893066881334,1.4833199656350855
25,DDM,value_scaling_t0,wide,DEoptim,543,1.096876672764224,1,1.3162127621030402,0.2572874042506311,1,0.309204710474956,2.7625203253925497,1.378893066881334,1.4833199656350855
25,DDM,value_scaling_t0,wide,DEoptim,544,1.096876672764224,1,1.3162127621030402,0.2572874042506311,1,0.309204710474956,2.7625203253925497,1.378893066881334,1.4833199656350855
25,DDM,value_scaling_t0,wide,DEoptim,545,1.096876672764224,1,1.3162127621030402,0.2572874042506311,1,0.309204710474956,2.7625203253925497,1.378893066881334,1.4833199656350855
25,DDM,value_scaling_t0,wide,DEoptim,546,1.096876672764224,1,1.3162127621030402,0.2572874042506311,1,0.309204710474956,2.7625203253925497,1.378893066881334,1.4833199656350855
25,DDM,value_scaling_t0,wide,DEoptim,547,1.096876672764224,1,1.3162127621030402,0.2572874042506311,1,0.309204710474956,2.7625203253925497,1.378893066881334,1.4833199656350855
25,DDM,value_scaling_t0,wide,DEoptim,548,1.096876672764224,1,1.3162127621030402,0.2572874042506311,1,0.309204710474956,2.7625203253925497,1.378893066881334,1.4833199656350855
25,DDM,value_scaling_t0,wide,DEoptim,549,1.096876672764224,1,1.3162127621030402,0.2572874042506311,1,0.309204710474956,2.7625203253925497,1.378893066881334,1.4833199656350855
25,DDM,value_scaling_t0,wide,DEoptim,550,1.096876672764224,1,1.3162127621030402,0.2572874042506311,1,0.309204710474956,2.7625203253925497,1.378893066881334,1.4833199656350855
25,DDM,value_scaling_t0,wide,DEoptim,551,1.096876672764224,1,1.3162127621030402,0.2572874042506311,1,0.309204710474956,2.7625203253925497,1.378893066881334,1.4833199656350855
25,DDM,value_scaling_t0,wide,DEoptim,552,1.096876672764224,1,1.3162127621030402,0.2572874042506311,1,0.309204710474956,2.7625203253925497,1.378893066881334,1.4833199656350855
25,DDM,value_scaling_t0,wide,DEoptim,553,1.096876672764224,1,1.3162127621030402,0.2572874042506311,1,0.309204710474956,2.7625203253925497,1.378893066881334,1.4833199656350855
25,DDM,value_scaling_t0,wide,DEoptim,554,1.096876672764224,1,1.3162127621030402,0.2572874042506311,1,0.309204710474956,2.742621713110098,1.378893066881334,1.4833199656350855
25,DDM,value_scaling_t0,wide,DEoptim,555,1.096876672764224,1,1.3162127621030402,0.2572874042506311,1,0.309204710474956,2.742621713110098,1.378893066881334,1.4833199656350855
25,DDM,value_scaling_t0,wide,DEoptim,556,1.096876672764224,1,1.3162127621030402,0.2572874042506311,1,0.309204710474956,2.742621713110098,1.378893066881334,1.4833199656350855
25,DDM,value_scaling_t0,wide,DEoptim,557,1.096876672764224,1,1.3162127621030402,0.2572874042506311,1,0.309204710474956,2.742621713110098,1.378893066881334,1.4833199656350855
25,DDM,value_scaling_t0,wide,DEoptim,558,1.096876672764224,1,1.3162127621030402,0.2572874042506311,1,0.309204710474956,2.742621713110098,1.378893066881334,1.4833199656350855
25,DDM,value_scaling_t0,wide,DEoptim,559,1.096876672764224,1,1.3162127621030402,0.2572874042506311,1,0.309204710474956,2.742621713110098,1.378893066881334,1.4833199656350855
25,DDM,value_scaling_t0,wide,DEoptim,560,1.096876672764224,1,1.3162127621030402,0.2572874042506311,1,0.309204710474956,2.742621713110098,1.378893066881334,1.4833199656350855
25,DDM,value_scaling_t0,wide,DEoptim,561,1.096876672764224,1,1.3162127621030402,0.2572874042506311,1,0.309204710474956,2.742621713110098,1.378893066881334,1.4833199656350855
25,DDM,value_scaling_t0,wide,DEoptim,562,1.096876672764224,1,1.3162127621030402,0.2572874042506311,1,0.309204710474956,2.7426361075340058,1.3796768596934779,1.4833199656350855
25,DDM,value_scaling_t0,wide,DEoptim,563,1.096876672764224,1,1.3162127621030402,0.2572874042506311,1,0.309204710474956,2.7426361075340058,1.3796768596934779,1.4833199656350855
25,DDM,value_scaling_t0,wide,DEoptim,564,1.096876672764224,1,1.3162127621030402,0.2572874042506311,1,0.309204710474956,2.7426361075340058,1.3796768596934779,1.4833199656350855
25,DDM,value_scaling_t0,wide,DEoptim,565,1.096876672764224,1,1.3162127621030402,0.2572874042506311,1,0.309204710474956,2.7426361075340058,1.3796768596934779,1.4833199656350855
25,DDM,value_scaling_t0,wide,DEoptim,566,1.096876672764224,1,1.3162127621030402,0.2572874042506311,1,0.309204710474956,2.7426361075340058,1.3796768596934779,1.4833199656350855
25,DDM,value_scaling_t0,wide,DEoptim,567,1.096876672764224,1,1.3092554594270982,0.2572874042506311,1,0.309204710474956,2.7426361075340058,1.3796768596934779,1.4833199656350855
25,DDM,value_scaling_t0,wide,DEoptim,568,1.096876672764224,1,1.3092554594270982,0.2572874042506311,1,0.309204710474956,2.7426361075340058,1.3796768596934779,1.4833199656350855
25,DDM,value_scaling_t0,wide,DEoptim,569,1.096876672764224,1,1.3092554594270982,0.2572874042506311,1,0.309204710474956,2.7426361075340058,1.3796768596934779,1.4833199656350855
25,DDM,value_scaling_t0,wide,DEoptim,570,1.096876672764224,1,1.3092554594270982,0.2572874042506311,1,0.309204710474956,2.7426361075340058,1.3796768596934779,1.4833199656350855
25,DDM,value_scaling_t0,wide,DEoptim,571,1.096876672764224,1,1.313448504365747,0.2572874042506311,1,0.309204710474956,2.7426361075340058,1.3796768596934779,1.4833199656350855
25,DDM,value_scaling_t0,wide,DEoptim,572,1.096876672764224,1,1.313448504365747,0.2572874042506311,1,0.309204710474956,2.7426361075340058,1.3796768596934779,1.4833199656350855
25,DDM,value_scaling_t0,wide,DEoptim,573,1.096876672764224,1,1.313448504365747,0.2572874042506311,1,0.309204710474956,2.7426361075340058,1.3796768596934779,1.4833199656350855
25,DDM,value_scaling_t0,wide,DEoptim,574,1.096876672764224,1,1.313448504365747,0.2572874042506311,1,0.309204710474956,2.7426361075340058,1.3796768596934779,1.4833199656350855
25,DDM,value_scaling_t0,wide,DEoptim,575,1.096876672764224,1,1.313448504365747,0.2572874042506311,1,0.309204710474956,2.7426361075340058,1.3796768596934779,1.4833199656350855
25,DDM,value_scaling_t0,wide,DEoptim,576,1.096876672764224,1,1.313448504365747,0.2572874042506311,1,0.309204710474956,2.7426361075340058,1.3796768596934779,1.4833199656350855
25,DDM,value_scaling_t0,wide,DEoptim,577,1.096876672764224,1,1.313448504365747,0.2572874042506311,1,0.309204710474956,2.7426361075340058,1.3796768596934779,1.4833199656350855
25,DDM,value_scaling_t0,wide,DEoptim,578,1.096876672764224,1,1.313448504365747,0.2572874042506311,1,0.309204710474956,2.7426361075340058,1.3796768596934779,1.4833199656350855
25,DDM,value_scaling_t0,wide,DEoptim,579,1.096876672764224,1,1.313448504365747,0.2572874042506311,1,0.309204710474956,2.7426361075340058,1.3796768596934779,1.4833199656350855
25,DDM,value_scaling_t0,wide,DEoptim,580,1.096876672764224,1,1.313448504365747,0.2572874042506311,1,0.309204710474956,2.7426361075340058,1.3796768596934779,1.4833199656350855
25,DDM,value_scaling_t0,wide,DEoptim,581,1.096876672764224,1,1.313448504365747,0.2572874042506311,1,0.309204710474956,2.7426361075340058,1.3796768596934779,1.4833199656350855
25,DDM,value_scaling_t0,wide,DEoptim,582,1.096876672764224,1,1.313448504365747,0.2572874042506311,1,0.309204710474956,2.7426361075340058,1.3796768596934779,1.4833199656350855
25,DDM,value_scaling_t0,wide,DEoptim,583,1.096876672764224,1,1.313448504365747,0.2572874042506311,1,0.309204710474956,2.7426361075340058,1.3796768596934779,1.4833199656350855
25,DDM,value_scaling_t0,wide,DEoptim,584,1.096876672764224,1,1.313448504365747,0.2572874042506311,1,0.309204710474956,2.7426361075340058,1.3796768596934779,1.4833199656350855
25,DDM,value_scaling_t0,wide,DEoptim,585,1.096876672764224,1,1.313448504365747,0.2572874042506311,1,0.309204710474956,2.7426361075340058,1.3796768596934779,1.4833199656350855
25,DDM,value_scaling_t0,wide,DEoptim,586,1.096876672764224,1,1.313448504365747,0.2572874042506311,1,0.309204710474956,2.7426361075340058,1.3796768596934779,1.4833199656350855
25,DDM,value_scaling_t0,wide,DEoptim,587,1.096876672764224,1,1.313448504365747,0.2572874042506311,1,0.309204710474956,2.7426361075340058,1.3796768596934779,1.4833199656350855
25,DDM,value_scaling_t0,wide,DEoptim,588,1.096876672764224,1,1.313448504365747,0.2572874042506311,1,0.309204710474956,2.7426361075340058,1.3796768596934779,1.4833199656350855
25,DDM,value_scaling_t0,wide,DEoptim,589,1.096876672764224,1,1.313448504365747,0.2572874042506311,1,0.309204710474956,2.7426361075340058,1.3796768596934779,1.4833199656350855
25,DDM,value_scaling_t0,wide,DEoptim,590,1.096876672764224,1,1.313448504365747,0.2572874042506311,1,0.309204710474956,2.7426361075340058,1.3796768596934779,1.4833199656350855
25,DDM,value_scaling_t0,wide,DEoptim,591,1.096876672764224,1,1.313448504365747,0.2572874042506311,1,0.309204710474956,2.7426361075340058,1.3796768596934779,1.4833199656350855
25,DDM,value_scaling_t0,wide,DEoptim,592,1.096876672764224,1,1.313448504365747,0.2572874042506311,1,0.309204710474956,2.7426361075340058,1.3796768596934779,1.4833199656350855
25,DDM,value_scaling_t0,wide,DEoptim,593,1.096876672764224,1,1.313448504365747,0.2572874042506311,1,0.309204710474956,2.7426361075340058,1.3796768596934779,1.4833199656350855
25,DDM,value_scaling_t0,wide,DEoptim,594,1.096876672764224,1,1.313448504365747,0.2572874042506311,1,0.309204710474956,2.7426361075340058,1.3796768596934779,1.4833199656350855
25,DDM,value_scaling_t0,wide,DEoptim,595,1.096876672764224,1,1.313448504365747,0.2572874042506311,1,0.309204710474956,2.7426361075340058,1.3796768596934779,1.4833199656350855
25,DDM,value_scaling_t0,wide,DEoptim,596,1.096876672764224,1,1.313448504365747,0.2572874042506311,1,0.309204710474956,2.7426361075340058,1.3796768596934779,1.4833199656350855
25,DDM,value_scaling_t0,wide,DEoptim,597,1.096876672764224,1,1.313448504365747,0.2572874042506311,1,0.309204710474956,2.7426361075340058,1.3796768596934779,1.4833199656350855
25,DDM,value_scaling_t0,wide,DEoptim,598,1.096876672764224,1,1.313448504365747,0.2572874042506311,1,0.309204710474956,2.7426361075340058,1.3796768596934779,1.4833199656350855
25,DDM,value_scaling_t0,wide,DEoptim,599,1.096876672764224,1,1.313448504365747,0.2572874042506311,1,0.309204710474956,2.7426361075340058,1.3796768596934779,1.4833199656350855
25,DDM,value_scaling_t0,wide,DEoptim,600,1.096876672764224,1,1.313448504365747,0.2572874042506311,1,0.309204710474956,2.7426361075340058,1.3796768596934779,1.4833199656350855
25,DDM,value_scaling_t0,wide,DEoptim,601,1.096876672764224,1,1.313448504365747,0.2572874042506311,1,0.309204710474956,2.7426361075340058,1.3796768596934779,1.4833199656350855
25,DDM,value_scaling_t0,wide,DEoptim,602,1.096876672764224,1,1.313448504365747,0.2572874042506311,1,0.309204710474956,2.7426361075340058,1.3796768596934779,1.4833199656350855
25,DDM,value_scaling_t0,wide,DEoptim,603,1.096876672764224,1,1.313448504365747,0.2572874042506311,1,0.309204710474956,2.7426361075340058,1.3796768596934779,1.4833199656350855
25,DDM,value_scaling_t0,wide,DEoptim,604,1.096876672764224,1,1.313448504365747,0.2572874042506311,1,0.309204710474956,2.7426361075340058,1.3796768596934779,1.4833199656350855
25,DDM,value_scaling_t0,wide,DEoptim,605,1.096876672764224,1,1.313448504365747,0.2572874042506311,1,0.309204710474956,2.7426361075340058,1.3796768596934779,1.4833199656350855
25,DDM,value_scaling_t0,wide,DEoptim,606,1.096876672764224,1,1.313448504365747,0.2572874042506311,1,0.309204710474956,2.7426361075340058,1.3800528598046036,1.4833199656350855
25,DDM,value_scaling_t0,wide,DEoptim,607,1.096876672764224,1,1.313448504365747,0.2572874042506311,1,0.309204710474956,2.7426361075340058,1.3800528598046036,1.4833199656350855
25,DDM,value_scaling_t0,wide,DEoptim,608,1.096876672764224,1,1.313448504365747,0.2572874042506311,1,0.309204710474956,2.7426361075340058,1.3800528598046036,1.4833199656350855
25,DDM,value_scaling_t0,wide,DEoptim,609,1.096876672764224,1,1.313448504365747,0.2572874042506311,1,0.309204710474956,2.7426361075340058,1.3800528598046036,1.4833199656350855
25,DDM,value_scaling_t0,wide,DEoptim,610,1.096876672764224,1,1.313448504365747,0.2572874042506311,1,0.309204710474956,2.7426361075340058,1.3800528598046036,1.4833199656350855
25,DDM,value_scaling_t0,wide,DEoptim,611,1.096876672764224,1,1.313448504365747,0.2572874042506311,1,0.309204710474956,2.7426361075340058,1.3800528598046036,1.4833199656350855
25,DDM,value_scaling_t0,wide,DEoptim,612,1.096876672764224,1,1.313448504365747,0.2572874042506311,1,0.309204710474956,2.7426361075340058,1.3800528598046036,1.4833199656350855
25,DDM,value_scaling_t0,wide,DEoptim,613,1.096876672764224,1,1.313448504365747,0.2572874042506311,1,0.309204710474956,2.7426361075340058,1.3800528598046036,1.4833199656350855
25,DDM,value_scaling_t0,wide,DEoptim,614,1.096876672764224,1,1.313448504365747,0.2572874042506311,1,0.309204710474956,2.7426361075340058,1.3800528598046036,1.4833199656350855
25,DDM,value_scaling_t0,wide,DEoptim,615,1.096876672764224,1,1.313448504365747,0.2572874042506311,1,0.309204710474956,2.7426361075340058,1.3800528598046036,1.4833199656350855
25,DDM,value_scaling_t0,wide,DEoptim,616,1.096876672764224,1,1.313448504365747,0.2572874042506311,1,0.309204710474956,2.7426361075340058,1.3800528598046036,1.4833199656350855
25,DDM,value_scaling_t0,wide,DEoptim,617,1.096876672764224,1,1.313448504365747,0.2572874042506311,1,0.309204710474956,2.7426361075340058,1.3800528598046036,1.4833199656350855
25,DDM,value_scaling_t0,wide,DEoptim,618,1.096876672764224,1,1.313448504365747,0.2572874042506311,1,0.309204710474956,2.7426361075340058,1.3800528598046036,1.4833199656350855
25,DDM,value_scaling_t0,wide,DEoptim,619,1.096876672764224,1,1.313448504365747,0.2572874042506311,1,0.309204710474956,2.7426361075340058,1.3800528598046036,1.4833199656350855
25,DDM,value_scaling_t0,wide,DEoptim,620,1.096876672764224,1,1.313448504365747,0.2572874042506311,1,0.309204710474956,2.7426361075340058,1.3800528598046036,1.4833199656350855
25,DDM,value_scaling_t0,wide,DEoptim,621,1.096876672764224,1,1.313448504365747,0.2572874042506311,1,0.309204710474956,2.7426361075340058,1.3800528598046036,1.4833199656350855
25,DDM,value_scaling_t0,wide,DEoptim,622,1.096876672764224,1,1.313448504365747,0.2572874042506311,1,0.309204710474956,2.7426361075340058,1.3800528598046036,1.4833199656350855
25,DDM,value_scaling_t0,wide,DEoptim,623,1.096876672764224,1,1.313448504365747,0.2572874042506311,1,0.309204710474956,2.7426361075340058,1.3800528598046036,1.4833199656350855
25,DDM,value_scaling_t0,wide,DEoptim,624,1.096876672764224,1,1.313448504365747,0.2572874042506311,1,0.309204710474956,2.7426361075340058,1.3800528598046036,1.4833199656350855
25,DDM,value_scaling_t0,wide,DEoptim,625,1.096876672764224,1,1.313448504365747,0.2572874042506311,1,0.309204710474956,2.7426361075340058,1.3800528598046036,1.4833199656350855
25,DDM,value_scaling_t0,wide,DEoptim,626,1.096876672764224,1,1.313448504365747,0.2572874042506311,1,0.309204710474956,2.7426361075340058,1.3800528598046036,1.4833199656350855
25,DDM,value_scaling_t0,wide,DEoptim,627,1.096876672764224,1,1.313448504365747,0.2572874042506311,1,0.309204710474956,2.7426361075340058,1.3800528598046036,1.4833199656350855
25,DDM,value_scaling_t0,wide,DEoptim,628,1.096876672764224,1,1.313448504365747,0.2572874042506311,1,0.309204710474956,2.7426361075340058,1.3800528598046036,1.4833199656350855
25,DDM,value_scaling_t0,wide,DEoptim,629,1.096876672764224,1,1.313448504365747,0.2572874042506311,1,0.309204710474956,2.7426361075340058,1.3800528598046036,1.4833199656350855
25,DDM,value_scaling_t0,wide,DEoptim,630,1.096876672764224,1,1.313448504365747,0.2572874042506311,1,0.309204710474956,2.7426361075340058,1.3800528598046036,1.4833199656350855
25,DDM,value_scaling_t0,wide,DEoptim,631,1.096876672764224,1,1.313448504365747,0.2572874042506311,1,0.309204710474956,2.7426361075340058,1.3800528598046036,1.4833199656350855
25,DDM,value_scaling_t0,wide,DEoptim,632,1.096876672764224,1,1.313448504365747,0.2572874042506311,1,0.309204710474956,2.7426361075340058,1.381428205247778,1.483130386971696
25,DDM,value_scaling_t0,wide,DEoptim,633,1.096876672764224,1,1.313448504365747,0.2572874042506311,1,0.309204710474956,2.7426361075340058,1.381428205247778,1.484311508760527
25,DDM,value_scaling_t0,wide,DEoptim,634,1.096876672764224,1,1.313448504365747,0.2572874042506311,1,0.309204710474956,2.7426361075340058,1.38188679622544,1.484311508760527
25,DDM,value_scaling_t0,wide,DEoptim,635,1.096876672764224,1,1.313448504365747,0.2572874042506311,1,0.309204710474956,2.7426361075340058,1.38188679622544,1.484311508760527
25,DDM,value_scaling_t0,wide,DEoptim,636,1.096876672764224,1,1.313448504365747,0.2572874042506311,1,0.309204710474956,2.7426361075340058,1.38188679622544,1.484311508760527
25,DDM,value_scaling_t0,wide,DEoptim,637,1.096876672764224,1,1.313448504365747,0.2572874042506311,1,0.309204710474956,2.7426361075340058,1.38188679622544,1.484311508760527
25,DDM,value_scaling_t0,wide,DEoptim,638,1.096876672764224,1,1.313448504365747,0.2572874042506311,1,0.309204710474956,2.7426361075340058,1.38188679622544,1.484311508760527
25,DDM,value_scaling_t0,wide,DEoptim,639,1.096876672764224,1,1.313448504365747,0.2572874042506311,1,0.309204710474956,2.7426361075340058,1.38188679622544,1.484311508760527
25,DDM,value_scaling_t0,wide,DEoptim,640,1.096876672764224,1,1.313448504365747,0.2572874042506311,1,0.309204710474956,2.7426361075340058,1.38188679622544,1.484311508760527
25,DDM,value_scaling_t0,wide,DEoptim,641,1.096876672764224,1,1.313448504365747,0.2572874042506311,1,0.309204710474956,2.7426361075340058,1.38188679622544,1.484311508760527
25,DDM,value_scaling_t0,wide,DEoptim,642,1.096876672764224,1,1.313448504365747,0.2572874042506311,1,0.309204710474956,2.7426361075340058,1.38188679622544,1.484311508760527
25,DDM,value_scaling_t0,wide,DEoptim,643,1.096876672764224,1,1.313448504365747,0.2572874042506311,1,0.309204710474956,2.7426361075340058,1.38188679622544,1.484311508760527
25,DDM,value_scaling_t0,wide,DEoptim,644,1.096876672764224,1,1.313448504365747,0.2572874042506311,1,0.309204710474956,2.7426361075340058,1.38188679622544,1.484311508760527
25,DDM,value_scaling_t0,wide,DEoptim,645,1.096876672764224,1,1.313448504365747,0.2572874042506311,1,0.309204710474956,2.7426361075340058,1.38188679622544,1.484311508760527
25,DDM,value_scaling_t0,wide,DEoptim,646,1.096876672764224,1,1.313448504365747,0.2572874042506311,1,0.309204710474956,2.7426361075340058,1.38188679622544,1.484311508760527
25,DDM,value_scaling_t0,wide,DEoptim,647,1.096876672764224,1,1.313448504365747,0.2572874042506311,1,0.309204710474956,2.7426361075340058,1.38188679622544,1.484311508760527
25,DDM,value_scaling_t0,wide,DEoptim,648,1.096876672764224,1,1.313448504365747,0.2572874042506311,1,0.309204710474956,2.7426361075340058,1.38188679622544,1.484311508760527
25,DDM,value_scaling_t0,wide,DEoptim,649,1.096876672764224,1,1.313448504365747,0.2572874042506311,1,0.309204710474956,2.7426361075340058,1.38188679622544,1.484311508760527
25,DDM,value_scaling_t0,wide,DEoptim,650,1.096876672764224,1,1.313448504365747,0.2572874042506311,1,0.309204710474956,2.7426361075340058,1.38188679622544,1.484311508760527
25,DDM,value_scaling_t0,wide,DEoptim,651,1.096876672764224,1,1.313448504365747,0.2572874042506311,1,0.309204710474956,2.7426361075340058,1.38188679622544,1.484311508760527
25,DDM,value_scaling_t0,wide,DEoptim,652,1.096876672764224,1,1.313448504365747,0.2572874042506311,1,0.309204710474956,2.7426361075340058,1.38188679622544,1.484311508760527
25,DDM,value_scaling_t0,wide,DEoptim,653,1.096876672764224,1,1.313448504365747,0.2572874042506311,1,0.309204710474956,2.7426361075340058,1.38188679622544,1.484311508760527
25,DDM,value_scaling_t0,wide,DEoptim,654,1.096876672764224,1,1.313448504365747,0.2572874042506311,1,0.309204710474956,2.7426361075340058,1.38188679622544,1.484311508760527
25,DDM,value_scaling_t0,wide,DEoptim,655,1.096876672764224,1,1.313448504365747,0.2572874042506311,1,0.309204710474956,2.7426361075340058,1.38188679622544,1.484311508760527
25,DDM,value_scaling_t0,wide,DEoptim,656,1.096876672764224,1,1.313448504365747,0.2572874042506311,1,0.309204710474956,2.7426361075340058,1.38188679622544,1.484311508760527
25,DDM,value_scaling_t0,wide,DEoptim,657,1.096876672764224,1,1.313448504365747,0.2572874042506311,1,0.30916072321858307,2.741842669471292,1.3824826030687496,1.484311508760527
25,DDM,value_scaling_t0,wide,DEoptim,658,1.096876672764224,1,1.313448504365747,0.2572874042506311,1,0.30916072321858307,2.741842669471292,1.3824826030687496,1.484311508760527
25,DDM,value_scaling_t0,wide,DEoptim,659,1.096876672764224,1,1.313448504365747,0.2572874042506311,1,0.30916072321858307,2.741842669471292,1.3824826030687496,1.484311508760527
25,DDM,value_scaling_t0,wide,DEoptim,660,1.096876672764224,1,1.313448504365747,0.2572874042506311,1,0.30916072321858307,2.741842669471292,1.3824826030687496,1.484311508760527
25,DDM,value_scaling_t0,wide,DEoptim,661,1.096876672764224,1,1.313448504365747,0.2572874042506311,1,0.30916072321858307,2.741842669471292,1.3824826030687496,1.484311508760527
25,DDM,value_scaling_t0,wide,DEoptim,662,1.096876672764224,1,1.313448504365747,0.2572874042506311,1,0.30916072321858307,2.741842669471292,1.3824826030687496,1.484311508760527
25,DDM,value_scaling_t0,wide,DEoptim,663,1.096876672764224,1,1.313448504365747,0.2572874042506311,1,0.30916072321858307,2.741842669471292,1.3824826030687496,1.484311508760527
25,DDM,value_scaling_t0,wide,DEoptim,664,1.096876672764224,1,1.313448504365747,0.2572874042506311,1,0.30916072321858307,2.741842669471292,1.3824826030687496,1.484311508760527
25,DDM,value_scaling_t0,wide,DEoptim,665,1.096876672764224,1,1.313448504365747,0.2572874042506311,1,0.30916072321858307,2.741842669471292,1.3824826030687496,1.484311508760527
25,DDM,value_scaling_t0,wide,DEoptim,666,1.096876672764224,1,1.313448504365747,0.2572874042506311,1,0.30916072321858307,2.741842669471292,1.3824826030687496,1.484311508760527
25,DDM,value_scaling_t0,wide,DEoptim,667,1.096876672764224,1,1.313448504365747,0.2572874042506311,1,0.30916072321858307,2.741842669471292,1.3824826030687496,1.484311508760527
25,DDM,value_scaling_t0,wide,DEoptim,668,1.096876672764224,1,1.313448504365747,0.2572874042506311,1,0.30916072321858307,2.741842669471292,1.3824826030687496,1.484311508760527
25,DDM,value_scaling_t0,wide,DEoptim,669,1.0915289551411802,1,1.3256184966645452,0.2506264967427342,1,0.30995869644461627,2.731834246819332,1.382820533952163,1.4858132241987512
25,DDM,value_scaling_t0,wide,DEoptim,670,1.0915289551411802,1,1.3256184966645452,0.2506264967427342,1,0.30995869644461627,2.731834246819332,1.382820533952163,1.4858132241987512
25,DDM,value_scaling_t0,wide,DEoptim,671,1.0915289551411802,1,1.3256184966645452,0.2506264967427342,1,0.30995869644461627,2.731834246819332,1.382820533952163,1.4858132241987512
25,DDM,value_scaling_t0,wide,DEoptim,672,1.0915289551411802,1,1.3256184966645452,0.2506264967427342,1,0.30995869644461627,2.731834246819332,1.382820533952163,1.4858132241987512
25,DDM,value_scaling_t0,wide,DEoptim,673,1.0915289551411802,1,1.3256184966645452,0.2506264967427342,1,0.30995869644461627,2.731834246819332,1.3832007795930734,1.4858132241987512
25,DDM,value_scaling_t0,wide,DEoptim,674,1.0915289551411802,1,1.3256184966645452,0.2506264967427342,1,0.30995869644461627,2.731834246819332,1.3832007795930734,1.4858132241987512
25,DDM,value_scaling_t0,wide,DEoptim,675,1.0915289551411802,1,1.3256184966645452,0.2506264967427342,1,0.30995869644461627,2.731834246819332,1.3832007795930734,1.4858132241987512
25,DDM,value_scaling_t0,wide,DEoptim,676,1.0915289551411802,1,1.3256184966645452,0.2506264967427342,1,0.30995869644461627,2.731834246819332,1.3832007795930734,1.4858132241987512
25,DDM,value_scaling_t0,wide,DEoptim,677,1.0915289551411802,1,1.3256184966645452,0.2506264967427342,1,0.30995869644461627,2.731834246819332,1.3832007795930734,1.4858132241987512
25,DDM,value_scaling_t0,wide,DEoptim,678,1.0915289551411802,1,1.3256184966645452,0.2506264967427342,1,0.30995869644461627,2.731834246819332,1.3832007795930734,1.4858132241987512
25,DDM,value_scaling_t0,wide,DEoptim,679,1.0915289551411802,1,1.3256184966645452,0.2506264967427342,1,0.30995869644461627,2.731834246819332,1.3832007795930734,1.4858132241987512
25,DDM,value_scaling_t0,wide,DEoptim,680,1.0915289551411802,1,1.3256184966645452,0.2506264967427342,1,0.30995869644461627,2.731834246819332,1.3832007795930734,1.4858132241987512
25,DDM,value_scaling_t0,wide,DEoptim,681,1.0915289551411802,1,1.3256184966645452,0.2506264967427342,1,0.30995869644461627,2.731834246819332,1.3832007795930734,1.4858132241987512
25,DDM,value_scaling_t0,wide,DEoptim,682,1.0915289551411802,1,1.3256184966645452,0.25230402849371814,1,0.30995869644461627,2.731834246819332,1.3832007795930734,1.4858132241987512
25,DDM,value_scaling_t0,wide,DEoptim,683,1.0915289551411802,1,1.3256184966645452,0.25230402849371814,1,0.30995869644461627,2.731834246819332,1.3832007795930734,1.4858132241987512
25,DDM,value_scaling_t0,wide,DEoptim,684,1.0915289551411802,1,1.3256184966645452,0.25230402849371814,1,0.30995869644461627,2.731834246819332,1.3832007795930734,1.4858132241987512
25,DDM,value_scaling_t0,wide,DEoptim,685,1.0915289551411802,1,1.3256184966645452,0.25230402849371814,1,0.30995869644461627,2.731834246819332,1.3832007795930734,1.4858132241987512
25,DDM,value_scaling_t0,wide,DEoptim,686,1.0915289551411802,1,1.3256184966645452,0.25230402849371814,1,0.30995869644461627,2.731834246819332,1.3832007795930734,1.4858132241987512
25,DDM,value_scaling_t0,wide,DEoptim,687,1.0915289551411802,1,1.3256184966645452,0.25230402849371814,1,0.30995869644461627,2.731834246819332,1.3832007795930734,1.4858132241987512
25,DDM,value_scaling_t0,wide,DEoptim,688,1.0915289551411802,1,1.3256184966645452,0.25230402849371814,1,0.30995869644461627,2.731834246819332,1.3832007795930734,1.4858132241987512
25,DDM,value_scaling_t0,wide,DEoptim,689,1.0915289551411802,1,1.3256184966645452,0.25230402849371814,1,0.30995869644461627,2.731834246819332,1.3832007795930734,1.4858132241987512
25,DDM,value_scaling_t0,wide,DEoptim,690,1.0915289551411802,1,1.3256184966645452,0.25230402849371814,1,0.30995869644461627,2.731834246819332,1.3832007795930734,1.4858132241987512
25,DDM,value_scaling_t0,wide,DEoptim,691,1.0915289551411802,1,1.3256184966645452,0.25230402849371814,1,0.30995869644461627,2.731834246819332,1.3832007795930734,1.4836593881079048
25,DDM,value_scaling_t0,wide,DEoptim,692,1.0915289551411802,1,1.3256184966645452,0.25230402849371814,1,0.30995869644461627,2.731834246819332,1.3832007795930734,1.4836593881079048
25,DDM,value_scaling_t0,wide,DEoptim,693,1.0915289551411802,1,1.3256184966645452,0.25230402849371814,1,0.30995869644461627,2.731834246819332,1.3832007795930734,1.4836593881079048
25,DDM,value_scaling_t0,wide,DEoptim,694,1.0915289551411802,1,1.3256184966645452,0.25230402849371814,1,0.30995869644461627,2.731834246819332,1.3832007795930734,1.4836593881079048
25,DDM,value_scaling_t0,wide,DEoptim,695,1.0915289551411802,1,1.3256184966645452,0.25230402849371814,1,0.30995869644461627,2.731834246819332,1.3832007795930734,1.4836593881079048
25,DDM,value_scaling_t0,wide,DEoptim,696,1.0915289551411802,1,1.3256184966645452,0.25230402849371814,1,0.30995869644461627,2.732234613307182,1.3834431969261671,1.4836593881079048
25,DDM,value_scaling_t0,wide,DEoptim,697,1.0915289551411802,1,1.3256184966645452,0.25230402849371814,1,0.30995869644461627,2.732234613307182,1.3834431969261671,1.4836593881079048
25,DDM,value_scaling_t0,wide,DEoptim,698,1.0915289551411802,1,1.3256184966645452,0.25230402849371814,1,0.30995869644461627,2.732234613307182,1.3834431969261671,1.4836593881079048
25,DDM,value_scaling_t0,wide,DEoptim,699,1.0915289551411802,1,1.3256184966645452,0.25230402849371814,1,0.30995869644461627,2.732234613307182,1.3834431969261671,1.4836593881079048
25,DDM,value_scaling_t0,wide,DEoptim,700,1.0915289551411802,1,1.3256184966645452,0.25230402849371814,1,0.30995869644461627,2.732234613307182,1.3834431969261671,1.4836593881079048
25,DDM,value_scaling_t0,wide,DEoptim,701,1.0915289551411802,1,1.3256184966645452,0.25230402849371814,1,0.30995869644461627,2.732234613307182,1.3834431969261671,1.4836593881079048
25,DDM,value_scaling_t0,wide,DEoptim,702,1.0915289551411802,1,1.3256184966645452,0.25230402849371814,1,0.30995869644461627,2.732234613307182,1.3834431969261671,1.4836593881079048
25,DDM,value_scaling_t0,wide,DEoptim,703,1.0915289551411802,1,1.3256184966645452,0.25230402849371814,1,0.30995869644461627,2.732234613307182,1.3834431969261671,1.484734769176885
25,DDM,value_scaling_t0,wide,DEoptim,704,1.0915289551411802,1,1.3256184966645452,0.25230402849371814,1,0.30995869644461627,2.732234613307182,1.3834431969261671,1.484734769176885
25,DDM,value_scaling_t0,wide,DEoptim,705,1.0915289551411802,1,1.3256184966645452,0.25230402849371814,1,0.30995869644461627,2.732234613307182,1.3834431969261671,1.484734769176885
25,DDM,value_scaling_t0,wide,DEoptim,706,1.0915289551411802,1,1.3256184966645452,0.25230402849371814,1,0.30995869644461627,2.732234613307182,1.3834431969261671,1.484734769176885
25,DDM,value_scaling_t0,wide,DEoptim,707,1.0915289551411802,1,1.3256184966645452,0.25230402849371814,1,0.30995869644461627,2.732234613307182,1.3834431969261671,1.484734769176885
25,DDM,value_scaling_t0,wide,DEoptim,708,1.0915289551411802,1,1.3256184966645452,0.25230402849371814,1,0.30995869644461627,2.732234613307182,1.3834431969261671,1.484734769176885
25,DDM,value_scaling_t0,wide,DEoptim,709,1.0915289551411802,1,1.3256184966645452,0.25230402849371814,1,0.30995869644461627,2.732234613307182,1.3834431969261671,1.484734769176885
25,DDM,value_scaling_t0,wide,DEoptim,710,1.0915289551411802,1,1.3256184966645452,0.25230402849371814,1,0.30995869644461627,2.732234613307182,1.3834431969261671,1.484734769176885
25,DDM,value_scaling_t0,wide,DEoptim,711,1.0915289551411802,1,1.3256184966645452,0.25230402849371814,1,0.30995869644461627,2.732234613307182,1.3834431969261671,1.484734769176885
25,DDM,value_scaling_t0,wide,DEoptim,712,1.0915289551411802,1,1.3256184966645452,0.25230402849371814,1,0.30995869644461627,2.732234613307182,1.3834431969261671,1.484734769176885
25,DDM,value_scaling_t0,wide,DEoptim,713,1.0915289551411802,1,1.3256184966645452,0.25230402849371814,1,0.30995869644461627,2.732234613307182,1.3834431969261671,1.484734769176885
25,DDM,value_scaling_t0,wide,DEoptim,714,1.0915289551411802,1,1.3256184966645452,0.25230402849371814,1,0.30995869644461627,2.732234613307182,1.3834431969261671,1.484734769176885
25,DDM,value_scaling_t0,wide,DEoptim,715,1.0915289551411802,1,1.3256184966645452,0.25230402849371814,1,0.30995869644461627,2.732234613307182,1.3834431969261671,1.484734769176885
25,DDM,value_scaling_t0,wide,DEoptim,716,1.0915289551411802,1,1.3256184966645452,0.25230402849371814,1,0.30995869644461627,2.732234613307182,1.3834431969261671,1.484734769176885
25,DDM,value_scaling_t0,wide,DEoptim,717,1.0915289551411802,1,1.3256184966645452,0.25230402849371814,1,0.30995869644461627,2.732234613307182,1.3834431969261671,1.484734769176885
25,DDM,value_scaling_t0,wide,DEoptim,718,1.0915289551411802,1,1.3256184966645452,0.25230402849371814,1,0.30995869644461627,2.732234613307182,1.3834431969261671,1.484734769176885
25,DDM,value_scaling_t0,wide,DEoptim,719,1.0915289551411802,1,1.3256184966645452,0.25230402849371814,1,0.30995869644461627,2.732234613307182,1.3834431969261671,1.484734769176885
25,DDM,value_scaling_t0,wide,DEoptim,720,1.0915289551411802,1,1.3256184966645452,0.25230402849371814,1,0.30995869644461627,2.732234613307182,1.3834431969261671,1.484734769176885
25,DDM,value_scaling_t0,wide,DEoptim,721,1.0915289551411802,1,1.3256184966645452,0.25230402849371814,1,0.30995869644461627,2.732234613307182,1.3834431969261671,1.484734769176885
25,DDM,value_scaling_t0,wide,DEoptim,722,1.0915289551411802,1,1.3256184966645452,0.25230402849371814,1,0.30995869644461627,2.732234613307182,1.3834431969261671,1.484734769176885
25,DDM,value_scaling_t0,wide,DEoptim,723,1.0915289551411802,1,1.3256184966645452,0.25230402849371814,1,0.30995869644461627,2.732234613307182,1.3834431969261671,1.484734769176885
25,DDM,value_scaling_t0,wide,DEoptim,724,1.0915289551411802,1,1.3256184966645452,0.25230402849371814,1,0.30995869644461627,2.732234613307182,1.3834431969261671,1.484734769176885
25,DDM,value_scaling_t0,wide,DEoptim,725,1.0915289551411802,1,1.3256184966645452,0.25230402849371814,1,0.30995869644461627,2.732234613307182,1.3834431969261671,1.484734769176885
25,DDM,value_scaling_t0,wide,DEoptim,726,1.0915289551411802,1,1.3256184966645452,0.25230402849371814,1,0.30995869644461627,2.732234613307182,1.3834431969261671,1.484734769176885
25,DDM,value_scaling_t0,wide,DEoptim,727,1.0915289551411802,1,1.3256184966645452,0.25230402849371814,1,0.30995869644461627,2.732234613307182,1.3834431969261671,1.484734769176885
25,DDM,value_scaling_t0,wide,DEoptim,728,1.0915289551411802,1,1.3256184966645452,0.25230402849371814,1,0.30995869644461627,2.732234613307182,1.3834431969261671,1.484734769176885
25,DDM,value_scaling_t0,wide,DEoptim,729,1.0915289551411802,1,1.3256184966645452,0.25230402849371814,1,0.30995869644461627,2.732234613307182,1.3834431969261671,1.484734769176885
25,DDM,value_scaling_t0,wide,DEoptim,730,1.0915289551411802,1,1.3256184966645452,0.25230402849371814,1,0.30995869644461627,2.732234613307182,1.3834431969261671,1.484734769176885
25,DDM,value_scaling_t0,wide,DEoptim,731,1.0915289551411802,1,1.3256184966645452,0.25230402849371814,1,0.30995869644461627,2.732234613307182,1.3834431969261671,1.484734769176885
25,DDM,value_scaling_t0,wide,DEoptim,732,1.0915289551411802,1,1.3256184966645452,0.25230402849371814,1,0.30995869644461627,2.732234613307182,1.3834431969261671,1.484734769176885
25,DDM,value_scaling_t0,wide,DEoptim,733,1.0915289551411802,1,1.3256184966645452,0.25230402849371814,1,0.30995869644461627,2.732234613307182,1.3834431969261671,1.484734769176885
25,DDM,value_scaling_t0,wide,DEoptim,734,1.0915289551411802,1,1.3256184966645452,0.25230402849371814,1,0.30995869644461627,2.732234613307182,1.3834431969261671,1.484734769176885
25,DDM,value_scaling_t0,wide,DEoptim,735,1.0915289551411802,1,1.3256184966645452,0.25230402849371814,1,0.30995869644461627,2.732234613307182,1.3834431969261671,1.484734769176885
25,DDM,value_scaling_t0,wide,DEoptim,736,1.0915289551411802,1,1.3256184966645452,0.25230402849371814,1,0.30995869644461627,2.732234613307182,1.3834431969261671,1.484734769176885
25,DDM,value_scaling_t0,wide,DEoptim,737,1.0915289551411802,1,1.3256184966645452,0.25230402849371814,1,0.30995869644461627,2.732234613307182,1.3834431969261671,1.484734769176885
25,DDM,value_scaling_t0,wide,DEoptim,738,1.0915289551411802,1,1.3256184966645452,0.25230402849371814,1,0.30995869644461627,2.732234613307182,1.3834431969261671,1.484734769176885
25,DDM,value_scaling_t0,wide,DEoptim,739,1.0915289551411802,1,1.3256184966645452,0.25230402849371814,1,0.30995869644461627,2.732234613307182,1.3834431969261671,1.484734769176885
25,DDM,value_scaling_t0,wide,DEoptim,740,1.0915289551411802,1,1.3256184966645452,0.25230402849371814,1,0.30995869644461627,2.732234613307182,1.3834431969261671,1.484734769176885
25,DDM,value_scaling_t0,wide,DEoptim,741,1.0915289551411802,1,1.3256184966645452,0.25230402849371814,1,0.30995869644461627,2.732234613307182,1.3834431969261671,1.484734769176885
25,DDM,value_scaling_t0,wide,DEoptim,742,1.0915289551411802,1,1.3256184966645452,0.25230402849371814,1,0.30995869644461627,2.732234613307182,1.3834431969261671,1.484734769176885
25,DDM,value_scaling_t0,wide,DEoptim,743,1.0915289551411802,1,1.3256184966645452,0.25230402849371814,1,0.30995869644461627,2.732234613307182,1.3834431969261671,1.484734769176885
25,DDM,value_scaling_t0,wide,DEoptim,744,1.0915289551411802,1,1.3256184966645452,0.25230402849371814,1,0.30995869644461627,2.732234613307182,1.3834431969261671,1.484734769176885
25,DDM,value_scaling_t0,wide,DEoptim,745,1.0915289551411802,1,1.3256184966645452,0.25230402849371814,1,0.30995869644461627,2.732234613307182,1.3834431969261671,1.484734769176885
25,DDM,value_scaling_t0,wide,DEoptim,746,1.0915289551411802,1,1.3256184966645452,0.25230402849371814,1,0.30995869644461627,2.732234613307182,1.3834431969261671,1.484734769176885
25,DDM,value_scaling_t0,wide,DEoptim,747,1.0915289551411802,1,1.3256184966645452,0.25230402849371814,1,0.30995869644461627,2.732234613307182,1.3834431969261671,1.484734769176885
25,DDM,value_scaling_t0,wide,DEoptim,748,1.0915289551411802,1,1.3256184966645452,0.25230402849371814,1,0.30995869644461627,2.732234613307182,1.3834431969261671,1.484734769176885
25,DDM,value_scaling_t0,wide,DEoptim,749,1.0915289551411802,1,1.3256184966645452,0.25230402849371814,1,0.30995869644461627,2.732234613307182,1.3834431969261671,1.484734769176885
25,DDM,value_scaling_t0,wide,DEoptim,750,1.0915289551411802,1,1.3256184966645452,0.25230402849371814,1,0.30995869644461627,2.732234613307182,1.3834431969261671,1.484734769176885
25,DDM,value_scaling_t0,wide,DEoptim,751,1.0915289551411802,1,1.3256184966645452,0.25230402849371814,1,0.30995869644461627,2.732234613307182,1.3834431969261671,1.484734769176885
25,DDM,value_scaling_t0,wide,DEoptim,752,1.0915289551411802,1,1.3256184966645452,0.25230402849371814,1,0.30995869644461627,2.732234613307182,1.3834431969261671,1.484734769176885
25,DDM,value_scaling_t0,wide,DEoptim,753,1.0915289551411802,1,1.3256184966645452,0.25230402849371814,1,0.30995869644461627,2.732234613307182,1.3834431969261671,1.484734769176885
25,DDM,value_scaling_t0,wide,DEoptim,754,1.0915289551411802,1,1.3256184966645452,0.25230402849371814,1,0.30995869644461627,2.732234613307182,1.3834431969261671,1.484734769176885
25,DDM,value_scaling_t0,wide,DEoptim,755,1.0915289551411802,1,1.3256184966645452,0.25230402849371814,1,0.30995869644461627,2.732234613307182,1.3834431969261671,1.484734769176885
25,DDM,value_scaling_t0,wide,DEoptim,756,1.0915289551411802,1,1.3256184966645452,0.25230402849371814,1,0.30995869644461627,2.732234613307182,1.3834431969261671,1.484734769176885
25,DDM,value_scaling_t0,wide,DEoptim,757,1.0915289551411802,1,1.3256184966645452,0.25230402849371814,1,0.30995869644461627,2.732234613307182,1.3834431969261671,1.484734769176885
25,DDM,value_scaling_t0,wide,DEoptim,758,1.0915289551411802,1,1.3256184966645452,0.25230402849371814,1,0.30995869644461627,2.732234613307182,1.3834431969261671,1.484734769176885
25,DDM,value_scaling_t0,wide,DEoptim,759,1.0915289551411802,1,1.3256184966645452,0.25230402849371814,1,0.30995869644461627,2.732234613307182,1.3834431969261671,1.484734769176885
25,DDM,value_scaling_t0,wide,DEoptim,760,1.0915289551411802,1,1.3256184966645452,0.25230402849371814,1,0.30995869644461627,2.732234613307182,1.3834431969261671,1.484734769176885
25,DDM,value_scaling_t0,wide,DEoptim,761,1.0915289551411802,1,1.3256184966645452,0.25230402849371814,1,0.30995869644461627,2.732234613307182,1.3834431969261671,1.484734769176885
25,DDM,value_scaling_t0,wide,DEoptim,762,1.0915289551411802,1,1.3256184966645452,0.25230402849371814,1,0.30995869644461627,2.732234613307182,1.3834431969261671,1.484734769176885
25,DDM,value_scaling_t0,wide,DEoptim,763,1.0915289551411802,1,1.3256184966645452,0.25230402849371814,1,0.30995869644461627,2.732234613307182,1.3834431969261671,1.484734769176885
25,DDM,value_scaling_t0,wide,DEoptim,764,1.0915289551411802,1,1.3256184966645452,0.25230402849371814,1,0.30995869644461627,2.732234613307182,1.3834431969261671,1.484734769176885
25,DDM,value_scaling_t0,wide,DEoptim,765,1.0915289551411802,1,1.3256184966645452,0.25230402849371814,1,0.30995869644461627,2.732234613307182,1.3834431969261671,1.484734769176885
25,DDM,value_scaling_t0,wide,DEoptim,766,1.0915289551411802,1,1.3256184966645452,0.25230402849371814,1,0.30995869644461627,2.732234613307182,1.3834431969261671,1.484734769176885
25,DDM,value_scaling_t0,wide,DEoptim,767,1.0915289551411802,1,1.3256184966645452,0.25230402849371814,1,0.30995869644461627,2.732234613307182,1.3834431969261671,1.484734769176885
25,DDM,value_scaling_t0,wide,DEoptim,768,1.0915289551411802,1,1.3256184966645452,0.25230402849371814,1,0.30995869644461627,2.732234613307182,1.3834431969261671,1.484734769176885
25,DDM,value_scaling_t0,wide,DEoptim,769,1.0915289551411802,1,1.3256184966645452,0.25230402849371814,1,0.30995869644461627,2.732234613307182,1.3834431969261671,1.484734769176885
25,DDM,value_scaling_t0,wide,DEoptim,770,1.0915289551411802,1,1.3256184966645452,0.25230402849371814,1,0.30995869644461627,2.732234613307182,1.3834431969261671,1.484734769176885
25,DDM,value_scaling_t0,wide,DEoptim,771,1.0915289551411802,1,1.3256184966645452,0.25230402849371814,1,0.30995869644461627,2.732234613307182,1.3834431969261671,1.484734769176885
25,DDM,value_scaling_t0,wide,DEoptim,772,1.0915289551411802,1,1.3256184966645452,0.25230402849371814,1,0.30995869644461627,2.732234613307182,1.3834431969261671,1.484734769176885
25,DDM,value_scaling_t0,wide,DEoptim,773,1.0915289551411802,1,1.3256184966645452,0.25230402849371814,1,0.30995869644461627,2.732234613307182,1.3834431969261671,1.484734769176885
25,DDM,value_scaling_t0,wide,DEoptim,774,1.0915289551411802,1,1.3256184966645452,0.25230402849371814,1,0.30995869644461627,2.732234613307182,1.3834431969261671,1.484734769176885
25,DDM,value_scaling_t0,wide,DEoptim,775,1.0915289551411802,1,1.3256184966645452,0.25230402849371814,1,0.30995869644461627,2.732234613307182,1.3834431969261671,1.484734769176885
25,DDM,value_scaling_t0,wide,DEoptim,776,1.0915289551411802,1,1.3234577647230925,0.25230402849371814,1,0.30995869644461627,2.732234613307182,1.3834431969261671,1.484734769176885
25,DDM,value_scaling_t0,wide,DEoptim,777,1.0915289551411802,1,1.3234577647230925,0.25230402849371814,1,0.30995869644461627,2.732234613307182,1.3834431969261671,1.484734769176885
25,DDM,value_scaling_t0,wide,DEoptim,778,1.0915289551411802,1,1.3234577647230925,0.25230402849371814,1,0.30995869644461627,2.732234613307182,1.3834431969261671,1.484734769176885
25,DDM,value_scaling_t0,wide,DEoptim,779,1.0915289551411802,1,1.3234577647230925,0.25230402849371814,1,0.30995869644461627,2.732234613307182,1.3834431969261671,1.484734769176885
25,DDM,value_scaling_t0,wide,DEoptim,780,1.0915289551411802,1,1.3234577647230925,0.25230402849371814,1,0.30995869644461627,2.732234613307182,1.3834431969261671,1.484734769176885
25,DDM,value_scaling_t0,wide,DEoptim,781,1.0915289551411802,1,1.3234577647230925,0.25230402849371814,1,0.30995869644461627,2.732234613307182,1.3834431969261671,1.484734769176885
25,DDM,value_scaling_t0,wide,DEoptim,782,1.0915289551411802,1,1.3234577647230925,0.25230402849371814,1,0.30995869644461627,2.732234613307182,1.3834431969261671,1.484734769176885
25,DDM,value_scaling_t0,wide,DEoptim,783,1.0915289551411802,1,1.3234577647230925,0.25230402849371814,1,0.30995869644461627,2.732234613307182,1.3834431969261671,1.484734769176885
25,DDM,value_scaling_t0,wide,DEoptim,784,1.0915289551411802,1,1.3234577647230925,0.25230402849371814,1,0.30995869644461627,2.732234613307182,1.3834431969261671,1.484734769176885
25,DDM,value_scaling_t0,wide,DEoptim,785,1.0915289551411802,1,1.3234577647230925,0.25230402849371814,1,0.30995869644461627,2.732234613307182,1.3834431969261671,1.484734769176885
25,DDM,value_scaling_t0,wide,DEoptim,786,1.0915289551411802,1,1.3234577647230925,0.25230402849371814,1,0.30995869644461627,2.732234613307182,1.3834431969261671,1.484734769176885
25,DDM,value_scaling_t0,wide,DEoptim,787,1.0915289551411802,1,1.3234577647230925,0.25230402849371814,1,0.30995869644461627,2.732234613307182,1.3834431969261671,1.484734769176885
25,DDM,value_scaling_t0,wide,DEoptim,788,1.0915289551411802,1,1.3234577647230925,0.25230402849371814,1,0.30995869644461627,2.732234613307182,1.3834431969261671,1.484734769176885
25,DDM,value_scaling_t0,wide,DEoptim,789,1.0915289551411802,1,1.3234577647230925,0.25230402849371814,1,0.30995869644461627,2.732234613307182,1.3834431969261671,1.484734769176885
25,DDM,value_scaling_t0,wide,DEoptim,790,1.0915289551411802,1,1.3234577647230925,0.25230402849371814,1,0.30995869644461627,2.732234613307182,1.3834431969261671,1.484734769176885
25,DDM,value_scaling_t0,wide,DEoptim,791,1.0915289551411802,1,1.3234577647230925,0.25230402849371814,1,0.30995869644461627,2.732234613307182,1.3834431969261671,1.484734769176885
25,DDM,value_scaling_t0,wide,DEoptim,792,1.0915289551411802,1,1.3234577647230925,0.25230402849371814,1,0.30995869644461627,2.732234613307182,1.3834431969261671,1.484734769176885
25,DDM,value_scaling_t0,wide,DEoptim,793,1.0915289551411802,1,1.3234577647230925,0.25230402849371814,1,0.30995869644461627,2.732234613307182,1.3834431969261671,1.484734769176885
25,DDM,value_scaling_t0,wide,DEoptim,794,1.0915289551411802,1,1.3234577647230925,0.25230402849371814,1,0.30995869644461627,2.732234613307182,1.3834431969261671,1.484734769176885
25,DDM,value_scaling_t0,wide,DEoptim,795,1.0915289551411802,1,1.3234577647230925,0.25230402849371814,1,0.30995869644461627,2.732234613307182,1.3834431969261671,1.484734769176885
25,DDM,value_scaling_t0,wide,DEoptim,796,1.0915289551411802,1,1.3234577647230925,0.25230402849371814,1,0.30995869644461627,2.732234613307182,1.3834431969261671,1.484734769176885
25,DDM,value_scaling_t0,wide,DEoptim,797,1.0915289551411802,1,1.3234577647230925,0.25230402849371814,1,0.30995869644461627,2.732234613307182,1.3834431969261671,1.484734769176885
25,DDM,value_scaling_t0,wide,DEoptim,798,1.0915289551411802,1,1.3234577647230925,0.25230402849371814,1,0.30995869644461627,2.732234613307182,1.3834431969261671,1.484734769176885
25,DDM,value_scaling_t0,wide,DEoptim,799,1.0915289551411802,1,1.3234577647230925,0.25230402849371814,1,0.30995869644461627,2.732234613307182,1.3834431969261671,1.484734769176885
25,DDM,value_scaling_t0,wide,DEoptim,800,1.0915289551411802,1,1.3234577647230925,0.25230402849371814,1,0.30995869644461627,2.732234613307182,1.3834431969261671,1.484734769176885
25,DDM,value_scaling_t0,wide,DEoptim,801,1.0915289551411802,1,1.3234577647230925,0.25230402849371814,1,0.30995869644461627,2.732234613307182,1.3834431969261671,1.4836746548137338
25,DDM,value_scaling_t0,wide,DEoptim,802,1.0915289551411802,1,1.3234577647230925,0.25230402849371814,1,0.30995869644461627,2.732234613307182,1.3834431969261671,1.4836746548137338
25,DDM,value_scaling_t0,wide,DEoptim,803,1.0915289551411802,1,1.3234577647230925,0.25230402849371814,1,0.30995869644461627,2.732234613307182,1.3834431969261671,1.4836746548137338
25,DDM,value_scaling_t0,wide,DEoptim,804,1.0915289551411802,1,1.3234577647230925,0.25230402849371814,1,0.30995869644461627,2.732234613307182,1.3834431969261671,1.484224549123208
25,DDM,value_scaling_t0,wide,DEoptim,805,1.0915289551411802,1,1.3234577647230925,0.25230402849371814,1,0.30995869644461627,2.732234613307182,1.3834431969261671,1.484224549123208
25,DDM,value_scaling_t0,wide,DEoptim,806,1.0915289551411802,1,1.3234577647230925,0.25230402849371814,1,0.30995869644461627,2.732234613307182,1.3834431969261671,1.484224549123208
25,DDM,value_scaling_t0,wide,DEoptim,807,1.0915289551411802,1,1.3234577647230925,0.25230402849371814,1,0.30995869644461627,2.732234613307182,1.3834431969261671,1.484224549123208
25,DDM,value_scaling_t0,wide,DEoptim,808,1.0915289551411802,1,1.3234577647230925,0.25230402849371814,1,0.30995869644461627,2.732234613307182,1.3834431969261671,1.484224549123208
25,DDM,value_scaling_t0,wide,DEoptim,809,1.0915289551411802,1,1.3234577647230925,0.25230402849371814,1,0.30995869644461627,2.732234613307182,1.3834431969261671,1.484224549123208
25,DDM,value_scaling_t0,wide,DEoptim,810,1.0915289551411802,1,1.3234577647230925,0.25230402849371814,1,0.30995869644461627,2.732234613307182,1.3834431969261671,1.484224549123208
25,DDM,value_scaling_t0,wide,DEoptim,811,1.0915289551411802,1,1.3234577647230925,0.25230402849371814,1,0.30995869644461627,2.732234613307182,1.3834431969261671,1.484224549123208
25,DDM,value_scaling_t0,wide,DEoptim,812,1.0915289551411802,1,1.3234577647230925,0.25230402849371814,1,0.30995869644461627,2.732234613307182,1.3834431969261671,1.484224549123208
25,DDM,value_scaling_t0,wide,DEoptim,813,1.0915289551411802,1,1.3234577647230925,0.25230402849371814,1,0.30995869644461627,2.732234613307182,1.3834431969261671,1.484224549123208
25,DDM,value_scaling_t0,wide,DEoptim,814,1.0915289551411802,1,1.3234577647230925,0.25230402849371814,1,0.30995869644461627,2.732234613307182,1.3834431969261671,1.484224549123208
25,DDM,value_scaling_t0,wide,DEoptim,815,1.0915289551411802,1,1.3234577647230925,0.25230402849371814,1,0.30995869644461627,2.732234613307182,1.3834431969261671,1.484224549123208
25,DDM,value_scaling_t0,wide,DEoptim,816,1.0915289551411802,1,1.3234577647230925,0.25230402849371814,1,0.30995869644461627,2.732234613307182,1.3834431969261671,1.484224549123208
25,DDM,value_scaling_t0,wide,DEoptim,817,1.0915289551411802,1,1.3234577647230925,0.25230402849371814,1,0.30995869644461627,2.732234613307182,1.3834431969261671,1.484224549123208
25,DDM,value_scaling_t0,wide,DEoptim,818,1.0915289551411802,1,1.3234577647230925,0.25230402849371814,1,0.30995869644461627,2.732234613307182,1.3834431969261671,1.484224549123208
25,DDM,value_scaling_t0,wide,DEoptim,819,1.0915289551411802,1,1.3234577647230925,0.25230402849371814,1,0.30995869644461627,2.732234613307182,1.3834431969261671,1.484224549123208
25,DDM,value_scaling_t0,wide,DEoptim,820,1.0915289551411802,1,1.3234577647230925,0.25230402849371814,1,0.30995869644461627,2.732234613307182,1.3834431969261671,1.484224549123208
25,DDM,value_scaling_t0,wide,DEoptim,821,1.0915289551411802,1,1.3234577647230925,0.25230402849371814,1,0.30995869644461627,2.732234613307182,1.3834431969261671,1.484224549123208
25,DDM,value_scaling_t0,wide,DEoptim,822,1.0915289551411802,1,1.3234577647230925,0.25230402849371814,1,0.30995869644461627,2.732234613307182,1.3834431969261671,1.484224549123208
25,DDM,value_scaling_t0,wide,DEoptim,823,1.0915289551411802,1,1.3234577647230925,0.25230402849371814,1,0.30995869644461627,2.732234613307182,1.3834431969261671,1.484224549123208
25,DDM,value_scaling_t0,wide,DEoptim,824,1.0915289551411802,1,1.3234577647230925,0.25230402849371814,1,0.30995869644461627,2.732234613307182,1.3834431969261671,1.484224549123208
25,DDM,value_scaling_t0,wide,DEoptim,825,1.0915289551411802,1,1.3234577647230925,0.25230402849371814,1,0.30995869644461627,2.732234613307182,1.3834431969261671,1.484224549123208
25,DDM,value_scaling_t0,wide,DEoptim,826,1.0915289551411802,1,1.3234577647230925,0.25230402849371814,1,0.30995869644461627,2.732234613307182,1.3834431969261671,1.484224549123208
25,DDM,value_scaling_t0,wide,DEoptim,827,1.0915289551411802,1,1.3234577647230925,0.25230402849371814,1,0.30995869644461627,2.732234613307182,1.3834431969261671,1.484224549123208
25,DDM,value_scaling_t0,wide,DEoptim,828,1.0915289551411802,1,1.3234577647230925,0.25230402849371814,1,0.30995869644461627,2.732234613307182,1.3834431969261671,1.484224549123208
25,DDM,value_scaling_t0,wide,DEoptim,829,1.0915289551411802,1,1.3234577647230925,0.25230402849371814,1,0.30995869644461627,2.732234613307182,1.3834431969261671,1.484224549123208
25,DDM,value_scaling_t0,wide,DEoptim,830,1.0915289551411802,1,1.3234577647230925,0.25230402849371814,1,0.30995869644461627,2.732234613307182,1.3834431969261671,1.484224549123208
25,DDM,value_scaling_t0,wide,DEoptim,831,1.0915289551411802,1,1.3234577647230925,0.25230402849371814,1,0.30995869644461627,2.732234613307182,1.3834431969261671,1.484224549123208
25,DDM,value_scaling_t0,wide,DEoptim,832,1.0915289551411802,1,1.3234577647230925,0.25230402849371814,1,0.30995869644461627,2.732234613307182,1.3834431969261671,1.484224549123208
25,DDM,value_scaling_t0,wide,DEoptim,833,1.0915289551411802,1,1.3234577647230925,0.25230402849371814,1,0.30995869644461627,2.732234613307182,1.3834431969261671,1.484224549123208
25,DDM,value_scaling_t0,wide,DEoptim,834,1.0915289551411802,1,1.3234577647230925,0.25230402849371814,1,0.30995869644461627,2.732234613307182,1.3834431969261671,1.484224549123208
25,DDM,value_scaling_t0,wide,DEoptim,835,1.0915289551411802,1,1.3234577647230925,0.25230402849371814,1,0.30995869644461627,2.732234613307182,1.3834431969261671,1.484224549123208
25,DDM,value_scaling_t0,wide,DEoptim,836,1.0915289551411802,1,1.3234577647230925,0.25230402849371814,1,0.30995869644461627,2.732234613307182,1.3834431969261671,1.484224549123208
25,DDM,value_scaling_t0,wide,DEoptim,837,1.0915289551411802,1,1.3234577647230925,0.25230402849371814,1,0.30995869644461627,2.732234613307182,1.3834431969261671,1.484224549123208
25,DDM,value_scaling_t0,wide,DEoptim,838,1.0915289551411802,1,1.3234577647230925,0.25230402849371814,1,0.30995869644461627,2.732234613307182,1.3834431969261671,1.484224549123208
25,DDM,value_scaling_t0,wide,DEoptim,839,1.0915289551411802,1,1.3234577647230925,0.25230402849371814,1,0.30995869644461627,2.732234613307182,1.3834431969261671,1.484224549123208
25,DDM,value_scaling_t0,wide,DEoptim,840,1.0915289551411802,1,1.3234577647230925,0.25230402849371814,1,0.30995869644461627,2.732234613307182,1.3834431969261671,1.484224549123208
25,DDM,value_scaling_t0,wide,DEoptim,841,1.0915289551411802,1,1.3234577647230925,0.25230402849371814,1,0.30995869644461627,2.732234613307182,1.3834431969261671,1.484224549123208
25,DDM,value_scaling_t0,wide,DEoptim,842,1.0915289551411802,1,1.3234577647230925,0.25230402849371814,1,0.30995869644461627,2.732234613307182,1.3834431969261671,1.484224549123208
25,DDM,value_scaling_t0,wide,DEoptim,843,1.0915289551411802,1,1.3234577647230925,0.25230402849371814,1,0.30995869644461627,2.732234613307182,1.3834431969261671,1.484224549123208
25,DDM,value_scaling_t0,wide,DEoptim,844,1.0915289551411802,1,1.3234577647230925,0.25230402849371814,1,0.30995869644461627,2.732234613307182,1.3834431969261671,1.484224549123208
25,DDM,value_scaling_t0,wide,DEoptim,845,1.0915289551411802,1,1.3234577647230925,0.25230402849371814,1,0.30995869644461627,2.732234613307182,1.3834431969261671,1.484224549123208
25,DDM,value_scaling_t0,wide,DEoptim,846,1.0915289551411802,1,1.3234577647230925,0.25230402849371814,1,0.30995869644461627,2.732234613307182,1.3834431969261671,1.484224549123208
25,DDM,value_scaling_t0,wide,DEoptim,847,1.0915289551411802,1,1.3234577647230925,0.25230402849371814,1,0.30995869644461627,2.732234613307182,1.3834431969261671,1.484224549123208
25,DDM,value_scaling_t0,wide,DEoptim,848,1.0915289551411802,1,1.3234577647230925,0.25230402849371814,1,0.30995869644461627,2.732234613307182,1.3834431969261671,1.484224549123208
25,DDM,value_scaling_t0,wide,DEoptim,849,1.0915289551411802,1,1.3234577647230925,0.25230402849371814,1,0.30995869644461627,2.732234613307182,1.3834431969261671,1.484224549123208
25,DDM,value_scaling_t0,wide,DEoptim,850,1.0915289551411802,1,1.3234577647230925,0.25230402849371814,1,0.30995869644461627,2.732234613307182,1.3834431969261671,1.484224549123208
25,DDM,value_scaling_t0,wide,DEoptim,851,1.0915289551411802,1,1.3234577647230925,0.25230402849371814,1,0.30995869644461627,2.732234613307182,1.3834431969261671,1.484224549123208
25,DDM,value_scaling_t0,wide,DEoptim,852,1.0915289551411802,1,1.3234577647230925,0.25230402849371814,1,0.30995869644461627,2.732234613307182,1.3834431969261671,1.484224549123208
25,DDM,value_scaling_t0,wide,DEoptim,853,1.0915289551411802,1,1.3234577647230925,0.25230402849371814,1,0.30995869644461627,2.732234613307182,1.3834431969261671,1.484224549123208
25,DDM,value_scaling_t0,wide,DEoptim,854,1.0915289551411802,1,1.3234577647230925,0.25230402849371814,1,0.30995869644461627,2.732234613307182,1.3834431969261671,1.484224549123208
25,DDM,value_scaling_t0,wide,DEoptim,855,1.0915289551411802,1,1.3234577647230925,0.25230402849371814,1,0.30995869644461627,2.732234613307182,1.3834431969261671,1.484224549123208
25,DDM,value_scaling_t0,wide,DEoptim,856,1.0915289551411802,1,1.3234577647230925,0.25230402849371814,1,0.30995869644461627,2.732234613307182,1.3834431969261671,1.484224549123208
25,DDM,value_scaling_t0,wide,DEoptim,857,1.0915289551411802,1,1.3234577647230925,0.25230402849371814,1,0.30995869644461627,2.732234613307182,1.3834431969261671,1.484224549123208
25,DDM,value_scaling_t0,wide,DEoptim,858,1.0915289551411802,1,1.3234577647230925,0.25230402849371814,1,0.30995869644461627,2.732234613307182,1.3834431969261671,1.484224549123208
25,DDM,value_scaling_t0,wide,DEoptim,859,1.0915289551411802,1,1.3234577647230925,0.25230402849371814,1,0.30995869644461627,2.732234613307182,1.3831526719021383,1.484224549123208
25,DDM,value_scaling_t0,wide,DEoptim,860,1.0915289551411802,1,1.3234577647230925,0.25230402849371814,1,0.30995869644461627,2.7358459003471576,1.3821777716048547,1.484224549123208
25,DDM,value_scaling_t0,wide,DEoptim,861,1.0915289551411802,1,1.3234577647230925,0.25230402849371814,1,0.30995869644461627,2.7358459003471576,1.3821777716048547,1.484224549123208
25,DDM,value_scaling_t0,wide,DEoptim,862,1.0915289551411802,1,1.3234577647230925,0.25230402849371814,1,0.30995869644461627,2.7358459003471576,1.3821777716048547,1.484224549123208
25,DDM,value_scaling_t0,wide,DEoptim,863,1.0915289551411802,1,1.3234577647230925,0.25230402849371814,1,0.30995869644461627,2.7358459003471576,1.3821777716048547,1.484224549123208
25,DDM,value_scaling_t0,wide,DEoptim,864,1.0915289551411802,1,1.3234577647230925,0.25230402849371814,1,0.30995869644461627,2.7358459003471576,1.3821777716048547,1.484224549123208
25,DDM,value_scaling_t0,wide,DEoptim,865,1.0915289551411802,1,1.3234577647230925,0.25230402849371814,1,0.30995869644461627,2.7358459003471576,1.3821777716048547,1.484224549123208
25,DDM,value_scaling_t0,wide,DEoptim,866,1.0915289551411802,1,1.3234577647230925,0.25230402849371814,1,0.30995869644461627,2.7358459003471576,1.3821777716048547,1.484224549123208
25,DDM,value_scaling_t0,wide,DEoptim,867,1.0915289551411802,1,1.3234577647230925,0.25230402849371814,1,0.30995869644461627,2.7358459003471576,1.3821777716048547,1.484224549123208
25,DDM,value_scaling_t0,wide,DEoptim,868,1.0915289551411802,1,1.3234577647230925,0.25230402849371814,1,0.30995869644461627,2.7358459003471576,1.3821777716048547,1.484224549123208
25,DDM,value_scaling_t0,wide,DEoptim,869,1.0915289551411802,1,1.3234577647230925,0.25230402849371814,1,0.30995869644461627,2.7358459003471576,1.3821777716048547,1.484224549123208
25,DDM,value_scaling_t0,wide,DEoptim,870,1.0915289551411802,1,1.3234577647230925,0.25230402849371814,1,0.30995869644461627,2.7358459003471576,1.3821777716048547,1.484224549123208
25,DDM,value_scaling_t0,wide,DEoptim,871,1.0915289551411802,1,1.3234577647230925,0.25230402849371814,1,0.30995869644461627,2.7358459003471576,1.3821777716048547,1.484224549123208
25,DDM,value_scaling_t0,wide,DEoptim,872,1.0915289551411802,1,1.3234577647230925,0.25230402849371814,1,0.30995869644461627,2.7358459003471576,1.3821777716048547,1.484224549123208
25,DDM,value_scaling_t0,wide,DEoptim,873,1.0915289551411802,1,1.3234577647230925,0.25230402849371814,1,0.30995869644461627,2.7358459003471576,1.3821777716048547,1.484224549123208
25,DDM,value_scaling_t0,wide,DEoptim,874,1.0915289551411802,1,1.3234577647230925,0.25230402849371814,1,0.30995869644461627,2.7358459003471576,1.3821777716048547,1.484224549123208
25,DDM,value_scaling_t0,wide,DEoptim,875,1.0915289551411802,1,1.3234577647230925,0.25230402849371814,1,0.30995869644461627,2.7358459003471576,1.3821777716048547,1.484224549123208
25,DDM,value_scaling_t0,wide,DEoptim,876,1.0915289551411802,1,1.3234577647230925,0.25230402849371814,1,0.30995869644461627,2.7358459003471576,1.3821777716048547,1.484224549123208
25,DDM,value_scaling_t0,wide,DEoptim,877,1.0915289551411802,1,1.3234577647230925,0.25230402849371814,1,0.30995869644461627,2.7358459003471576,1.3821777716048547,1.484224549123208
25,DDM,value_scaling_t0,wide,DEoptim,878,1.0915289551411802,1,1.3234577647230925,0.25230402849371814,1,0.30995869644461627,2.7358459003471576,1.3821777716048547,1.484224549123208
25,DDM,value_scaling_t0,wide,DEoptim,879,1.0915289551411802,1,1.3234577647230925,0.25230402849371814,1,0.30995869644461627,2.7358459003471576,1.3821777716048547,1.484224549123208
25,DDM,value_scaling_t0,wide,DEoptim,880,1.0915289551411802,1,1.3234577647230925,0.25230402849371814,1,0.30995869644461627,2.7358459003471576,1.3821777716048547,1.484224549123208
25,DDM,value_scaling_t0,wide,DEoptim,881,1.0915289551411802,1,1.3234577647230925,0.25230402849371814,1,0.30995869644461627,2.7358459003471576,1.3821777716048547,1.484224549123208
25,DDM,value_scaling_t0,wide,DEoptim,882,1.0915289551411802,1,1.3234577647230925,0.25230402849371814,1,0.30995869644461627,2.7358459003471576,1.3821777716048547,1.484224549123208
25,DDM,value_scaling_t0,wide,DEoptim,883,1.0915289551411802,1,1.3234577647230925,0.25230402849371814,1,0.30995869644461627,2.7358459003471576,1.3821777716048547,1.484224549123208
25,DDM,value_scaling_t0,wide,DEoptim,884,1.0915289551411802,1,1.3234577647230925,0.25230402849371814,1,0.30995869644461627,2.7358459003471576,1.3821777716048547,1.484224549123208
25,DDM,value_scaling_t0,wide,DEoptim,885,1.0915289551411802,1,1.3234577647230925,0.25230402849371814,1,0.30995869644461627,2.7358459003471576,1.3821777716048547,1.484224549123208
25,DDM,value_scaling_t0,wide,DEoptim,886,1.0915289551411802,1,1.3234577647230925,0.25230402849371814,1,0.30995869644461627,2.7358459003471576,1.3821777716048547,1.484224549123208
25,DDM,value_scaling_t0,wide,DEoptim,887,1.0850802709214813,1,1.3242645303524014,0.25471973469995646,1,0.3181149313246477,2.733025043507168,1.3828066434924156,1.4842476454325566
25,DDM,value_scaling_t0,wide,DEoptim,888,1.0850802709214813,1,1.3242645303524014,0.25471973469995646,1,0.3181149313246477,2.733025043507168,1.3828066434924156,1.4842476454325566
25,DDM,value_scaling_t0,wide,DEoptim,889,1.0850802709214813,1,1.3242645303524014,0.25471973469995646,1,0.3181149313246477,2.733025043507168,1.3828066434924156,1.4842476454325566
25,DDM,value_scaling_t0,wide,DEoptim,890,1.0850802709214813,1,1.3242645303524014,0.25471973469995646,1,0.3181149313246477,2.733025043507168,1.3828066434924156,1.4842476454325566
25,DDM,value_scaling_t0,wide,DEoptim,891,1.0850802709214813,1,1.3242645303524014,0.25471973469995646,1,0.3181149313246477,2.733025043507168,1.3828066434924156,1.4842476454325566
25,DDM,value_scaling_t0,wide,DEoptim,892,1.0850802709214813,1,1.3242645303524014,0.25471973469995646,1,0.3181149313246477,2.733025043507168,1.3828066434924156,1.4842476454325566
25,DDM,value_scaling_t0,wide,DEoptim,893,1.0850802709214813,1,1.3242645303524014,0.25471973469995646,1,0.3181149313246477,2.733025043507168,1.3828066434924156,1.4842476454325566
25,DDM,value_scaling_t0,wide,DEoptim,894,1.0850802709214813,1,1.3242645303524014,0.25471973469995646,1,0.3181149313246477,2.733025043507168,1.3828066434924156,1.4842476454325566
25,DDM,value_scaling_t0,wide,DEoptim,895,1.0850802709214813,1,1.3242645303524014,0.25471973469995646,1,0.3181149313246477,2.733025043507168,1.3828066434924156,1.4842476454325566
25,DDM,value_scaling_t0,wide,DEoptim,896,1.0850802709214813,1,1.3242645303524014,0.25471973469995646,1,0.3181149313246477,2.733025043507168,1.3828066434924156,1.4842476454325566
25,DDM,value_scaling_t0,wide,DEoptim,897,1.0850802709214813,1,1.3242645303524014,0.25471973469995646,1,0.3181149313246477,2.733025043507168,1.3828066434924156,1.4842476454325566
25,DDM,value_scaling_t0,wide,DEoptim,898,1.0850802709214813,1,1.3242645303524014,0.25471973469995646,1,0.3181149313246477,2.733025043507168,1.3828066434924156,1.4842476454325566
25,DDM,value_scaling_t0,wide,DEoptim,899,1.0850802709214813,1,1.3242645303524014,0.25471973469995646,1,0.3181149313246477,2.733025043507168,1.3828066434924156,1.4842476454325566
25,DDM,value_scaling_t0,wide,DEoptim,900,1.0850802709214813,1,1.3242645303524014,0.25471973469995646,1,0.3181149313246477,2.733025043507168,1.3828066434924156,1.4842476454325566
25,DDM,value_scaling_t0,wide,DEoptim,901,1.0850802709214813,1,1.3242645303524014,0.25471973469995646,1,0.3181149313246477,2.733025043507168,1.3828066434924156,1.4842476454325566
25,DDM,value_scaling_t0,wide,DEoptim,902,1.0850802709214813,1,1.3242645303524014,0.25471973469995646,1,0.3181149313246477,2.733025043507168,1.3828066434924156,1.4842476454325566
25,DDM,value_scaling_t0,wide,DEoptim,903,1.0850802709214813,1,1.3242645303524014,0.25471973469995646,1,0.3181149313246477,2.733025043507168,1.3828066434924156,1.4842476454325566
25,DDM,value_scaling_t0,wide,DEoptim,904,1.0944036003053348,1,1.3190531241664405,0.2533974974894813,1,0.30835767922504165,2.736571258706909,1.3828109582890182,1.4842042408867955
25,DDM,value_scaling_t0,wide,DEoptim,905,1.0944036003053348,1,1.3190531241664405,0.2533974974894813,1,0.30835767922504165,2.736571258706909,1.3828109582890182,1.4842042408867955
25,DDM,value_scaling_t0,wide,DEoptim,906,1.0944036003053348,1,1.3190531241664405,0.2533974974894813,1,0.30835767922504165,2.736571258706909,1.3828109582890182,1.4842042408867955
25,DDM,value_scaling_t0,wide,DEoptim,907,1.0944036003053348,1,1.3190531241664405,0.2533974974894813,1,0.30835767922504165,2.736571258706909,1.3828109582890182,1.4842042408867955
25,DDM,value_scaling_t0,wide,DEoptim,908,1.0944036003053348,1,1.3190531241664405,0.2533974974894813,1,0.30835767922504165,2.736571258706909,1.3828109582890182,1.4842042408867955
25,DDM,value_scaling_t0,wide,DEoptim,909,1.0944036003053348,1,1.3190531241664405,0.2533974974894813,1,0.30835767922504165,2.736571258706909,1.3828109582890182,1.4842042408867955
25,DDM,value_scaling_t0,wide,DEoptim,910,1.0944036003053348,1,1.3190531241664405,0.2533974974894813,1,0.30835767922504165,2.736571258706909,1.3828109582890182,1.4842042408867955
25,DDM,value_scaling_t0,wide,DEoptim,911,1.0944036003053348,1,1.3190531241664405,0.2533974974894813,1,0.30835767922504165,2.736571258706909,1.3828109582890182,1.4842042408867955
25,DDM,value_scaling_t0,wide,DEoptim,912,1.0944036003053348,1,1.3190531241664405,0.2533974974894813,1,0.30835767922504165,2.736571258706909,1.3828109582890182,1.4842042408867955
25,DDM,value_scaling_t0,wide,DEoptim,913,1.0944036003053348,1,1.3190531241664405,0.2533974974894813,1,0.30835767922504165,2.736571258706909,1.3828109582890182,1.4842042408867955
25,DDM,value_scaling_t0,wide,DEoptim,914,1.0944036003053348,1,1.3190531241664405,0.2533974974894813,1,0.30835767922504165,2.736571258706909,1.3828109582890182,1.4842042408867955
25,DDM,value_scaling_t0,wide,DEoptim,915,1.0944036003053348,1,1.3190531241664405,0.2533974974894813,1,0.30835767922504165,2.736571258706909,1.3828109582890182,1.4842042408867955
25,DDM,value_scaling_t0,wide,DEoptim,916,1.0944036003053348,1,1.3190531241664405,0.2533974974894813,1,0.30835767922504165,2.736571258706909,1.3828109582890182,1.4842042408867955
25,DDM,value_scaling_t0,wide,DEoptim,917,1.0944036003053348,1,1.3190531241664405,0.2533974974894813,1,0.30835767922504165,2.736571258706909,1.3828109582890182,1.4842042408867955
25,DDM,value_scaling_t0,wide,DEoptim,918,1.0944036003053348,1,1.3190531241664405,0.2533974974894813,1,0.30835767922504165,2.736571258706909,1.3828109582890182,1.4842042408867955
25,DDM,value_scaling_t0,wide,DEoptim,919,1.0944036003053348,1,1.3190531241664405,0.2533974974894813,1,0.30835767922504165,2.736571258706909,1.3828109582890182,1.4842042408867955
25,DDM,value_scaling_t0,wide,DEoptim,920,1.0944036003053348,1,1.3190531241664405,0.2533974974894813,1,0.30835767922504165,2.736571258706909,1.3828109582890182,1.4842042408867955
25,DDM,value_scaling_t0,wide,DEoptim,921,1.0944036003053348,1,1.3190531241664405,0.2533974974894813,1,0.30835767922504165,2.736571258706909,1.3828109582890182,1.4842042408867955
25,DDM,value_scaling_t0,wide,DEoptim,922,1.0944036003053348,1,1.3190531241664405,0.2533974974894813,1,0.30835767922504165,2.736571258706909,1.3828109582890182,1.4842042408867955
25,DDM,value_scaling_t0,wide,DEoptim,923,1.0944036003053348,1,1.3190531241664405,0.2533974974894813,1,0.30835767922504165,2.736571258706909,1.3828109582890182,1.4842042408867955
25,DDM,value_scaling_t0,wide,DEoptim,924,1.0944036003053348,1,1.3190531241664405,0.2533974974894813,1,0.30835767922504165,2.736571258706909,1.3828109582890182,1.4842042408867955
25,DDM,value_scaling_t0,wide,DEoptim,925,1.0944036003053348,1,1.3190531241664405,0.2533974974894813,1,0.30835767922504165,2.736571258706909,1.3828109582890182,1.4842042408867955
25,DDM,value_scaling_t0,wide,DEoptim,926,1.0944036003053348,1,1.3190531241664405,0.2533974974894813,1,0.30835767922504165,2.736571258706909,1.3828109582890182,1.4842042408867955
25,DDM,value_scaling_t0,wide,DEoptim,927,1.0944036003053348,1,1.3190531241664405,0.2533974974894813,1,0.30835767922504165,2.736571258706909,1.3828109582890182,1.4842042408867955
25,DDM,value_scaling_t0,wide,DEoptim,928,1.0944036003053348,1,1.3190531241664405,0.2533974974894813,1,0.30835767922504165,2.736571258706909,1.3828109582890182,1.4842042408867955
25,DDM,value_scaling_t0,wide,DEoptim,929,1.0944036003053348,1,1.3190531241664405,0.2533974974894813,1,0.30835767922504165,2.736571258706909,1.3828109582890182,1.4842042408867955
25,DDM,value_scaling_t0,wide,DEoptim,930,1.0944036003053348,1,1.3190531241664405,0.2533974974894813,1,0.30835767922504165,2.736571258706909,1.3828109582890182,1.4842042408867955
25,DDM,value_scaling_t0,wide,DEoptim,931,1.0944036003053348,1,1.3190531241664405,0.2533974974894813,1,0.30835767922504165,2.736571258706909,1.3828109582890182,1.4842042408867955
25,DDM,value_scaling_t0,wide,DEoptim,932,1.0944036003053348,1,1.3190531241664405,0.2533974974894813,1,0.30835767922504165,2.736571258706909,1.3828109582890182,1.4842042408867955
25,DDM,value_scaling_t0,wide,DEoptim,933,1.0944036003053348,1,1.3190531241664405,0.2533974974894813,1,0.30835767922504165,2.736571258706909,1.3828109582890182,1.4842042408867955
25,DDM,value_scaling_t0,wide,DEoptim,934,1.0944036003053348,1,1.3190531241664405,0.2533974974894813,1,0.30835767922504165,2.736571258706909,1.3828109582890182,1.4842042408867955
25,DDM,value_scaling_t0,wide,DEoptim,935,1.0944036003053348,1,1.3190531241664405,0.2533974974894813,1,0.30835767922504165,2.736571258706909,1.3828109582890182,1.4842042408867955
25,DDM,value_scaling_t0,wide,DEoptim,936,1.0944036003053348,1,1.3190531241664405,0.2533974974894813,1,0.30835767922504165,2.736571258706909,1.3828109582890182,1.4842042408867955
25,DDM,value_scaling_t0,wide,DEoptim,937,1.0944036003053348,1,1.3190531241664405,0.2533974974894813,1,0.30835767922504165,2.736571258706909,1.3828109582890182,1.4842042408867955
25,DDM,value_scaling_t0,wide,DEoptim,938,1.0944036003053348,1,1.3190531241664405,0.2533974974894813,1,0.30835767922504165,2.736571258706909,1.3828109582890182,1.4842042408867955
25,DDM,value_scaling_t0,wide,DEoptim,939,1.0944036003053348,1,1.3190531241664405,0.2533974974894813,1,0.30835767922504165,2.736571258706909,1.3828109582890182,1.4842042408867955
25,DDM,value_scaling_t0,wide,DEoptim,940,1.0944036003053348,1,1.3190531241664405,0.2533974974894813,1,0.30835767922504165,2.736571258706909,1.3828109582890182,1.4842042408867955
25,DDM,value_scaling_t0,wide,DEoptim,941,1.0944036003053348,1,1.3190531241664405,0.2533974974894813,1,0.30835767922504165,2.736571258706909,1.3828109582890182,1.4842042408867955
25,DDM,value_scaling_t0,wide,DEoptim,942,1.0944036003053348,1,1.3190531241664405,0.2533974974894813,1,0.30835767922504165,2.736571258706909,1.3828109582890182,1.4842042408867955
25,DDM,value_scaling_t0,wide,DEoptim,943,1.0944036003053348,1,1.3190531241664405,0.2533974974894813,1,0.30835767922504165,2.736571258706909,1.3828109582890182,1.4842042408867955
25,DDM,value_scaling_t0,wide,DEoptim,944,1.0944036003053348,1,1.3190531241664405,0.2533974974894813,1,0.30835767922504165,2.736571258706909,1.3828109582890182,1.4842042408867955
25,DDM,value_scaling_t0,wide,DEoptim,945,1.0944036003053348,1,1.3190531241664405,0.2533974974894813,1,0.30835767922504165,2.736571258706909,1.3828109582890182,1.4842042408867955
25,DDM,value_scaling_t0,wide,DEoptim,946,1.0944036003053348,1,1.3190531241664405,0.2533974974894813,1,0.30835767922504165,2.736571258706909,1.3828109582890182,1.4842042408867955
25,DDM,value_scaling_t0,wide,DEoptim,947,1.0944036003053348,1,1.3190531241664405,0.2533974974894813,1,0.30835767922504165,2.736571258706909,1.3828109582890182,1.4842042408867955
25,DDM,value_scaling_t0,wide,DEoptim,948,1.0944036003053348,1,1.3190531241664405,0.2533974974894813,1,0.30835767922504165,2.736571258706909,1.3828109582890182,1.4842042408867955
25,DDM,value_scaling_t0,wide,DEoptim,949,1.0944036003053348,1,1.3190531241664405,0.2533974974894813,1,0.30835767922504165,2.736571258706909,1.3828109582890182,1.4842042408867955
25,DDM,value_scaling_t0,wide,DEoptim,950,1.0944036003053348,1,1.3190531241664405,0.2533974974894813,1,0.30835767922504165,2.736571258706909,1.3828109582890182,1.4842042408867955
25,DDM,value_scaling_t0,wide,DEoptim,951,1.0944036003053348,1,1.3190531241664405,0.2533974974894813,1,0.30835767922504165,2.736571258706909,1.3828109582890182,1.4842042408867955
25,DDM,value_scaling_t0,wide,DEoptim,952,1.0944036003053348,1,1.3190531241664405,0.2533974974894813,1,0.30835767922504165,2.736571258706909,1.3828109582890182,1.4842042408867955
25,DDM,value_scaling_t0,wide,DEoptim,953,1.0944036003053348,1,1.3190531241664405,0.2533974974894813,1,0.30835767922504165,2.736571258706909,1.3828109582890182,1.4842042408867955
25,DDM,value_scaling_t0,wide,DEoptim,954,1.0944036003053348,1,1.3190531241664405,0.2533974974894813,1,0.30835767922504165,2.736571258706909,1.3828109582890182,1.4842042408867955
25,DDM,value_scaling_t0,wide,DEoptim,955,1.0944036003053348,1,1.3190531241664405,0.2533974974894813,1,0.30835767922504165,2.736571258706909,1.3828109582890182,1.4842042408867955
25,DDM,value_scaling_t0,wide,DEoptim,956,1.0944036003053348,1,1.3190531241664405,0.2533974974894813,1,0.30835767922504165,2.736571258706909,1.3828109582890182,1.4842042408867955
25,DDM,value_scaling_t0,wide,DEoptim,957,1.0850802709214813,1,1.3262411669857923,0.25471973469995646,1,0.3181149313246477,2.733025043507168,1.3828066434924156,1.4840353486246751
25,DDM,value_scaling_t0,wide,DEoptim,958,1.0944036003053348,1,1.3190531241664405,0.2533974974894813,1,0.30835767922504165,2.736571258706909,1.3828109582890182,1.483895278492571
25,DDM,value_scaling_t0,wide,DEoptim,959,1.0944036003053348,1,1.3190531241664405,0.2533974974894813,1,0.30835767922504165,2.736571258706909,1.3828109582890182,1.483895278492571
25,DDM,value_scaling_t0,wide,DEoptim,960,1.0944036003053348,1,1.3190531241664405,0.2533974974894813,1,0.30835767922504165,2.736571258706909,1.3828109582890182,1.483895278492571
25,DDM,value_scaling_t0,wide,DEoptim,961,1.0944036003053348,1,1.3190531241664405,0.2533974974894813,1,0.30835767922504165,2.7370414511868146,1.3824828106785314,1.483895278492571
25,DDM,value_scaling_t0,wide,DEoptim,962,1.0944036003053348,1,1.3190531241664405,0.2533974974894813,1,0.30835767922504165,2.7370414511868146,1.3824828106785314,1.483895278492571
25,DDM,value_scaling_t0,wide,DEoptim,963,1.0944036003053348,1,1.3190531241664405,0.2533974974894813,1,0.30835767922504165,2.7370414511868146,1.3826501499247805,1.483895278492571
25,DDM,value_scaling_t0,wide,DEoptim,964,1.0944036003053348,1,1.3190531241664405,0.2533974974894813,1,0.30835767922504165,2.7370414511868146,1.3826501499247805,1.483895278492571
25,DDM,value_scaling_t0,wide,DEoptim,965,1.0944036003053348,1,1.3190531241664405,0.2533974974894813,1,0.30835767922504165,2.7370414511868146,1.3826501499247805,1.483882430516324
25,DDM,value_scaling_t0,wide,DEoptim,966,1.0944036003053348,1,1.3190531241664405,0.2533974974894813,1,0.30835767922504165,2.7370414511868146,1.3826501499247805,1.483882430516324
25,DDM,value_scaling_t0,wide,DEoptim,967,1.0944036003053348,1,1.3190531241664405,0.2533974974894813,1,0.30835767922504165,2.7370414511868146,1.3826501499247805,1.483882430516324
25,DDM,value_scaling_t0,wide,DEoptim,968,1.0944036003053348,1,1.3190531241664405,0.2533974974894813,1,0.30835767922504165,2.7370414511868146,1.3826501499247805,1.4838695825400772
25,DDM,value_scaling_t0,wide,DEoptim,969,1.0944036003053348,1,1.3190531241664405,0.2533974974894813,1,0.30835767922504165,2.7370414511868146,1.3826501499247805,1.4838695825400772
25,DDM,value_scaling_t0,wide,DEoptim,970,1.0944036003053348,1,1.3190531241664405,0.2533974974894813,1,0.30835767922504165,2.7370414511868146,1.3826501499247805,1.4838695825400772
25,DDM,value_scaling_t0,wide,DEoptim,971,1.0944036003053348,1,1.3190531241664405,0.2533974974894813,1,0.30835767922504165,2.7370414511868146,1.3826501499247805,1.4838695825400772
25,DDM,value_scaling_t0,wide,DEoptim,972,1.0944036003053348,1,1.3190531241664405,0.2533974974894813,1,0.30835767922504165,2.7370414511868146,1.3826501499247805,1.4838695825400772
25,DDM,value_scaling_t0,wide,DEoptim,973,1.0944036003053348,1,1.3190531241664405,0.2533974974894813,1,0.30835767922504165,2.7370414511868146,1.3826501499247805,1.4838695825400772
25,DDM,value_scaling_t0,wide,DEoptim,974,1.0944036003053348,1,1.3190531241664405,0.2533974974894813,1,0.30835767922504165,2.7370414511868146,1.3826501499247805,1.4838695825400772
25,DDM,value_scaling_t0,wide,DEoptim,975,1.088065010712777,1,1.317969597789845,0.254310191940661,1,0.3155713328660623,2.7349878303724027,1.383027410574328,1.483989475408476
25,DDM,value_scaling_t0,wide,DEoptim,976,1.088065010712777,1,1.317969597789845,0.254310191940661,1,0.3155713328660623,2.7349878303724027,1.383027410574328,1.483989475408476
25,DDM,value_scaling_t0,wide,DEoptim,977,1.088065010712777,1,1.317969597789845,0.254310191940661,1,0.3155713328660623,2.7349878303724027,1.383027410574328,1.483989475408476
25,DDM,value_scaling_t0,wide,DEoptim,978,1.088065010712777,1,1.317969597789845,0.254310191940661,1,0.3155713328660623,2.7349878303724027,1.383027410574328,1.483989475408476
25,DDM,value_scaling_t0,wide,DEoptim,979,1.088065010712777,1,1.317969597789845,0.254310191940661,1,0.3155713328660623,2.7349878303724027,1.383027410574328,1.483989475408476
25,DDM,value_scaling_t0,wide,DEoptim,980,1.088065010712777,1,1.317969597789845,0.254310191940661,1,0.3155713328660623,2.7349878303724027,1.383027410574328,1.483989475408476
25,DDM,value_scaling_t0,wide,DEoptim,981,1.088065010712777,1,1.317969597789845,0.254310191940661,1,0.3155713328660623,2.7349878303724027,1.383027410574328,1.483989475408476
25,DDM,value_scaling_t0,wide,DEoptim,982,1.088065010712777,1,1.317969597789845,0.254310191940661,1,0.3155713328660623,2.7349878303724027,1.383027410574328,1.483989475408476
25,DDM,value_scaling_t0,wide,DEoptim,983,1.088065010712777,1,1.317969597789845,0.254310191940661,1,0.3155713328660623,2.7349878303724027,1.383027410574328,1.483989475408476
25,DDM,value_scaling_t0,wide,DEoptim,984,1.088065010712777,1,1.317969597789845,0.254310191940661,1,0.3155713328660623,2.7349878303724027,1.383027410574328,1.483989475408476
25,DDM,value_scaling_t0,wide,DEoptim,985,1.088065010712777,1,1.317969597789845,0.254310191940661,1,0.3155713328660623,2.7349878303724027,1.383027410574328,1.483989475408476
25,DDM,value_scaling_t0,wide,DEoptim,986,1.088065010712777,1,1.317969597789845,0.254310191940661,1,0.3155713328660623,2.7349878303724027,1.383027410574328,1.483989475408476
25,DDM,value_scaling_t0,wide,DEoptim,987,1.088065010712777,1,1.317969597789845,0.254310191940661,1,0.3155713328660623,2.7349878303724027,1.383027410574328,1.483989475408476
25,DDM,value_scaling_t0,wide,DEoptim,988,1.088065010712777,1,1.317969597789845,0.254310191940661,1,0.3155713328660623,2.7349878303724027,1.383027410574328,1.483989475408476
25,DDM,value_scaling_t0,wide,DEoptim,989,1.088065010712777,1,1.317969597789845,0.254310191940661,1,0.3155713328660623,2.7349878303724027,1.383027410574328,1.483989475408476
25,DDM,value_scaling_t0,wide,DEoptim,990,1.088065010712777,1,1.317969597789845,0.254310191940661,1,0.3155713328660623,2.7349878303724027,1.383027410574328,1.4838405298742217
25,DDM,value_scaling_t0,wide,DEoptim,991,1.088065010712777,1,1.317969597789845,0.254310191940661,1,0.3155713328660623,2.7349878303724027,1.383027410574328,1.4838405298742217
25,DDM,value_scaling_t0,wide,DEoptim,992,1.088065010712777,1,1.317969597789845,0.254310191940661,1,0.3155713328660623,2.7349878303724027,1.383027410574328,1.4838405298742217
25,DDM,value_scaling_t0,wide,DEoptim,993,1.088065010712777,1,1.317969597789845,0.254310191940661,1,0.3155713328660623,2.7349878303724027,1.383027410574328,1.4838405298742217
25,DDM,value_scaling_t0,wide,DEoptim,994,1.088065010712777,1,1.317969597789845,0.254310191940661,1,0.3155713328660623,2.7349878303724027,1.383027410574328,1.4838405298742217
25,DDM,value_scaling_t0,wide,DEoptim,995,1.088065010712777,1,1.317969597789845,0.254310191940661,1,0.3155713328660623,2.7349878303724027,1.383027410574328,1.4838405298742217
25,DDM,value_scaling_t0,wide,DEoptim,996,1.088065010712777,1,1.317969597789845,0.254310191940661,1,0.3155713328660623,2.7349878303724027,1.383027410574328,1.4838405298742217
25,DDM,value_scaling_t0,wide,DEoptim,997,1.088065010712777,1,1.317969597789845,0.254310191940661,1,0.3155713328660623,2.7349878303724027,1.383027410574328,1.4838405298742217
25,DDM,value_scaling_t0,wide,DEoptim,998,1.088065010712777,1,1.317969597789845,0.254310191940661,1,0.3155713328660623,2.7349878303724027,1.383027410574328,1.4838405298742217
25,DDM,value_scaling_t0,wide,DEoptim,999,1.088065010712777,1,1.317969597789845,0.254310191940661,1,0.3155713328660623,2.7349878303724027,1.383027410574328,1.4838405298742217
25,DDM,value_scaling_t0,wide,DEoptim,1000,1.088065010712777,1,1.317969597789845,0.254310191940661,1,0.3155713328660623,2.7349878303724027,1.383027410574328,1.4838405298742217
25,DDM,value_scaling_t0,wide,DEoptim,1001,1.088065010712777,1,1.317969597789845,0.254310191940661,1,0.3155713328660623,2.7349878303724027,1.383027410574328,1.4838405298742217
25,DDM,value_scaling_t0,wide,DEoptim,1002,1.088065010712777,1,1.317969597789845,0.254310191940661,1,0.3155713328660623,2.7349878303724027,1.383027410574328,1.4838405298742217
25,DDM,value_scaling_t0,wide,DEoptim,1003,1.088065010712777,1,1.317969597789845,0.254310191940661,1,0.3155713328660623,2.7349878303724027,1.383027410574328,1.4838405298742217
25,DDM,value_scaling_t0,wide,DEoptim,1004,1.088065010712777,1,1.317969597789845,0.254310191940661,1,0.3155713328660623,2.7349878303724027,1.383027410574328,1.4838405298742217
25,DDM,value_scaling_t0,wide,DEoptim,1005,1.088065010712777,1,1.317969597789845,0.254310191940661,1,0.3155713328660623,2.7349878303724027,1.383027410574328,1.4838405298742217
25,DDM,value_scaling_t0,wide,DEoptim,1006,1.088065010712777,1,1.317969597789845,0.254310191940661,1,0.3155713328660623,2.7349878303724027,1.383027410574328,1.4838405298742217
25,DDM,value_scaling_t0,wide,DEoptim,1007,1.088065010712777,1,1.317969597789845,0.254310191940661,1,0.3155713328660623,2.7349878303724027,1.383027410574328,1.4838405298742217
25,DDM,value_scaling_t0,wide,DEoptim,1008,1.088065010712777,1,1.317969597789845,0.254310191940661,1,0.3155713328660623,2.7349878303724027,1.383027410574328,1.4838405298742217
25,DDM,value_scaling_t0,wide,DEoptim,1009,1.088065010712777,1,1.317969597789845,0.254310191940661,1,0.3155713328660623,2.7349878303724027,1.383027410574328,1.4838405298742217
25,DDM,value_scaling_t0,wide,DEoptim,1010,1.088065010712777,1,1.317969597789845,0.254310191940661,1,0.3155713328660623,2.7349878303724027,1.383027410574328,1.4838405298742217
25,DDM,value_scaling_t0,wide,DEoptim,1011,1.088065010712777,1,1.317969597789845,0.254310191940661,1,0.3155713328660623,2.7349878303724027,1.383027410574328,1.4838405298742217
25,DDM,value_scaling_t0,wide,DEoptim,1012,1.088065010712777,1,1.317969597789845,0.254310191940661,1,0.3155713328660623,2.7349878303724027,1.383027410574328,1.4838405298742217
25,DDM,value_scaling_t0,wide,DEoptim,1013,1.088065010712777,1,1.317969597789845,0.254310191940661,1,0.3155713328660623,2.7349878303724027,1.383027410574328,1.4836902581300833
25,DDM,value_scaling_t0,wide,DEoptim,1014,1.088065010712777,1,1.317969597789845,0.254310191940661,1,0.3155713328660623,2.7349878303724027,1.383027410574328,1.4836902581300833
25,DDM,value_scaling_t0,wide,DEoptim,1015,1.088065010712777,1,1.317969597789845,0.254310191940661,1,0.3155713328660623,2.7349878303724027,1.383027410574328,1.4836902581300833
25,DDM,value_scaling_t0,wide,DEoptim,1016,1.088065010712777,1,1.317969597789845,0.254310191940661,1,0.3155713328660623,2.7349878303724027,1.383027410574328,1.4836902581300833
25,DDM,value_scaling_t0,wide,DEoptim,1017,1.088065010712777,1,1.317969597789845,0.254310191940661,1,0.3155713328660623,2.7349878303724027,1.383027410574328,1.4836902581300833
25,DDM,value_scaling_t0,wide,DEoptim,1018,1.088065010712777,1,1.317969597789845,0.254310191940661,1,0.3155713328660623,2.7349878303724027,1.383027410574328,1.4836902581300833
25,DDM,value_scaling_t0,wide,DEoptim,1019,1.088065010712777,1,1.317969597789845,0.254310191940661,1,0.3155713328660623,2.7349878303724027,1.383027410574328,1.4836902581300833
25,DDM,value_scaling_t0,wide,DEoptim,1020,1.088065010712777,1,1.317969597789845,0.254310191940661,1,0.3155713328660623,2.7349878303724027,1.383027410574328,1.4836902581300833
25,DDM,value_scaling_t0,wide,DEoptim,1021,1.088065010712777,1,1.317969597789845,0.254310191940661,1,0.3155713328660623,2.7349878303724027,1.383027410574328,1.4836902581300833
25,DDM,value_scaling_t0,wide,DEoptim,1022,1.088065010712777,1,1.317969597789845,0.254310191940661,1,0.3155713328660623,2.7349878303724027,1.383027410574328,1.4836902581300833
25,DDM,value_scaling_t0,wide,DEoptim,1023,1.088065010712777,1,1.317969597789845,0.254310191940661,1,0.3155713328660623,2.7349878303724027,1.383027410574328,1.4836902581300833
25,DDM,value_scaling_t0,wide,DEoptim,1024,1.088065010712777,1,1.317969597789845,0.254310191940661,1,0.3155713328660623,2.7349878303724027,1.383027410574328,1.4836902581300833
25,DDM,value_scaling_t0,wide,DEoptim,1025,1.088065010712777,1,1.317969597789845,0.254310191940661,1,0.3155713328660623,2.7349878303724027,1.383027410574328,1.4836902581300833
25,DDM,value_scaling_t0,wide,DEoptim,1026,1.088065010712777,1,1.317969597789845,0.254310191940661,1,0.3155713328660623,2.7349878303724027,1.383027410574328,1.4836902581300833
25,DDM,value_scaling_t0,wide,DEoptim,1027,1.088065010712777,1,1.317969597789845,0.254310191940661,1,0.3155713328660623,2.7349878303724027,1.383027410574328,1.4836902581300833
25,DDM,value_scaling_t0,wide,DEoptim,1028,1.088065010712777,1,1.317969597789845,0.254310191940661,1,0.3155713328660623,2.7349878303724027,1.383027410574328,1.4836902581300833
25,DDM,value_scaling_t0,wide,DEoptim,1029,1.0863276399999746,1,1.3251484061483232,0.25453223112525253,1,0.31700075190641447,2.7343340265236895,1.3828273895621388,1.4839446562698893
25,DDM,value_scaling_t0,wide,DEoptim,1030,1.0863276399999746,1,1.3251484061483232,0.25453223112525253,1,0.31700075190641447,2.7343340265236895,1.3828273895621388,1.4839446562698893
25,DDM,value_scaling_t0,wide,DEoptim,1031,1.0863276399999746,1,1.3251484061483232,0.25453223112525253,1,0.31700075190641447,2.7343340265236895,1.3828273895621388,1.4839446562698893
25,DDM,value_scaling_t0,wide,DEoptim,1032,1.0863276399999746,1,1.3251484061483232,0.25453223112525253,1,0.31700075190641447,2.7343340265236895,1.3828273895621388,1.4839446562698893
25,DDM,value_scaling_t0,wide,DEoptim,1033,1.0863276399999746,1,1.3251484061483232,0.25453223112525253,1,0.31700075190641447,2.7343340265236895,1.3828273895621388,1.4839446562698893
25,DDM,value_scaling_t0,wide,DEoptim,1034,1.0863276399999746,1,1.3251484061483232,0.25453223112525253,1,0.31700075190641447,2.7343340265236895,1.3828273895621388,1.4839446562698893
25,DDM,value_scaling_t0,wide,DEoptim,1035,1.0863276399999746,1,1.3251484061483232,0.25453223112525253,1,0.31700075190641447,2.7343340265236895,1.3828273895621388,1.4839446562698893
25,DDM,value_scaling_t0,wide,DEoptim,1036,1.0863276399999746,1,1.3251484061483232,0.25453223112525253,1,0.31700075190641447,2.7343340265236895,1.3828273895621388,1.4839446562698893
25,DDM,value_scaling_t0,wide,DEoptim,1037,1.0863276399999746,1,1.3251484061483232,0.25453223112525253,1,0.31700075190641447,2.7343340265236895,1.3828273895621388,1.4839446562698893
25,DDM,value_scaling_t0,wide,DEoptim,1038,1.0863276399999746,1,1.3251484061483232,0.25453223112525253,1,0.31700075190641447,2.7343340265236895,1.3828273895621388,1.4839446562698893
25,DDM,value_scaling_t0,wide,DEoptim,1039,1.0863276399999746,1,1.3251484061483232,0.25453223112525253,1,0.31700075190641447,2.7343340265236895,1.3828273895621388,1.4839446562698893
25,DDM,value_scaling_t0,wide,DEoptim,1040,1.0863276399999746,1,1.3251484061483232,0.25453223112525253,1,0.31700075190641447,2.7343340265236895,1.3828273895621388,1.4839446562698893
25,DDM,value_scaling_t0,wide,DEoptim,1041,1.0863276399999746,1,1.3251484061483232,0.25453223112525253,1,0.31700075190641447,2.7343340265236895,1.3828273895621388,1.4839446562698893
25,DDM,value_scaling_t0,wide,DEoptim,1042,1.0863276399999746,1,1.3251484061483232,0.25453223112525253,1,0.31700075190641447,2.7343340265236895,1.3828273895621388,1.4839446562698893
25,DDM,value_scaling_t0,wide,DEoptim,1043,1.0863276399999746,1,1.3251484061483232,0.25453223112525253,1,0.31700075190641447,2.7343340265236895,1.3828273895621388,1.4839446562698893
25,DDM,value_scaling_t0,wide,DEoptim,1044,1.0863276399999746,1,1.3251484061483232,0.25453223112525253,1,0.31700075190641447,2.7343340265236895,1.3828273895621388,1.4839446562698893
25,DDM,value_scaling_t0,wide,DEoptim,1045,1.0863276399999746,1,1.3251484061483232,0.25453223112525253,1,0.31700075190641447,2.7343340265236895,1.3828273895621388,1.4839446562698893
25,DDM,value_scaling_t0,wide,DEoptim,1046,1.0863276399999746,1,1.3251484061483232,0.25453223112525253,1,0.31700075190641447,2.7343340265236895,1.3827201440219805,1.4839446562698893
25,DDM,value_scaling_t0,wide,DEoptim,1047,1.0863276399999746,1,1.3251484061483232,0.25453223112525253,1,0.31700075190641447,2.7343340265236895,1.3827201440219805,1.4839446562698893
25,DDM,value_scaling_t0,wide,DEoptim,1048,1.0863276399999746,1,1.3251484061483232,0.25453223112525253,1,0.31700075190641447,2.7343340265236895,1.3827201440219805,1.4839446562698893
25,DDM,value_scaling_t0,wide,DEoptim,1049,1.0863276399999746,1,1.3251484061483232,0.25453223112525253,1,0.31700075190641447,2.7343340265236895,1.3827201440219805,1.4839446562698893
25,DDM,value_scaling_t0,wide,DEoptim,1050,1.0863276399999746,1,1.3251484061483232,0.25453223112525253,1,0.31700075190641447,2.7343340265236895,1.3827201440219805,1.4839446562698893
25,DDM,value_scaling_t0,wide,DEoptim,1051,1.0863276399999746,1,1.3251484061483232,0.25453223112525253,1,0.31700075190641447,2.7343340265236895,1.3827201440219805,1.4839446562698893
25,DDM,value_scaling_t0,wide,DEoptim,1052,1.0863276399999746,1,1.3251484061483232,0.25453223112525253,1,0.31700075190641447,2.7343340265236895,1.3827201440219805,1.4839446562698893
25,DDM,value_scaling_t0,wide,DEoptim,1053,1.0863276399999746,1,1.3251484061483232,0.25453223112525253,1,0.31700075190641447,2.7343340265236895,1.3827201440219805,1.4839446562698893
25,DDM,value_scaling_t0,wide,DEoptim,1054,1.0863276399999746,1,1.3251484061483232,0.25453223112525253,1,0.31700075190641447,2.7343340265236895,1.3827201440219805,1.4839446562698893
25,DDM,value_scaling_t0,wide,DEoptim,1055,1.0863276399999746,1,1.3251484061483232,0.25453223112525253,1,0.31700075190641447,2.7343340265236895,1.3827201440219805,1.4839446562698893
25,DDM,value_scaling_t0,wide,DEoptim,1056,1.0863276399999746,1,1.3251484061483232,0.25453223112525253,1,0.31700075190641447,2.7343340265236895,1.3827201440219805,1.4839446562698893
25,DDM,value_scaling_t0,wide,DEoptim,1057,1.0863276399999746,1,1.3251484061483232,0.25453223112525253,1,0.31700075190641447,2.7343340265236895,1.3827201440219805,1.4839446562698893
25,DDM,value_scaling_t0,wide,DEoptim,1058,1.0863276399999746,1,1.3251484061483232,0.25453223112525253,1,0.31700075190641447,2.7343340265236895,1.3827201440219805,1.4839446562698893
25,DDM,value_scaling_t0,wide,DEoptim,1059,1.0863276399999746,1,1.3251484061483232,0.25453223112525253,1,0.31700075190641447,2.7343340265236895,1.3827201440219805,1.4839446562698893
25,DDM,value_scaling_t0,wide,DEoptim,1060,1.0863276399999746,1,1.3251484061483232,0.25453223112525253,1,0.31700075190641447,2.7343340265236895,1.3827201440219805,1.4839446562698893
25,DDM,value_scaling_t0,wide,DEoptim,1061,1.0863276399999746,1,1.3251484061483232,0.25453223112525253,1,0.31700075190641447,2.7343340265236895,1.3827201440219805,1.4839446562698893
25,DDM,value_scaling_t0,wide,DEoptim,1062,1.0863276399999746,1,1.3251484061483232,0.25453223112525253,1,0.31700075190641447,2.7343340265236895,1.3827201440219805,1.4839446562698893
25,DDM,value_scaling_t0,wide,DEoptim,1063,1.0863276399999746,1,1.3251484061483232,0.25453223112525253,1,0.31700075190641447,2.7343340265236895,1.3827201440219805,1.4839446562698893
25,DDM,value_scaling_t0,wide,DEoptim,1064,1.0863276399999746,1,1.3251484061483232,0.25453223112525253,1,0.31700075190641447,2.7343340265236895,1.3827201440219805,1.4839446562698893
25,DDM,value_scaling_t0,wide,DEoptim,1065,1.0863276399999746,1,1.3251484061483232,0.25453223112525253,1,0.31700075190641447,2.7343340265236895,1.3827201440219805,1.4839446562698893
25,DDM,value_scaling_t0,wide,DEoptim,1066,1.0863276399999746,1,1.3251484061483232,0.25453223112525253,1,0.31700075190641447,2.7343340265236895,1.3827201440219805,1.4839446562698893
25,DDM,value_scaling_t0,wide,DEoptim,1067,1.088065010712777,1,1.3186608719281852,0.254310191940661,1,0.3155713328660623,2.7349878303724027,1.382717705723227,1.4836902581300833
25,DDM,value_scaling_t0,wide,DEoptim,1068,1.0863276399999746,1,1.3239661408717918,0.25453223112525253,1,0.31700075190641447,2.7343340265236895,1.3827201440219805,1.4839446562698893
25,DDM,value_scaling_t0,wide,DEoptim,1069,1.0863276399999746,1,1.3239661408717918,0.25453223112525253,1,0.31700075190641447,2.7343340265236895,1.3827201440219805,1.4839446562698893
25,DDM,value_scaling_t0,wide,DEoptim,1070,1.0863276399999746,1,1.3239661408717918,0.25453223112525253,1,0.31700075190641447,2.7343340265236895,1.3827201440219805,1.4839446562698893
25,DDM,value_scaling_t0,wide,DEoptim,1071,1.0863276399999746,1,1.3239661408717918,0.25453223112525253,1,0.31700075190641447,2.7343340265236895,1.3827201440219805,1.4838400374988443
25,DDM,value_scaling_t0,wide,DEoptim,1072,1.0863276399999746,1,1.3239661408717918,0.25453223112525253,1,0.31700075190641447,2.7343340265236895,1.3827201440219805,1.4838400374988443
25,DDM,value_scaling_t0,wide,DEoptim,1073,1.0863276399999746,1,1.3239661408717918,0.25453223112525253,1,0.31700075190641447,2.7343340265236895,1.3827201440219805,1.4838400374988443
25,DDM,value_scaling_t0,wide,DEoptim,1074,1.0863276399999746,1,1.3239661408717918,0.25453223112525253,1,0.31700075190641447,2.7343340265236895,1.3827201440219805,1.4838400374988443
25,DDM,value_scaling_t0,wide,DEoptim,1075,1.0863276399999746,1,1.3239661408717918,0.25453223112525253,1,0.31700075190641447,2.7343340265236895,1.3827201440219805,1.4838400374988443
25,DDM,value_scaling_t0,wide,DEoptim,1076,1.0863276399999746,1,1.3239661408717918,0.25453223112525253,1,0.31700075190641447,2.7343340265236895,1.3827201440219805,1.4838400374988443
25,DDM,value_scaling_t0,wide,DEoptim,1077,1.0863276399999746,1,1.3239661408717918,0.25453223112525253,1,0.31700075190641447,2.7343340265236895,1.3827201440219805,1.4838400374988443
25,DDM,value_scaling_t0,wide,DEoptim,1078,1.0863276399999746,1,1.3239661408717918,0.25453223112525253,1,0.31700075190641447,2.7343340265236895,1.3827201440219805,1.4838400374988443
25,DDM,value_scaling_t0,wide,DEoptim,1079,1.0863276399999746,1,1.3239661408717918,0.25453223112525253,1,0.31700075190641447,2.7343340265236895,1.3827201440219805,1.4838400374988443
25,DDM,value_scaling_t0,wide,DEoptim,1080,1.0863276399999746,1,1.3239661408717918,0.25453223112525253,1,0.31700075190641447,2.7343340265236895,1.3827201440219805,1.4838400374988443
25,DDM,value_scaling_t0,wide,DEoptim,1081,1.0863276399999746,1,1.3239661408717918,0.25453223112525253,1,0.31700075190641447,2.7343340265236895,1.3827201440219805,1.4838400374988443
25,DDM,value_scaling_t0,wide,DEoptim,1082,1.0863276399999746,1,1.3239661408717918,0.25453223112525253,1,0.31700075190641447,2.7343340265236895,1.3827201440219805,1.4838400374988443
25,DDM,value_scaling_t0,wide,DEoptim,1083,1.0863276399999746,1,1.3239661408717918,0.25453223112525253,1,0.31700075190641447,2.7343340265236895,1.3827201440219805,1.4838400374988443
25,DDM,value_scaling_t0,wide,DEoptim,1084,1.0863276399999746,1,1.3239661408717918,0.25453223112525253,1,0.31700075190641447,2.7343340265236895,1.3827201440219805,1.4838400374988443
25,DDM,value_scaling_t0,wide,DEoptim,1085,1.0863276399999746,1,1.3239661408717918,0.25453223112525253,1,0.31700075190641447,2.7343340265236895,1.3827201440219805,1.4838400374988443
25,DDM,value_scaling_t0,wide,DEoptim,1086,1.0863276399999746,1,1.3239661408717918,0.25453223112525253,1,0.31700075190641447,2.7343340265236895,1.3827201440219805,1.4838400374988443
25,DDM,value_scaling_t0,wide,DEoptim,1087,1.0863276399999746,1,1.3239661408717918,0.25453223112525253,1,0.31700075190641447,2.7343340265236895,1.3827201440219805,1.4838400374988443
25,DDM,value_scaling_t0,wide,DEoptim,1088,1.0863276399999746,1,1.3239661408717918,0.25453223112525253,1,0.31700075190641447,2.7343340265236895,1.3827201440219805,1.4838400374988443
25,DDM,value_scaling_t0,wide,DEoptim,1089,1.0863276399999746,1,1.3239661408717918,0.25453223112525253,1,0.31700075190641447,2.7343340265236895,1.3827201440219805,1.4838400374988443
25,DDM,value_scaling_t0,wide,DEoptim,1090,1.088065010712777,1,1.3192498613157193,0.254310191940661,1,0.3155713328660623,2.7349878303724027,1.382717705723227,1.4836902581300833
25,DDM,value_scaling_t0,wide,DEoptim,1091,1.088065010712777,1,1.3192498613157193,0.254310191940661,1,0.3155713328660623,2.7349878303724027,1.382717705723227,1.4836902581300833
25,DDM,value_scaling_t0,wide,DEoptim,1092,1.088065010712777,1,1.3192498613157193,0.254310191940661,1,0.3155713328660623,2.7349878303724027,1.382717705723227,1.4836902581300833
25,DDM,value_scaling_t0,wide,DEoptim,1093,1.088065010712777,1,1.3192498613157193,0.254310191940661,1,0.3155713328660623,2.7349878303724027,1.382717705723227,1.4836902581300833
25,DDM,value_scaling_t0,wide,DEoptim,1094,1.088065010712777,1,1.3192498613157193,0.254310191940661,1,0.3155713328660623,2.7349878303724027,1.382717705723227,1.4836902581300833
25,DDM,value_scaling_t0,wide,DEoptim,1095,1.088065010712777,1,1.3192498613157193,0.254310191940661,1,0.3155713328660623,2.7349878303724027,1.382717705723227,1.4836902581300833
25,DDM,value_scaling_t0,wide,DEoptim,1096,1.088065010712777,1,1.3192498613157193,0.254310191940661,1,0.3155713328660623,2.7349878303724027,1.382717705723227,1.4836902581300833
25,DDM,value_scaling_t0,wide,DEoptim,1097,1.088065010712777,1,1.3192498613157193,0.254310191940661,1,0.3155713328660623,2.7349878303724027,1.382717705723227,1.4836902581300833
25,DDM,value_scaling_t0,wide,DEoptim,1098,1.0881129712761537,1,1.3236795355575908,0.25464595017849334,1,0.31500560911301106,2.735699701585968,1.3825607653597016,1.4838033843078768
25,DDM,value_scaling_t0,wide,DEoptim,1099,1.0881129712761537,1,1.3236795355575908,0.25464595017849334,1,0.31500560911301106,2.735699701585968,1.3825607653597016,1.4838033843078768
25,DDM,value_scaling_t0,wide,DEoptim,1100,1.0881129712761537,1,1.3236795355575908,0.25464595017849334,1,0.31500560911301106,2.735699701585968,1.3825607653597016,1.4838033843078768
25,DDM,value_scaling_t0,wide,DEoptim,1101,1.0881129712761537,1,1.3236795355575908,0.25464595017849334,1,0.31500560911301106,2.735699701585968,1.3825607653597016,1.4838033843078768
25,DDM,value_scaling_t0,wide,DEoptim,1102,1.0881129712761537,1,1.3236795355575908,0.25464595017849334,1,0.31500560911301106,2.735699701585968,1.3825607653597016,1.4838033843078768
25,DDM,value_scaling_t0,wide,DEoptim,1103,1.0881129712761537,1,1.3236795355575908,0.25464595017849334,1,0.31500560911301106,2.735699701585968,1.3825607653597016,1.4838033843078768
25,DDM,value_scaling_t0,wide,DEoptim,1104,1.0881129712761537,1,1.3236795355575908,0.25464595017849334,1,0.31500560911301106,2.735699701585968,1.3825607653597016,1.4838033843078768
25,DDM,value_scaling_t0,wide,DEoptim,1105,1.0881129712761537,1,1.3236795355575908,0.25464595017849334,1,0.31500560911301106,2.735699701585968,1.3825607653597016,1.4838033843078768
25,DDM,value_scaling_t0,wide,DEoptim,1106,1.0881129712761537,1,1.3236795355575908,0.25464595017849334,1,0.31500560911301106,2.735699701585968,1.3825607653597016,1.4838033843078768
25,DDM,value_scaling_t0,wide,DEoptim,1107,1.0881129712761537,1,1.3236795355575908,0.25464595017849334,1,0.31500560911301106,2.735699701585968,1.3825607653597016,1.4838033843078768
25,DDM,value_scaling_t0,wide,DEoptim,1108,1.0881129712761537,1,1.3236795355575908,0.25464595017849334,1,0.31500560911301106,2.735699701585968,1.3825607653597016,1.4838033843078768
25,DDM,value_scaling_t0,wide,DEoptim,1109,1.0881129712761537,1,1.3236795355575908,0.25464595017849334,1,0.31500560911301106,2.735699701585968,1.3825607653597016,1.4838033843078768
25,DDM,value_scaling_t0,wide,DEoptim,1110,1.0881129712761537,1,1.3236795355575908,0.25464595017849334,1,0.31500560911301106,2.735699701585968,1.3825607653597016,1.4838033843078768
25,DDM,value_scaling_t0,wide,DEoptim,1111,1.0881129712761537,1,1.3236795355575908,0.25464595017849334,1,0.31500560911301106,2.735699701585968,1.3825607653597016,1.4838033843078768
25,DDM,value_scaling_t0,wide,DEoptim,1112,1.0881129712761537,1,1.3236795355575908,0.25464595017849334,1,0.31500560911301106,2.735699701585968,1.3825607653597016,1.4838033843078768
25,DDM,value_scaling_t0,wide,DEoptim,1113,1.0881129712761537,1,1.3236795355575908,0.25464595017849334,1,0.31500560911301106,2.735699701585968,1.3825607653597016,1.4838033843078768
25,DDM,value_scaling_t0,wide,DEoptim,1114,1.0881129712761537,1,1.3236795355575908,0.25464595017849334,1,0.31500560911301106,2.735699701585968,1.3825607653597016,1.4838033843078768
25,DDM,value_scaling_t0,wide,DEoptim,1115,1.0881129712761537,1,1.3236795355575908,0.25464595017849334,1,0.31500560911301106,2.735699701585968,1.3825607653597016,1.4838033843078768
25,DDM,value_scaling_t0,wide,DEoptim,1116,1.0881129712761537,1,1.3236795355575908,0.25464595017849334,1,0.31500560911301106,2.735699701585968,1.3825607653597016,1.4838033843078768
25,DDM,value_scaling_t0,wide,DEoptim,1117,1.0881129712761537,1,1.3236795355575908,0.25464595017849334,1,0.31500560911301106,2.735699701585968,1.3825607653597016,1.4838033843078768
25,DDM,value_scaling_t0,wide,DEoptim,1118,1.0881129712761537,1,1.3236795355575908,0.25464595017849334,1,0.31500560911301106,2.735699701585968,1.3825607653597016,1.4838033843078768
25,DDM,value_scaling_t0,wide,DEoptim,1119,1.0881129712761537,1,1.3236795355575908,0.25464595017849334,1,0.31500560911301106,2.735699701585968,1.3825607653597016,1.4838033843078768
25,DDM,value_scaling_t0,wide,DEoptim,1120,1.0881129712761537,1,1.3236795355575908,0.25464595017849334,1,0.31500560911301106,2.735699701585968,1.3825607653597016,1.4838033843078768
25,DDM,value_scaling_t0,wide,DEoptim,1121,1.0881129712761537,1,1.3236795355575908,0.25464595017849334,1,0.31500560911301106,2.735699701585968,1.3825607653597016,1.4838033843078768
25,DDM,value_scaling_t0,wide,DEoptim,1122,1.0881129712761537,1,1.3236795355575908,0.25464595017849334,1,0.31500560911301106,2.735699701585968,1.3825607653597016,1.4838033843078768
25,DDM,value_scaling_t0,wide,DEoptim,1123,1.0881129712761537,1,1.3236795355575908,0.25464595017849334,1,0.31500560911301106,2.735699701585968,1.3825607653597016,1.4838033843078768
25,DDM,value_scaling_t0,wide,DEoptim,1124,1.0881129712761537,1,1.3236795355575908,0.25464595017849334,1,0.31500560911301106,2.735699701585968,1.3825607653597016,1.4838033843078768
25,DDM,value_scaling_t0,wide,DEoptim,1125,1.0881129712761537,1,1.3236795355575908,0.25464595017849334,1,0.31500560911301106,2.735699701585968,1.3825607653597016,1.4838033843078768
25,DDM,value_scaling_t0,wide,DEoptim,1126,1.0881129712761537,1,1.3236795355575908,0.25464595017849334,1,0.31500560911301106,2.735699701585968,1.3825607653597016,1.4838033843078768
25,DDM,value_scaling_t0,wide,DEoptim,1127,1.0881129712761537,1,1.3236795355575908,0.25464595017849334,1,0.31500560911301106,2.735699701585968,1.3825607653597016,1.4838033843078768
25,DDM,value_scaling_t0,wide,DEoptim,1128,1.0881129712761537,1,1.3236795355575908,0.25464595017849334,1,0.31500560911301106,2.735699701585968,1.3825607653597016,1.4838033843078768
25,DDM,value_scaling_t0,wide,DEoptim,1129,1.0881129712761537,1,1.3236795355575908,0.25464595017849334,1,0.31500560911301106,2.735699701585968,1.3825607653597016,1.4838033843078768
25,DDM,value_scaling_t0,wide,DEoptim,1130,1.0881129712761537,1,1.3236795355575908,0.25464595017849334,1,0.31500560911301106,2.735699701585968,1.3825607653597016,1.4838033843078768
25,DDM,value_scaling_t0,wide,DEoptim,1131,1.0881129712761537,1,1.3236795355575908,0.25464595017849334,1,0.31500560911301106,2.735699701585968,1.3825607653597016,1.4838033843078768
25,DDM,value_scaling_t0,wide,DEoptim,1132,1.0881129712761537,1,1.3236795355575908,0.25464595017849334,1,0.31500560911301106,2.735699701585968,1.3825607653597016,1.4838033843078768
25,DDM,value_scaling_t0,wide,DEoptim,1133,1.0881129712761537,1,1.3236795355575908,0.25464595017849334,1,0.31500560911301106,2.735699701585968,1.3825607653597016,1.4838033843078768
25,DDM,value_scaling_t0,wide,DEoptim,1134,1.0881129712761537,1,1.3236795355575908,0.25464595017849334,1,0.31500560911301106,2.735699701585968,1.3825607653597016,1.4838033843078768
25,DDM,value_scaling_t0,wide,DEoptim,1135,1.0881129712761537,1,1.3236795355575908,0.25464595017849334,1,0.31500560911301106,2.735699701585968,1.3825607653597016,1.4838033843078768
25,DDM,value_scaling_t0,wide,DEoptim,1136,1.0881129712761537,1,1.3236795355575908,0.25464595017849334,1,0.31500560911301106,2.735699701585968,1.3825607653597016,1.4838033843078768
25,DDM,value_scaling_t0,wide,DEoptim,1137,1.0881129712761537,1,1.3236795355575908,0.25464595017849334,1,0.31500560911301106,2.735699701585968,1.3825607653597016,1.4838033843078768
25,DDM,value_scaling_t0,wide,DEoptim,1138,1.0881129712761537,1,1.3236795355575908,0.25464595017849334,1,0.31500560911301106,2.735699701585968,1.3825607653597016,1.4838033843078768
25,DDM,value_scaling_t0,wide,DEoptim,1139,1.0881129712761537,1,1.3236795355575908,0.25464595017849334,1,0.31500560911301106,2.735699701585968,1.382569949000992,1.4838033843078768
25,DDM,value_scaling_t0,wide,DEoptim,1140,1.0881129712761537,1,1.3236795355575908,0.25464595017849334,1,0.31500560911301106,2.735699701585968,1.382569949000992,1.4838033843078768
25,DDM,value_scaling_t0,wide,DEoptim,1141,1.0881129712761537,1,1.3236795355575908,0.25464595017849334,1,0.31500560911301106,2.735699701585968,1.382569949000992,1.4838033843078768
25,DDM,value_scaling_t0,wide,DEoptim,1142,1.0881129712761537,1,1.3236795355575908,0.25464595017849334,1,0.31500560911301106,2.735699701585968,1.382569949000992,1.4838033843078768
25,DDM,value_scaling_t0,wide,DEoptim,1143,1.0881129712761537,1,1.3236795355575908,0.25464595017849334,1,0.31500560911301106,2.735699701585968,1.382569949000992,1.4838033843078768
25,DDM,value_scaling_t0,wide,DEoptim,1144,1.0881129712761537,1,1.3236795355575908,0.25464595017849334,1,0.31500560911301106,2.735699701585968,1.382569949000992,1.4838033843078768
25,DDM,value_scaling_t0,wide,DEoptim,1145,1.0881129712761537,1,1.3236795355575908,0.25464595017849334,1,0.31500560911301106,2.735699701585968,1.382569949000992,1.4838033843078768
25,DDM,value_scaling_t0,wide,DEoptim,1146,1.0881129712761537,1,1.3236795355575908,0.25464595017849334,1,0.31500560911301106,2.735699701585968,1.382569949000992,1.4838033843078768
25,DDM,value_scaling_t0,wide,DEoptim,1147,1.0881129712761537,1,1.3236795355575908,0.25464595017849334,1,0.31500560911301106,2.735699701585968,1.382569949000992,1.4838033843078768
25,DDM,value_scaling_t0,wide,DEoptim,1148,1.0881129712761537,1,1.3236795355575908,0.25464595017849334,1,0.31500560911301106,2.735699701585968,1.382569949000992,1.4838033843078768
25,DDM,value_scaling_t0,wide,DEoptim,1149,1.0881129712761537,1,1.3236795355575908,0.25464595017849334,1,0.31500560911301106,2.735699701585968,1.382569949000992,1.4838033843078768
25,DDM,value_scaling_t0,wide,DEoptim,1150,1.0883586331353,1,1.3218557867258047,0.25483171781374003,1,0.31529455022004693,2.734630085657856,1.3828448541701046,1.484107380811409
25,DDM,value_scaling_t0,wide,DEoptim,1151,1.0883586331353,1,1.3218557867258047,0.25483171781374003,1,0.31529455022004693,2.734630085657856,1.3828448541701046,1.484107380811409
25,DDM,value_scaling_t0,wide,DEoptim,1152,1.0883586331353,1,1.3218557867258047,0.25483171781374003,1,0.31529455022004693,2.734630085657856,1.3828448541701046,1.484107380811409
25,DDM,value_scaling_t0,wide,DEoptim,1153,1.0883586331353,1,1.3218557867258047,0.25483171781374003,1,0.31529455022004693,2.734630085657856,1.3828448541701046,1.484107380811409
25,DDM,value_scaling_t0,wide,DEoptim,1154,1.0883586331353,1,1.3218557867258047,0.25483171781374003,1,0.31529455022004693,2.734630085657856,1.3828448541701046,1.484107380811409
25,DDM,value_scaling_t0,wide,DEoptim,1155,1.0883586331353,1,1.3218557867258047,0.25483171781374003,1,0.31529455022004693,2.734630085657856,1.3828448541701046,1.484107380811409
25,DDM,value_scaling_t0,wide,DEoptim,1156,1.0883586331353,1,1.3218557867258047,0.25483171781374003,1,0.31529455022004693,2.734630085657856,1.3828448541701046,1.484107380811409
25,DDM,value_scaling_t0,wide,DEoptim,1157,1.0883586331353,1,1.3218557867258047,0.25483171781374003,1,0.31529455022004693,2.734630085657856,1.3828448541701046,1.4840075104618535
25,DDM,value_scaling_t0,wide,DEoptim,1158,1.0883586331353,1,1.3218557867258047,0.25483171781374003,1,0.31529455022004693,2.734630085657856,1.3828448541701046,1.4840075104618535
25,DDM,value_scaling_t0,wide,DEoptim,1159,1.0883586331353,1,1.3218557867258047,0.25483171781374003,1,0.31529455022004693,2.734630085657856,1.3828448541701046,1.4840075104618535
25,DDM,value_scaling_t0,wide,DEoptim,1160,1.0883586331353,1,1.3218557867258047,0.25483171781374003,1,0.31529455022004693,2.734630085657856,1.3828448541701046,1.4840075104618535
25,DDM,value_scaling_t0,wide,DEoptim,1161,1.0883586331353,1,1.3218557867258047,0.25483171781374003,1,0.31529455022004693,2.734630085657856,1.3828448541701046,1.4840075104618535
25,DDM,value_scaling_t0,wide,DEoptim,1162,1.0883586331353,1,1.3218557867258047,0.25483171781374003,1,0.31529455022004693,2.734630085657856,1.3828448541701046,1.4840075104618535
25,DDM,value_scaling_t0,wide,DEoptim,1163,1.0883586331353,1,1.3218557867258047,0.25483171781374003,1,0.31529455022004693,2.734630085657856,1.3828448541701046,1.4840075104618535
25,DDM,value_scaling_t0,wide,DEoptim,1164,1.0883586331353,1,1.3218557867258047,0.25483171781374003,1,0.31529455022004693,2.734630085657856,1.3828448541701046,1.4840075104618535
25,DDM,value_scaling_t0,wide,DEoptim,1165,1.0883586331353,1,1.3218557867258047,0.25483171781374003,1,0.31529455022004693,2.734630085657856,1.3828448541701046,1.4840075104618535
25,DDM,value_scaling_t0,wide,DEoptim,1166,1.0883586331353,1,1.3218557867258047,0.25483171781374003,1,0.31529455022004693,2.734630085657856,1.3828448541701046,1.4840075104618535
25,DDM,value_scaling_t0,wide,DEoptim,1167,1.0883586331353,1,1.3218557867258047,0.25483171781374003,1,0.31529455022004693,2.734630085657856,1.3828448541701046,1.4840075104618535
25,DDM,value_scaling_t0,wide,DEoptim,1168,1.0883586331353,1,1.3218557867258047,0.25483171781374003,1,0.31529455022004693,2.734630085657856,1.3828448541701046,1.4840075104618535
25,DDM,value_scaling_t0,wide,DEoptim,1169,1.0883586331353,1,1.3218557867258047,0.25483171781374003,1,0.31529455022004693,2.734630085657856,1.3828448541701046,1.4840075104618535
25,DDM,value_scaling_t0,wide,DEoptim,1170,1.0883586331353,1,1.3218557867258047,0.25483171781374003,1,0.31529455022004693,2.734630085657856,1.3828448541701046,1.4840075104618535
25,DDM,value_scaling_t0,wide,DEoptim,1171,1.0883586331353,1,1.3218557867258047,0.25483171781374003,1,0.31529455022004693,2.734630085657856,1.3828448541701046,1.4840075104618535
25,DDM,value_scaling_t0,wide,DEoptim,1172,1.0883586331353,1,1.3218557867258047,0.25483171781374003,1,0.31529455022004693,2.734630085657856,1.3828448541701046,1.4840075104618535
25,DDM,value_scaling_t0,wide,DEoptim,1173,1.0883586331353,1,1.3218557867258047,0.25483171781374003,1,0.31529455022004693,2.734630085657856,1.3828448541701046,1.4840075104618535
25,DDM,value_scaling_t0,wide,DEoptim,1174,1.0883586331353,1,1.3218557867258047,0.25483171781374003,1,0.31529455022004693,2.734630085657856,1.3828448541701046,1.4840075104618535
25,DDM,value_scaling_t0,wide,DEoptim,1175,1.0883586331353,1,1.3218557867258047,0.25483171781374003,1,0.31529455022004693,2.734630085657856,1.3828448541701046,1.4840075104618535
25,DDM,value_scaling_t0,wide,DEoptim,1176,1.0883586331353,1,1.3218557867258047,0.25483171781374003,1,0.31529455022004693,2.734630085657856,1.3828448541701046,1.4840075104618535
25,DDM,value_scaling_t0,wide,DEoptim,1177,1.0883586331353,1,1.3218557867258047,0.25483171781374003,1,0.31529455022004693,2.734630085657856,1.3828448541701046,1.4840075104618535
25,DDM,value_scaling_t0,wide,DEoptim,1178,1.0883586331353,1,1.3218557867258047,0.25483171781374003,1,0.31529455022004693,2.734630085657856,1.3828448541701046,1.4840075104618535
25,DDM,value_scaling_t0,wide,DEoptim,1179,1.0883586331353,1,1.3218557867258047,0.25483171781374003,1,0.31529455022004693,2.734630085657856,1.3828448541701046,1.4840075104618535
25,DDM,value_scaling_t0,wide,DEoptim,1180,1.0883586331353,1,1.3218557867258047,0.25483171781374003,1,0.31529455022004693,2.734630085657856,1.3828448541701046,1.4840075104618535
25,DDM,value_scaling_t0,wide,DEoptim,1181,1.0883586331353,1,1.3218557867258047,0.25483171781374003,1,0.31529455022004693,2.734630085657856,1.3828448541701046,1.4840075104618535
25,DDM,value_scaling_t0,wide,DEoptim,1182,1.0883586331353,1,1.3218557867258047,0.25483171781374003,1,0.31529455022004693,2.734630085657856,1.3828448541701046,1.4840075104618535
25,DDM,value_scaling_t0,wide,DEoptim,1183,1.0883586331353,1,1.3218557867258047,0.25483171781374003,1,0.31529455022004693,2.734630085657856,1.3828448541701046,1.4840075104618535
25,DDM,value_scaling_t0,wide,DEoptim,1184,1.0883586331353,1,1.3218557867258047,0.25483171781374003,1,0.31529455022004693,2.734630085657856,1.3828448541701046,1.4840075104618535
25,DDM,value_scaling_t0,wide,DEoptim,1185,1.0883586331353,1,1.3218557867258047,0.25483171781374003,1,0.31529455022004693,2.734630085657856,1.3828448541701046,1.4840075104618535
25,DDM,value_scaling_t0,wide,DEoptim,1186,1.0883586331353,1,1.3218557867258047,0.25483171781374003,1,0.31529455022004693,2.734630085657856,1.3828448541701046,1.4840075104618535
25,DDM,value_scaling_t0,wide,DEoptim,1187,1.0883586331353,1,1.3218557867258047,0.25483171781374003,1,0.31529455022004693,2.734630085657856,1.3828448541701046,1.4840075104618535
25,DDM,value_scaling_t0,wide,DEoptim,1188,1.0883586331353,1,1.3218557867258047,0.25483171781374003,1,0.31529455022004693,2.734630085657856,1.3828448541701046,1.4840075104618535
25,DDM,value_scaling_t0,wide,DEoptim,1189,1.0883586331353,1,1.3218557867258047,0.25483171781374003,1,0.31529455022004693,2.734630085657856,1.3828448541701046,1.4840075104618535
25,DDM,value_scaling_t0,wide,DEoptim,1190,1.0883586331353,1,1.3218557867258047,0.25483171781374003,1,0.31529455022004693,2.734630085657856,1.3828448541701046,1.4840075104618535
25,DDM,value_scaling_t0,wide,DEoptim,1191,1.0883586331353,1,1.3218557867258047,0.25483171781374003,1,0.31529455022004693,2.734630085657856,1.3828448541701046,1.4840075104618535
25,DDM,value_scaling_t0,wide,DEoptim,1192,1.0883586331353,1,1.3218557867258047,0.25483171781374003,1,0.31529455022004693,2.734630085657856,1.3828448541701046,1.4840075104618535
25,DDM,value_scaling_t0,wide,DEoptim,1193,1.0883586331353,1,1.3218557867258047,0.25483171781374003,1,0.31529455022004693,2.734630085657856,1.3828448541701046,1.4840075104618535
25,DDM,value_scaling_t0,wide,DEoptim,1194,1.0883586331353,1,1.3218557867258047,0.25483171781374003,1,0.31529455022004693,2.734630085657856,1.3828448541701046,1.4840075104618535
25,DDM,value_scaling_t0,wide,DEoptim,1195,1.0883586331353,1,1.3218557867258047,0.25483171781374003,1,0.31529455022004693,2.734630085657856,1.3828448541701046,1.4840075104618535
25,DDM,value_scaling_t0,wide,DEoptim,1196,1.0883586331353,1,1.3218557867258047,0.25483171781374003,1,0.31529455022004693,2.734630085657856,1.3828448541701046,1.483905835118784
25,DDM,value_scaling_t0,wide,DEoptim,1197,1.0883586331353,1,1.3218557867258047,0.25483171781374003,1,0.31529455022004693,2.734630085657856,1.3828448541701046,1.483905835118784
25,DDM,value_scaling_t0,wide,DEoptim,1198,1.0883586331353,1,1.3218557867258047,0.25483171781374003,1,0.31529455022004693,2.734630085657856,1.3828448541701046,1.483905835118784
25,DDM,value_scaling_t0,wide,DEoptim,1199,1.0883586331353,1,1.3218557867258047,0.25483171781374003,1,0.31529455022004693,2.734630085657856,1.3828448541701046,1.483905835118784
25,DDM,value_scaling_t0,wide,DEoptim,1200,1.0883586331353,1,1.3218557867258047,0.25483171781374003,1,0.31529455022004693,2.734630085657856,1.3828448541701046,1.483905835118784
25,DDM,value_scaling_t0,wide,DEoptim,1201,1.0883586331353,1,1.3218557867258047,0.25483171781374003,1,0.31529455022004693,2.734630085657856,1.3828448541701046,1.483905835118784
25,DDM,value_scaling_t0,wide,DEoptim,1202,1.0883586331353,1,1.3218557867258047,0.25483171781374003,1,0.31529455022004693,2.734630085657856,1.3828448541701046,1.483905835118784
25,DDM,value_scaling_t0,wide,DEoptim,1203,1.0883586331353,1,1.3218557867258047,0.25483171781374003,1,0.31529455022004693,2.734630085657856,1.3828448541701046,1.483905835118784
25,DDM,value_scaling_t0,wide,DEoptim,1204,1.0883586331353,1,1.3218557867258047,0.25483171781374003,1,0.31529455022004693,2.734630085657856,1.3828448541701046,1.483905835118784
25,DDM,value_scaling_t0,wide,DEoptim,1205,1.0883586331353,1,1.3218557867258047,0.25483171781374003,1,0.31529455022004693,2.734630085657856,1.3828448541701046,1.483905835118784
25,DDM,value_scaling_t0,wide,DEoptim,1206,1.0883586331353,1,1.3218557867258047,0.25483171781374003,1,0.31529455022004693,2.734630085657856,1.3828448541701046,1.483905835118784
25,DDM,value_scaling_t0,wide,DEoptim,1207,1.0883586331353,1,1.3218557867258047,0.25483171781374003,1,0.31529455022004693,2.734630085657856,1.3828448541701046,1.483905835118784
25,DDM,value_scaling_t0,wide,DEoptim,1208,1.0883586331353,1,1.3218557867258047,0.25483171781374003,1,0.31529455022004693,2.734630085657856,1.3828448541701046,1.483905835118784
25,DDM,value_scaling_t0,wide,DEoptim,1209,1.0883586331353,1,1.3218557867258047,0.25483171781374003,1,0.31529455022004693,2.734630085657856,1.3828448541701046,1.483905835118784
25,DDM,value_scaling_t0,wide,DEoptim,1210,1.0883586331353,1,1.3218557867258047,0.25483171781374003,1,0.31529455022004693,2.734630085657856,1.3828448541701046,1.483905835118784
25,DDM,value_scaling_t0,wide,DEoptim,1211,1.0883586331353,1,1.3218557867258047,0.25483171781374003,1,0.31529455022004693,2.734630085657856,1.3828448541701046,1.483905835118784
25,DDM,value_scaling_t0,wide,DEoptim,1212,1.0883586331353,1,1.3218557867258047,0.25483171781374003,1,0.31529455022004693,2.734630085657856,1.3828448541701046,1.483905835118784
25,DDM,value_scaling_t0,wide,DEoptim,1213,1.0883586331353,1,1.3218557867258047,0.25483171781374003,1,0.31529455022004693,2.734630085657856,1.3828448541701046,1.483905835118784
25,DDM,value_scaling_t0,wide,DEoptim,1214,1.0883586331353,1,1.3218557867258047,0.25483171781374003,1,0.31529455022004693,2.734630085657856,1.3828448541701046,1.483905835118784
25,DDM,value_scaling_t0,wide,DEoptim,1215,1.0883586331353,1,1.3218557867258047,0.25483171781374003,1,0.31529455022004693,2.734630085657856,1.3828448541701046,1.483905835118784
25,DDM,value_scaling_t0,wide,DEoptim,1216,1.0883586331353,1,1.3218557867258047,0.25483171781374003,1,0.31529455022004693,2.734630085657856,1.3828448541701046,1.483905835118784
25,DDM,value_scaling_t0,wide,DEoptim,1217,1.0883586331353,1,1.3218557867258047,0.25483171781374003,1,0.31529455022004693,2.7347525406128286,1.3828448541701046,1.483905835118784
25,DDM,value_scaling_t0,wide,DEoptim,1218,1.0883586331353,1,1.3218557867258047,0.25483171781374003,1,0.31529455022004693,2.7347525406128286,1.3828448541701046,1.483905835118784
25,DDM,value_scaling_t0,wide,DEoptim,1219,1.0883586331353,1,1.3218557867258047,0.25483171781374003,1,0.31529455022004693,2.7347525406128286,1.3828448541701046,1.483905835118784
25,DDM,value_scaling_t0,wide,DEoptim,1220,1.0884726749713791,1,1.3220143630458139,0.25482528654992265,1,0.3151442146473598,2.73601732477119,1.3826399440054102,1.483884006932756
25,DDM,value_scaling_t0,wide,DEoptim,1221,1.0884726749713791,1,1.3220143630458139,0.25482528654992265,1,0.3151442146473598,2.73601732477119,1.3826399440054102,1.483884006932756
25,DDM,value_scaling_t0,wide,DEoptim,1222,1.0884726749713791,1,1.3220143630458139,0.25482528654992265,1,0.3151442146473598,2.73601732477119,1.3826399440054102,1.483884006932756
25,DDM,value_scaling_t0,wide,DEoptim,1223,1.0884726749713791,1,1.3220143630458139,0.25482528654992265,1,0.3151442146473598,2.73601732477119,1.3826399440054102,1.483884006932756
25,DDM,value_scaling_t0,wide,DEoptim,1224,1.0884726749713791,1,1.3220143630458139,0.25482528654992265,1,0.3151442146473598,2.73601732477119,1.3826399440054102,1.483884006932756
25,DDM,value_scaling_t0,wide,DEoptim,1225,1.0884726749713791,1,1.3220143630458139,0.25482528654992265,1,0.3151442146473598,2.73601732477119,1.3826399440054102,1.483884006932756
25,DDM,value_scaling_t0,wide,DEoptim,1226,1.0884726749713791,1,1.3220143630458139,0.25482528654992265,1,0.3151442146473598,2.73601732477119,1.3826399440054102,1.4838169640258463
25,DDM,value_scaling_t0,wide,DEoptim,1227,1.0884726749713791,1,1.3220143630458139,0.25482528654992265,1,0.3151442146473598,2.73601732477119,1.3826399440054102,1.4838169640258463
25,DDM,value_scaling_t0,wide,DEoptim,1228,1.0884726749713791,1,1.3220143630458139,0.25482528654992265,1,0.3151442146473598,2.73601732477119,1.3826399440054102,1.4838169640258463
25,DDM,value_scaling_t0,wide,DEoptim,1229,1.0884726749713791,1,1.3220143630458139,0.25482528654992265,1,0.3151442146473598,2.73601732477119,1.3826399440054102,1.4838169640258463
25,DDM,value_scaling_t0,wide,DEoptim,1230,1.0884726749713791,1,1.3220143630458139,0.25482528654992265,1,0.3151442146473598,2.73601732477119,1.3826399440054102,1.4838169640258463
25,DDM,value_scaling_t0,wide,DEoptim,1231,1.0884726749713791,1,1.3220143630458139,0.25482528654992265,1,0.3151442146473598,2.73601732477119,1.3826399440054102,1.4838169640258463
25,DDM,value_scaling_t0,wide,DEoptim,1232,1.0884726749713791,1,1.3220143630458139,0.25482528654992265,1,0.3151442146473598,2.73601732477119,1.3826399440054102,1.4838169640258463
25,DDM,value_scaling_t0,wide,DEoptim,1233,1.0884726749713791,1,1.3220143630458139,0.25482528654992265,1,0.3151442146473598,2.73601732477119,1.3826399440054102,1.4838169640258463
25,DDM,value_scaling_t0,wide,DEoptim,1234,1.0884726749713791,1,1.3220143630458139,0.25482528654992265,1,0.3151442146473598,2.73601732477119,1.3826399440054102,1.4837602619061663
25,DDM,value_scaling_t0,wide,DEoptim,1235,1.0884726749713791,1,1.3220143630458139,0.25482528654992265,1,0.3151442146473598,2.73601732477119,1.3826399440054102,1.4837602619061663
25,DDM,value_scaling_t0,wide,DEoptim,1236,1.0884726749713791,1,1.3220143630458139,0.25482528654992265,1,0.3151442146473598,2.73601732477119,1.3826399440054102,1.4837602619061663
25,DDM,value_scaling_t0,wide,DEoptim,1237,1.0884726749713791,1,1.3220143630458139,0.25482528654992265,1,0.3151442146473598,2.73601732477119,1.3826399440054102,1.4837602619061663
25,DDM,value_scaling_t0,wide,DEoptim,1238,1.0884726749713791,1,1.3220143630458139,0.25482528654992265,1,0.3151442146473598,2.73601732477119,1.3826399440054102,1.4837602619061663
25,DDM,value_scaling_t0,wide,DEoptim,1239,1.0884726749713791,1,1.3220143630458139,0.25482528654992265,1,0.3151442146473598,2.73601732477119,1.3826399440054102,1.4837614375666577
25,DDM,value_scaling_t0,wide,DEoptim,1240,1.0884726749713791,1,1.3220143630458139,0.25482528654992265,1,0.3151442146473598,2.73601732477119,1.3826399440054102,1.4837614375666577
25,DDM,value_scaling_t0,wide,DEoptim,1241,1.0884726749713791,1,1.3220143630458139,0.25482528654992265,1,0.3151442146473598,2.73601732477119,1.3826399440054102,1.4837614375666577
25,DDM,value_scaling_t0,wide,DEoptim,1242,1.0884726749713791,1,1.3220143630458139,0.25482528654992265,1,0.3151442146473598,2.73601732477119,1.3826399440054102,1.4837614375666577
25,DDM,value_scaling_t0,wide,DEoptim,1243,1.0884726749713791,1,1.3220143630458139,0.25482528654992265,1,0.3151442146473598,2.73601732477119,1.3826399440054102,1.4837614375666577
25,DDM,value_scaling_t0,wide,DEoptim,1244,1.0884726749713791,1,1.3220143630458139,0.25482528654992265,1,0.3151442146473598,2.73601732477119,1.3826399440054102,1.4837614375666577
25,DDM,value_scaling_t0,wide,DEoptim,1245,1.0884726749713791,1,1.3220143630458139,0.25482528654992265,1,0.3151442146473598,2.73601732477119,1.3826399440054102,1.4837614375666577
25,DDM,value_scaling_t0,wide,DEoptim,1246,1.0884726749713791,1,1.3220143630458139,0.25482528654992265,1,0.3151442146473598,2.73601732477119,1.3826399440054102,1.4837614375666577
25,DDM,value_scaling_t0,wide,DEoptim,1247,1.0884726749713791,1,1.3220143630458139,0.25482528654992265,1,0.3151442146473598,2.73601732477119,1.3826399440054102,1.4837614375666577
25,DDM,value_scaling_t0,wide,DEoptim,1248,1.0884726749713791,1,1.3220143630458139,0.25482528654992265,1,0.3151442146473598,2.73601732477119,1.3826399440054102,1.4837614375666577
25,DDM,value_scaling_t0,wide,DEoptim,1249,1.0884726749713791,1,1.3220143630458139,0.25482528654992265,1,0.3151442146473598,2.73601732477119,1.3826399440054102,1.4837614375666577
25,DDM,value_scaling_t0,wide,DEoptim,1250,1.0884726749713791,1,1.3220143630458139,0.25482528654992265,1,0.3151442146473598,2.73601732477119,1.3826399440054102,1.4837614375666577
25,DDM,value_scaling_t0,wide,DEoptim,1251,1.0884726749713791,1,1.3220143630458139,0.25482528654992265,1,0.3151442146473598,2.73601732477119,1.3826399440054102,1.4837614375666577
25,DDM,value_scaling_t0,wide,DEoptim,1252,1.0884726749713791,1,1.3220143630458139,0.25482528654992265,1,0.3151442146473598,2.73601732477119,1.3826399440054102,1.4837614375666577
25,DDM,value_scaling_t0,wide,DEoptim,1253,1.0884726749713791,1,1.3220143630458139,0.25482528654992265,1,0.3151442146473598,2.73601732477119,1.3826399440054102,1.4837614375666577
25,DDM,value_scaling_t0,wide,DEoptim,1254,1.0884726749713791,1,1.3220143630458139,0.25482528654992265,1,0.3151442146473598,2.73601732477119,1.3826399440054102,1.4837614375666577
25,DDM,value_scaling_t0,wide,DEoptim,1255,1.0884726749713791,1,1.3220143630458139,0.25482528654992265,1,0.3151442146473598,2.73601732477119,1.3826399440054102,1.4837614375666577
25,DDM,value_scaling_t0,wide,DEoptim,1256,1.0884726749713791,1,1.3220143630458139,0.25482528654992265,1,0.3151442146473598,2.73601732477119,1.3826399440054102,1.4837614375666577
25,DDM,value_scaling_t0,wide,DEoptim,1257,1.0884726749713791,1,1.3220143630458139,0.25482528654992265,1,0.3151442146473598,2.73601732477119,1.3826399440054102,1.4837614375666577
25,DDM,value_scaling_t0,wide,DEoptim,1258,1.0884726749713791,1,1.3220143630458139,0.25482528654992265,1,0.3151442146473598,2.73601732477119,1.3826399440054102,1.4837614375666577
25,DDM,value_scaling_t0,wide,DEoptim,1259,1.0884726749713791,1,1.3220143630458139,0.25482528654992265,1,0.3151442146473598,2.73601732477119,1.3826399440054102,1.4837614375666577
25,DDM,value_scaling_t0,wide,DEoptim,1260,1.0884726749713791,1,1.3220143630458139,0.25482528654992265,1,0.3151442146473598,2.73601732477119,1.3826399440054102,1.4837614375666577
25,DDM,value_scaling_t0,wide,DEoptim,1261,1.0884726749713791,1,1.3220143630458139,0.25482528654992265,1,0.3151442146473598,2.73601732477119,1.3826399440054102,1.4837614375666577
25,DDM,value_scaling_t0,wide,DEoptim,1262,1.0884726749713791,1,1.3220143630458139,0.25482528654992265,1,0.3151442146473598,2.73601732477119,1.3826399440054102,1.4837614375666577
25,DDM,value_scaling_t0,wide,DEoptim,1263,1.0884726749713791,1,1.3220143630458139,0.25482528654992265,1,0.3151442146473598,2.73601732477119,1.3826399440054102,1.4837614375666577
25,DDM,value_scaling_t0,wide,DEoptim,1264,1.0884726749713791,1,1.3220143630458139,0.25482528654992265,1,0.3151442146473598,2.73601732477119,1.3826399440054102,1.4837614375666577
25,DDM,value_scaling_t0,wide,DEoptim,1265,1.0884726749713791,1,1.3220143630458139,0.25482528654992265,1,0.3151442146473598,2.73601732477119,1.3826399440054102,1.4837614375666577
25,DDM,value_scaling_t0,wide,DEoptim,1266,1.0884726749713791,1,1.3220143630458139,0.25482528654992265,1,0.3151442146473598,2.73601732477119,1.3826399440054102,1.4837614375666577
25,DDM,value_scaling_t0,wide,DEoptim,1267,1.0884726749713791,1,1.3220143630458139,0.25482528654992265,1,0.3151442146473598,2.73601732477119,1.3826399440054102,1.4837614375666577
25,DDM,value_scaling_t0,wide,DEoptim,1268,1.0884726749713791,1,1.3220143630458139,0.25482528654992265,1,0.3151442146473598,2.73601732477119,1.3826399440054102,1.4837614375666577
25,DDM,value_scaling_t0,wide,DEoptim,1269,1.0884726749713791,1,1.3220143630458139,0.25482528654992265,1,0.3151442146473598,2.73601732477119,1.3826399440054102,1.4837614375666577
25,DDM,value_scaling_t0,wide,DEoptim,1270,1.0884726749713791,1,1.3220143630458139,0.25482528654992265,1,0.3151442146473598,2.73601732477119,1.3826399440054102,1.4837614375666577
25,DDM,value_scaling_t0,wide,DEoptim,1271,1.0884726749713791,1,1.3220143630458139,0.25482528654992265,1,0.3151442146473598,2.73601732477119,1.3826399440054102,1.4837614375666577
25,DDM,value_scaling_t0,wide,DEoptim,1272,1.0884726749713791,1,1.3220143630458139,0.25482528654992265,1,0.3151442146473598,2.73601732477119,1.3826399440054102,1.4837614375666577
25,DDM,value_scaling_t0,wide,DEoptim,1273,1.0884726749713791,1,1.3220143630458139,0.25482528654992265,1,0.3151442146473598,2.73601732477119,1.3826399440054102,1.4837614375666577
25,DDM,value_scaling_t0,wide,DEoptim,1274,1.0884726749713791,1,1.3220143630458139,0.25482528654992265,1,0.3151442146473598,2.73601732477119,1.3826399440054102,1.4837614375666577
25,DDM,value_scaling_t0,wide,DEoptim,1275,1.0884726749713791,1,1.3219874560564693,0.25482528654992265,1,0.3151442146473598,2.73601732477119,1.3826399440054102,1.4837614375666577
25,DDM,value_scaling_t0,wide,DEoptim,1276,1.0884726749713791,1,1.3219874560564693,0.25482528654992265,1,0.3151442146473598,2.73601732477119,1.3826399440054102,1.4837614375666577
25,DDM,value_scaling_t0,wide,DEoptim,1277,1.0884726749713791,1,1.3219874560564693,0.25482528654992265,1,0.3151442146473598,2.73601732477119,1.3826399440054102,1.4837614375666577
25,DDM,value_scaling_t0,wide,DEoptim,1278,1.0884726749713791,1,1.3219874560564693,0.25482528654992265,1,0.3151442146473598,2.73601732477119,1.3826399440054102,1.4837614375666577
25,DDM,value_scaling_t0,wide,DEoptim,1279,1.0884726749713791,1,1.3219874560564693,0.25482528654992265,1,0.3151442146473598,2.73601732477119,1.3826399440054102,1.4837614375666577
25,DDM,value_scaling_t0,wide,DEoptim,1280,1.0884726749713791,1,1.3219874560564693,0.25482528654992265,1,0.3151442146473598,2.73601732477119,1.3826399440054102,1.4837614375666577
25,DDM,value_scaling_t0,wide,DEoptim,1281,1.0884726749713791,1,1.3219874560564693,0.25482528654992265,1,0.3151442146473598,2.73601732477119,1.3826399440054102,1.4837614375666577
25,DDM,value_scaling_t0,wide,DEoptim,1282,1.0884726749713791,1,1.3219874560564693,0.25482528654992265,1,0.3151442146473598,2.73601732477119,1.3826399440054102,1.4837614375666577
25,DDM,value_scaling_t0,wide,DEoptim,1283,1.0884726749713791,1,1.3219874560564693,0.25482528654992265,1,0.3151442146473598,2.73601732477119,1.3826399440054102,1.4837614375666577
25,DDM,value_scaling_t0,wide,DEoptim,1284,1.0884726749713791,1,1.3219874560564693,0.25482528654992265,1,0.3151442146473598,2.73601732477119,1.3826399440054102,1.4837614375666577
25,DDM,value_scaling_t0,wide,DEoptim,1285,1.0884726749713791,1,1.3219874560564693,0.25482528654992265,1,0.3151442146473598,2.73601732477119,1.3826399440054102,1.4837614375666577
25,DDM,value_scaling_t0,wide,DEoptim,1286,1.0884726749713791,1,1.3219874560564693,0.25482528654992265,1,0.3151442146473598,2.73601732477119,1.3826399440054102,1.4837614375666577
25,DDM,value_scaling_t0,wide,DEoptim,1287,1.0884726749713791,1,1.3219874560564693,0.25482528654992265,1,0.3151442146473598,2.73601732477119,1.3826399440054102,1.4837614375666577
25,DDM,value_scaling_t0,wide,DEoptim,1288,1.0884726749713791,1,1.3219874560564693,0.25482528654992265,1,0.3151442146473598,2.73601732477119,1.3826399440054102,1.4837614375666577
25,DDM,value_scaling_t0,wide,DEoptim,1289,1.0884726749713791,1,1.3219874560564693,0.25482528654992265,1,0.3151442146473598,2.73601732477119,1.3826399440054102,1.4837614375666577
25,DDM,value_scaling_t0,wide,DEoptim,1290,1.0884726749713791,1,1.3219874560564693,0.25482528654992265,1,0.3151442146473598,2.73601732477119,1.3826399440054102,1.4837614375666577
25,DDM,value_scaling_t0,wide,DEoptim,1291,1.0884726749713791,1,1.3219874560564693,0.25482528654992265,1,0.3151442146473598,2.73601732477119,1.3826399440054102,1.4837614375666577
25,DDM,value_scaling_t0,wide,DEoptim,1292,1.0884726749713791,1,1.3219874560564693,0.25482528654992265,1,0.3151442146473598,2.73601732477119,1.3826399440054102,1.4837614375666577
25,DDM,value_scaling_t0,wide,DEoptim,1293,1.0884726749713791,1,1.3219874560564693,0.25482528654992265,1,0.3151442146473598,2.73601732477119,1.3826399440054102,1.4837614375666577
25,DDM,value_scaling_t0,wide,DEoptim,1294,1.0883586331353,1,1.3210808008026174,0.25483171781374003,1,0.31529455022004693,2.7355398066936596,1.3826978839650734,1.4837901950800596
25,DDM,value_scaling_t0,wide,DEoptim,1295,1.0883586331353,1,1.3210808008026174,0.25483171781374003,1,0.31529455022004693,2.7355398066936596,1.3826978839650734,1.4837901950800596
25,DDM,value_scaling_t0,wide,DEoptim,1296,1.0883586331353,1,1.3210808008026174,0.25483171781374003,1,0.31529455022004693,2.7355398066936596,1.3826978839650734,1.4837901950800596
25,DDM,value_scaling_t0,wide,DEoptim,1297,1.0883586331353,1,1.3210808008026174,0.25483171781374003,1,0.31529455022004693,2.7355398066936596,1.3826978839650734,1.4837901950800596
25,DDM,value_scaling_t0,wide,DEoptim,1298,1.0883586331353,1,1.3210808008026174,0.25483171781374003,1,0.31529455022004693,2.7355398066936596,1.3826978839650734,1.4837901950800596
25,DDM,value_scaling_t0,wide,DEoptim,1299,1.0883586331353,1,1.3210808008026174,0.25483171781374003,1,0.31529455022004693,2.7355398066936596,1.3826978839650734,1.4837901950800596
25,DDM,value_scaling_t0,wide,DEoptim,1300,1.0883586331353,1,1.3210808008026174,0.25483171781374003,1,0.31529455022004693,2.7355398066936596,1.3826978839650734,1.4837901950800596
25,DDM,value_scaling_t0,wide,DEoptim,1301,1.0883586331353,1,1.3210808008026174,0.25483171781374003,1,0.31529455022004693,2.7355398066936596,1.3826978839650734,1.4837901950800596
25,DDM,value_scaling_t0,wide,DEoptim,1302,1.0883586331353,1,1.3210808008026174,0.25483171781374003,1,0.31529455022004693,2.7355398066936596,1.3826978839650734,1.4837901950800596
25,DDM,value_scaling_t0,wide,DEoptim,1303,1.0883586331353,1,1.3210808008026174,0.25483171781374003,1,0.31529455022004693,2.7355398066936596,1.3826978839650734,1.4837901950800596
25,DDM,value_scaling_t0,wide,DEoptim,1304,1.0883586331353,1,1.3210808008026174,0.25483171781374003,1,0.31529455022004693,2.7355398066936596,1.3826978839650734,1.4837901950800596
25,DDM,value_scaling_t0,wide,DEoptim,1305,1.0883586331353,1,1.3210808008026174,0.25483171781374003,1,0.31529455022004693,2.7355398066936596,1.3826978839650734,1.4837901950800596
25,DDM,value_scaling_t0,wide,DEoptim,1306,1.0883586331353,1,1.3210808008026174,0.25483171781374003,1,0.31529455022004693,2.7355398066936596,1.3826978839650734,1.4837901950800596
25,DDM,value_scaling_t0,wide,DEoptim,1307,1.0883586331353,1,1.3210808008026174,0.25483171781374003,1,0.31529455022004693,2.7355398066936596,1.3826978839650734,1.4837901950800596
25,DDM,value_scaling_t0,wide,DEoptim,1308,1.0883586331353,1,1.3210808008026174,0.25483171781374003,1,0.31529455022004693,2.7355398066936596,1.3826978839650734,1.4837901950800596
25,DDM,value_scaling_t0,wide,DEoptim,1309,1.0883586331353,1,1.3210808008026174,0.25483171781374003,1,0.31529455022004693,2.7355398066936596,1.3826978839650734,1.4837901950800596
25,DDM,value_scaling_t0,wide,DEoptim,1310,1.0883586331353,1,1.3210808008026174,0.25483171781374003,1,0.31529455022004693,2.7355398066936596,1.3826978839650734,1.4837901950800596
25,DDM,value_scaling_t0,wide,DEoptim,1311,1.0883586331353,1,1.3210808008026174,0.25483171781374003,1,0.31529455022004693,2.7355398066936596,1.3826978839650734,1.4837901950800596
25,DDM,value_scaling_t0,wide,DEoptim,1312,1.0883586331353,1,1.3210808008026174,0.25483171781374003,1,0.31529455022004693,2.7355398066936596,1.3826978839650734,1.4837901950800596
25,DDM,value_scaling_t0,wide,DEoptim,1313,1.0883586331353,1,1.3210808008026174,0.25483171781374003,1,0.31529455022004693,2.7355398066936596,1.3826978839650734,1.4837901950800596
25,DDM,value_scaling_t0,wide,DEoptim,1314,1.0883586331353,1,1.3210808008026174,0.25483171781374003,1,0.31529455022004693,2.7355398066936596,1.3826978839650734,1.4837901950800596
25,DDM,value_scaling_t0,wide,DEoptim,1315,1.0883586331353,1,1.3210808008026174,0.25483171781374003,1,0.31529455022004693,2.7355398066936596,1.3827039561716612,1.4837901950800596
25,DDM,value_scaling_t0,wide,DEoptim,1316,1.0883586331353,1,1.3210808008026174,0.25483171781374003,1,0.31529455022004693,2.7355398066936596,1.3827039561716612,1.4837901950800596
25,DDM,value_scaling_t0,wide,DEoptim,1317,1.0883586331353,1,1.3210808008026174,0.25483171781374003,1,0.31529455022004693,2.7355398066936596,1.3827039561716612,1.4837901950800596
25,DDM,value_scaling_t0,wide,DEoptim,1318,1.0883586331353,1,1.3210808008026174,0.25483171781374003,1,0.31529455022004693,2.7355398066936596,1.3827039561716612,1.4837901950800596
25,DDM,value_scaling_t0,wide,DEoptim,1319,1.0883586331353,1,1.3210808008026174,0.25483171781374003,1,0.31529455022004693,2.7355398066936596,1.3827039561716612,1.4837901950800596
25,DDM,value_scaling_t0,wide,DEoptim,1320,1.0884726749713791,1,1.3214679085705021,0.25482528654992265,1,0.3151442146473598,2.73601732477119,1.3826399440054102,1.4837614375666577
25,DDM,value_scaling_t0,wide,DEoptim,1321,1.0884726749713791,1,1.3214679085705021,0.25482528654992265,1,0.3151442146473598,2.73601732477119,1.3826399440054102,1.4837614375666577
25,DDM,value_scaling_t0,wide,DEoptim,1322,1.0884726749713791,1,1.3214679085705021,0.25482528654992265,1,0.3151442146473598,2.73601732477119,1.3826399440054102,1.4837614375666577
25,DDM,value_scaling_t0,wide,DEoptim,1323,1.0884726749713791,1,1.3214679085705021,0.25482528654992265,1,0.3151442146473598,2.73601732477119,1.3826399440054102,1.4837614375666577
25,DDM,value_scaling_t0,wide,DEoptim,1324,1.0884726749713791,1,1.3214679085705021,0.25482528654992265,1,0.3151442146473598,2.73601732477119,1.3826399440054102,1.4837614375666577
25,DDM,value_scaling_t0,wide,DEoptim,1325,1.0884726749713791,1,1.3214679085705021,0.25482528654992265,1,0.3151442146473598,2.73601732477119,1.3826399440054102,1.4837614375666577
25,DDM,value_scaling_t0,wide,DEoptim,1326,1.0884726749713791,1,1.3214679085705021,0.25482528654992265,1,0.3151442146473598,2.73601732477119,1.3826399440054102,1.4837614375666577
25,DDM,value_scaling_t0,wide,DEoptim,1327,1.0884726749713791,1,1.3214679085705021,0.25482528654992265,1,0.3151442146473598,2.73601732477119,1.3826399440054102,1.4837614375666577
25,DDM,value_scaling_t0,wide,DEoptim,1328,1.0884726749713791,1,1.3214679085705021,0.25482528654992265,1,0.3151442146473598,2.73601732477119,1.3826399440054102,1.4837614375666577
25,DDM,value_scaling_t0,wide,DEoptim,1329,1.0884726749713791,1,1.3214679085705021,0.25482528654992265,1,0.3151442146473598,2.73601732477119,1.3826399440054102,1.4837614375666577
25,DDM,value_scaling_t0,wide,DEoptim,1330,1.0884726749713791,1,1.3214679085705021,0.25482528654992265,1,0.3151442146473598,2.73601732477119,1.3826399440054102,1.4837614375666577
25,DDM,value_scaling_t0,wide,DEoptim,1331,1.0884726749713791,1,1.3214679085705021,0.25482528654992265,1,0.3151442146473598,2.73601732477119,1.3826399440054102,1.4837614375666577
25,DDM,value_scaling_t0,wide,DEoptim,1332,1.0884726749713791,1,1.3214679085705021,0.25482528654992265,1,0.3151442146473598,2.73601732477119,1.3826399440054102,1.4837614375666577
25,DDM,value_scaling_t0,wide,DEoptim,1333,1.0884726749713791,1,1.3214679085705021,0.25482528654992265,1,0.3151442146473598,2.73601732477119,1.3826399440054102,1.4837614375666577
25,DDM,value_scaling_t0,wide,DEoptim,1334,1.0884726749713791,1,1.3214679085705021,0.25482528654992265,1,0.3151442146473598,2.73601732477119,1.3826399440054102,1.4837614375666577
25,DDM,value_scaling_t0,wide,DEoptim,1335,1.0884726749713791,1,1.3214679085705021,0.25482528654992265,1,0.3151442146473598,2.73601732477119,1.3826399440054102,1.4837614375666577
25,DDM,value_scaling_t0,wide,DEoptim,1336,1.0884726749713791,1,1.3214679085705021,0.25482528654992265,1,0.3151442146473598,2.73601732477119,1.3826399440054102,1.4837614375666577
25,DDM,value_scaling_t0,wide,DEoptim,1337,1.0884726749713791,1,1.3214679085705021,0.25482528654992265,1,0.3151442146473598,2.73601732477119,1.3826399440054102,1.4837614375666577
25,DDM,value_scaling_t0,wide,DEoptim,1338,1.0884726749713791,1,1.3214679085705021,0.25482528654992265,1,0.3151442146473598,2.73601732477119,1.3826399440054102,1.4837614375666577
25,DDM,value_scaling_t0,wide,DEoptim,1339,1.0884726749713791,1,1.3214679085705021,0.25482528654992265,1,0.3151442146473598,2.73601732477119,1.3826399440054102,1.4837614375666577
25,DDM,value_scaling_t0,wide,DEoptim,1340,1.0884726749713791,1,1.3214679085705021,0.25482528654992265,1,0.3151442146473598,2.73601732477119,1.3826399440054102,1.4837614375666577
25,DDM,value_scaling_t0,wide,DEoptim,1341,1.0884726749713791,1,1.3214679085705021,0.25482528654992265,1,0.3151442146473598,2.73601732477119,1.3826399440054102,1.4837614375666577
25,DDM,value_scaling_t0,wide,DEoptim,1342,1.0883586331353,1,1.3210808008026174,0.25473326833303284,1,0.31529455022004693,2.7355398066936596,1.3827039561716612,1.4837420462603839
25,DDM,value_scaling_t0,wide,DEoptim,1343,1.0883586331353,1,1.3210808008026174,0.25473326833303284,1,0.31529455022004693,2.7355398066936596,1.3827039561716612,1.4837420462603839
25,DDM,value_scaling_t0,wide,DEoptim,1344,1.0883586331353,1,1.3210808008026174,0.25473326833303284,1,0.31529455022004693,2.7355398066936596,1.3827039561716612,1.4837420462603839
25,DDM,value_scaling_t0,wide,DEoptim,1345,1.0883586331353,1,1.3210808008026174,0.25473326833303284,1,0.31529455022004693,2.7355398066936596,1.3827039561716612,1.4837420462603839
25,DDM,value_scaling_t0,wide,DEoptim,1346,1.0883586331353,1,1.3210808008026174,0.25473326833303284,1,0.31529455022004693,2.7355398066936596,1.3827039561716612,1.4837420462603839
25,DDM,value_scaling_t0,wide,DEoptim,1347,1.0883586331353,1,1.3210808008026174,0.25473326833303284,1,0.31529455022004693,2.7355398066936596,1.3827039561716612,1.4837420462603839
25,DDM,value_scaling_t0,wide,DEoptim,1348,1.0896282009720002,1,1.3218329171478211,0.25437563616250297,1,0.313607278797488,2.7357620458939342,1.3827214877737275,1.4836472056391024
25,DDM,value_scaling_t0,wide,DEoptim,1349,1.0896282009720002,1,1.3218329171478211,0.25437563616250297,1,0.313607278797488,2.7357620458939342,1.3827214877737275,1.4836472056391024
25,DDM,value_scaling_t0,wide,DEoptim,1350,1.0889030439349814,1,1.322080598049036,0.2541903223325089,1,0.31419566409677013,2.7352340645563715,1.3827109396808743,1.4836783314097524
