participant_id,model_name,parameterization,bound_settings,algorithm,iter,fun_val
91,DFT_CRT,time_and_value_scaling_t0,wide,DEoptim,1,335.94201616952955
91,DFT_CRT,time_and_value_scaling_t0,wide,DEoptim,2,319.859319663174
91,DFT_CRT,time_and_value_scaling_t0,wide,DEoptim,3,259.1477563809655
91,DFT_CRT,time_and_value_scaling_t0,wide,DEoptim,4,259.1477563809655
91,DFT_CRT,time_and_value_scaling_t0,wide,DEoptim,5,259.138849921882
91,DFT_CRT,time_and_value_scaling_t0,wide,DEoptim,6,259.138849921882
91,DFT_CRT,time_and_value_scaling_t0,wide,DEoptim,7,259.138849921882
91,DFT_CRT,time_and_value_scaling_t0,wide,DEoptim,8,210.99339911873278
91,DFT_CRT,time_and_value_scaling_t0,wide,DEoptim,9,210.65871874726224
91,DFT_CRT,time_and_value_scaling_t0,wide,DEoptim,10,210.65871874726224
91,DFT_CRT,time_and_value_scaling_t0,wide,DEoptim,11,210.65871874726224
91,DFT_CRT,time_and_value_scaling_t0,wide,DEoptim,12,210.65871874726224
91,DFT_CRT,time_and_value_scaling_t0,wide,DEoptim,13,210.65871874726224
91,DFT_CRT,time_and_value_scaling_t0,wide,DEoptim,14,210.65871874726224
91,DFT_CRT,time_and_value_scaling_t0,wide,DEoptim,15,210.65871874726224
91,DFT_CRT,time_and_value_scaling_t0,wide,DEoptim,16,210.65871874726224
91,DFT_CRT,time_and_value_scaling_t0,wide,DEoptim,17,210.65871874726224
91,DFT_CRT,time_and_value_scaling_t0,wide,DEoptim,18,210.65871874726224
91,DFT_CRT,time_and_value_scaling_t0,wide,DEoptim,19,210.65871874726224
91,DFT_CRT,time_and_value_scaling_t0,wide,DEoptim,20,210.54446640160373
91,DFT_CRT,time_and_value_scaling_t0,wide,DEoptim,21,210.54446640160373
91,DFT_CRT,time_and_value_scaling_t0,wide,DEoptim,22,210.54446640160373
91,DFT_CRT,time_and_value_scaling_t0,wide,DEoptim,23,206.07029928930694
91,DFT_CRT,time_and_value_scaling_t0,wide,DEoptim,24,206.07029928930694
91,DFT_CRT,time_and_value_scaling_t0,wide,DEoptim,25,206.07029928930694
91,DFT_CRT,time_and_value_scaling_t0,wide,DEoptim,26,206.07029928930694
91,DFT_CRT,time_and_value_scaling_t0,wide,DEoptim,27,206.07029928930694
91,DFT_CRT,time_and_value_scaling_t0,wide,DEoptim,28,206.07029928930694
91,DFT_CRT,time_and_value_scaling_t0,wide,DEoptim,29,206.07029928930694
91,DFT_CRT,time_and_value_scaling_t0,wide,DEoptim,30,206.07029928930694
91,DFT_CRT,time_and_value_scaling_t0,wide,DEoptim,31,206.07029928930694
91,DFT_CRT,time_and_value_scaling_t0,wide,DEoptim,32,200.24017320986803
91,DFT_CRT,time_and_value_scaling_t0,wide,DEoptim,33,200.24017320986803
91,DFT_CRT,time_and_value_scaling_t0,wide,DEoptim,34,200.24017320986803
91,DFT_CRT,time_and_value_scaling_t0,wide,DEoptim,35,200.24017320986803
91,DFT_CRT,time_and_value_scaling_t0,wide,DEoptim,36,200.24017320986803
91,DFT_CRT,time_and_value_scaling_t0,wide,DEoptim,37,200.24017320986803
91,DFT_CRT,time_and_value_scaling_t0,wide,DEoptim,38,200.24017320986803
91,DFT_CRT,time_and_value_scaling_t0,wide,DEoptim,39,200.24017320986803
91,DFT_CRT,time_and_value_scaling_t0,wide,DEoptim,40,200.24017320986803
91,DFT_CRT,time_and_value_scaling_t0,wide,DEoptim,41,198.94528882110865
91,DFT_CRT,time_and_value_scaling_t0,wide,DEoptim,42,198.94528882110865
91,DFT_CRT,time_and_value_scaling_t0,wide,DEoptim,43,194.2101883917868
91,DFT_CRT,time_and_value_scaling_t0,wide,DEoptim,44,194.2101883917868
91,DFT_CRT,time_and_value_scaling_t0,wide,DEoptim,45,194.2101883917868
91,DFT_CRT,time_and_value_scaling_t0,wide,DEoptim,46,194.2101883917868
91,DFT_CRT,time_and_value_scaling_t0,wide,DEoptim,47,194.2101883917868
91,DFT_CRT,time_and_value_scaling_t0,wide,DEoptim,48,194.2101883917868
91,DFT_CRT,time_and_value_scaling_t0,wide,DEoptim,49,194.20616265049833
91,DFT_CRT,time_and_value_scaling_t0,wide,DEoptim,50,194.20616265049833
91,DFT_CRT,time_and_value_scaling_t0,wide,DEoptim,51,194.20616265049833
91,DFT_CRT,time_and_value_scaling_t0,wide,DEoptim,52,194.20616265049833
91,DFT_CRT,time_and_value_scaling_t0,wide,DEoptim,53,194.20616265049833
91,DFT_CRT,time_and_value_scaling_t0,wide,DEoptim,54,194.20616265049833
91,DFT_CRT,time_and_value_scaling_t0,wide,DEoptim,55,194.20616265049833
91,DFT_CRT,time_and_value_scaling_t0,wide,DEoptim,56,194.20616265049833
91,DFT_CRT,time_and_value_scaling_t0,wide,DEoptim,57,194.20616265049833
91,DFT_CRT,time_and_value_scaling_t0,wide,DEoptim,58,193.2662624969098
91,DFT_CRT,time_and_value_scaling_t0,wide,DEoptim,59,193.2662624969098
91,DFT_CRT,time_and_value_scaling_t0,wide,DEoptim,60,193.2662624969098
91,DFT_CRT,time_and_value_scaling_t0,wide,DEoptim,61,193.10634306253212
91,DFT_CRT,time_and_value_scaling_t0,wide,DEoptim,62,193.10634306253212
91,DFT_CRT,time_and_value_scaling_t0,wide,DEoptim,63,193.10634306253212
91,DFT_CRT,time_and_value_scaling_t0,wide,DEoptim,64,193.10634306253212
91,DFT_CRT,time_and_value_scaling_t0,wide,DEoptim,65,193.10634306253212
91,DFT_CRT,time_and_value_scaling_t0,wide,DEoptim,66,193.10634306253212
91,DFT_CRT,time_and_value_scaling_t0,wide,DEoptim,67,193.10634306253212
91,DFT_CRT,time_and_value_scaling_t0,wide,DEoptim,68,193.10634306253212
91,DFT_CRT,time_and_value_scaling_t0,wide,DEoptim,69,193.10634306253212
91,DFT_CRT,time_and_value_scaling_t0,wide,DEoptim,70,193.10634306253212
91,DFT_CRT,time_and_value_scaling_t0,wide,DEoptim,71,193.10634306253212
91,DFT_CRT,time_and_value_scaling_t0,wide,DEoptim,72,193.10634306253212
91,DFT_CRT,time_and_value_scaling_t0,wide,DEoptim,73,193.10634306253212
91,DFT_CRT,time_and_value_scaling_t0,wide,DEoptim,74,193.10634306253212
91,DFT_CRT,time_and_value_scaling_t0,wide,DEoptim,75,193.10634306253212
91,DFT_CRT,time_and_value_scaling_t0,wide,DEoptim,76,193.10634306253212
91,DFT_CRT,time_and_value_scaling_t0,wide,DEoptim,77,193.10634306253212
91,DFT_CRT,time_and_value_scaling_t0,wide,DEoptim,78,192.8075412048186
91,DFT_CRT,time_and_value_scaling_t0,wide,DEoptim,79,192.8075412048186
91,DFT_CRT,time_and_value_scaling_t0,wide,DEoptim,80,192.8075412048186
91,DFT_CRT,time_and_value_scaling_t0,wide,DEoptim,81,192.8075412048186
91,DFT_CRT,time_and_value_scaling_t0,wide,DEoptim,82,192.74588762484703
91,DFT_CRT,time_and_value_scaling_t0,wide,DEoptim,83,192.74588762484703
91,DFT_CRT,time_and_value_scaling_t0,wide,DEoptim,84,192.74588762484703
91,DFT_CRT,time_and_value_scaling_t0,wide,DEoptim,85,192.74588762484703
91,DFT_CRT,time_and_value_scaling_t0,wide,DEoptim,86,192.73654137890745
91,DFT_CRT,time_and_value_scaling_t0,wide,DEoptim,87,192.73654137890745
91,DFT_CRT,time_and_value_scaling_t0,wide,DEoptim,88,192.73654137890745
91,DFT_CRT,time_and_value_scaling_t0,wide,DEoptim,89,192.73654137890745
91,DFT_CRT,time_and_value_scaling_t0,wide,DEoptim,90,192.73654137890745
91,DFT_CRT,time_and_value_scaling_t0,wide,DEoptim,91,192.73654137890745
91,DFT_CRT,time_and_value_scaling_t0,wide,DEoptim,92,192.73654137890745
91,DFT_CRT,time_and_value_scaling_t0,wide,DEoptim,93,192.73654137890745
91,DFT_CRT,time_and_value_scaling_t0,wide,DEoptim,94,192.73654137890745
91,DFT_CRT,time_and_value_scaling_t0,wide,DEoptim,95,192.33783255563284
91,DFT_CRT,time_and_value_scaling_t0,wide,DEoptim,96,191.82816914209164
91,DFT_CRT,time_and_value_scaling_t0,wide,DEoptim,97,191.82816914209164
91,DFT_CRT,time_and_value_scaling_t0,wide,DEoptim,98,191.71142692204978
91,DFT_CRT,time_and_value_scaling_t0,wide,DEoptim,99,191.71142692204978
91,DFT_CRT,time_and_value_scaling_t0,wide,DEoptim,100,191.19927551760475
91,DFT_CRT,time_and_value_scaling_t0,wide,DEoptim,101,191.19927551760475
91,DFT_CRT,time_and_value_scaling_t0,wide,DEoptim,102,191.19927551760475
91,DFT_CRT,time_and_value_scaling_t0,wide,DEoptim,103,191.19927551760475
91,DFT_CRT,time_and_value_scaling_t0,wide,DEoptim,104,191.1950233316354
91,DFT_CRT,time_and_value_scaling_t0,wide,DEoptim,105,191.1950233316354
91,DFT_CRT,time_and_value_scaling_t0,wide,DEoptim,106,191.1950233316354
91,DFT_CRT,time_and_value_scaling_t0,wide,DEoptim,107,191.1950233316354
91,DFT_CRT,time_and_value_scaling_t0,wide,DEoptim,108,191.1950233316354
91,DFT_CRT,time_and_value_scaling_t0,wide,DEoptim,109,191.1950233316354
91,DFT_CRT,time_and_value_scaling_t0,wide,DEoptim,110,191.1950233316354
91,DFT_CRT,time_and_value_scaling_t0,wide,DEoptim,111,191.1950233316354
91,DFT_CRT,time_and_value_scaling_t0,wide,DEoptim,112,191.1950233316354
91,DFT_CRT,time_and_value_scaling_t0,wide,DEoptim,113,191.1950233316354
91,DFT_CRT,time_and_value_scaling_t0,wide,DEoptim,114,191.1950233316354
91,DFT_CRT,time_and_value_scaling_t0,wide,DEoptim,115,191.1950233316354
91,DFT_CRT,time_and_value_scaling_t0,wide,DEoptim,116,191.1950233316354
91,DFT_CRT,time_and_value_scaling_t0,wide,DEoptim,117,191.1950233316354
91,DFT_CRT,time_and_value_scaling_t0,wide,DEoptim,118,191.1950233316354
91,DFT_CRT,time_and_value_scaling_t0,wide,DEoptim,119,191.09394774307938
91,DFT_CRT,time_and_value_scaling_t0,wide,DEoptim,120,191.09394774307938
91,DFT_CRT,time_and_value_scaling_t0,wide,DEoptim,121,191.0166321590569
91,DFT_CRT,time_and_value_scaling_t0,wide,DEoptim,122,191.0166321590569
91,DFT_CRT,time_and_value_scaling_t0,wide,DEoptim,123,191.0166321590569
91,DFT_CRT,time_and_value_scaling_t0,wide,DEoptim,124,191.0166321590569
91,DFT_CRT,time_and_value_scaling_t0,wide,DEoptim,125,190.60684001234
91,DFT_CRT,time_and_value_scaling_t0,wide,DEoptim,126,190.60684001234
91,DFT_CRT,time_and_value_scaling_t0,wide,DEoptim,127,190.60684001234
91,DFT_CRT,time_and_value_scaling_t0,wide,DEoptim,128,190.60684001234
91,DFT_CRT,time_and_value_scaling_t0,wide,DEoptim,129,190.60684001234
91,DFT_CRT,time_and_value_scaling_t0,wide,DEoptim,130,190.60684001234
91,DFT_CRT,time_and_value_scaling_t0,wide,DEoptim,131,190.60684001234
91,DFT_CRT,time_and_value_scaling_t0,wide,DEoptim,132,190.60684001234
91,DFT_CRT,time_and_value_scaling_t0,wide,DEoptim,133,190.60684001234
91,DFT_CRT,time_and_value_scaling_t0,wide,DEoptim,134,190.60684001234
91,DFT_CRT,time_and_value_scaling_t0,wide,DEoptim,135,190.60684001234
91,DFT_CRT,time_and_value_scaling_t0,wide,DEoptim,136,190.60684001234
91,DFT_CRT,time_and_value_scaling_t0,wide,DEoptim,137,190.60684001234
91,DFT_CRT,time_and_value_scaling_t0,wide,DEoptim,138,190.60684001234
91,DFT_CRT,time_and_value_scaling_t0,wide,DEoptim,139,190.60684001234
91,DFT_CRT,time_and_value_scaling_t0,wide,DEoptim,140,190.60684001234
91,DFT_CRT,time_and_value_scaling_t0,wide,DEoptim,141,190.60684001234
91,DFT_CRT,time_and_value_scaling_t0,wide,DEoptim,142,190.60684001234
91,DFT_CRT,time_and_value_scaling_t0,wide,DEoptim,143,190.60684001234
91,DFT_CRT,time_and_value_scaling_t0,wide,DEoptim,144,190.60684001234
91,DFT_CRT,time_and_value_scaling_t0,wide,DEoptim,145,190.60684001234
91,DFT_CRT,time_and_value_scaling_t0,wide,DEoptim,146,190.60684001234
91,DFT_CRT,time_and_value_scaling_t0,wide,DEoptim,147,190.60684001234
91,DFT_CRT,time_and_value_scaling_t0,wide,DEoptim,148,190.1589744940492
91,DFT_CRT,time_and_value_scaling_t0,wide,DEoptim,149,190.1589744940492
91,DFT_CRT,time_and_value_scaling_t0,wide,DEoptim,150,190.1589744940492
91,DFT_CRT,time_and_value_scaling_t0,wide,DEoptim,151,190.1589744940492
91,DFT_CRT,time_and_value_scaling_t0,wide,DEoptim,152,190.1589744940492
91,DFT_CRT,time_and_value_scaling_t0,wide,DEoptim,153,190.1589744940492
91,DFT_CRT,time_and_value_scaling_t0,wide,DEoptim,154,190.1589744940492
91,DFT_CRT,time_and_value_scaling_t0,wide,DEoptim,155,190.1589744940492
91,DFT_CRT,time_and_value_scaling_t0,wide,DEoptim,156,190.1589744940492
91,DFT_CRT,time_and_value_scaling_t0,wide,DEoptim,157,190.1589744940492
91,DFT_CRT,time_and_value_scaling_t0,wide,DEoptim,158,190.1589744940492
91,DFT_CRT,time_and_value_scaling_t0,wide,DEoptim,159,190.1589744940492
91,DFT_CRT,time_and_value_scaling_t0,wide,DEoptim,160,190.1589744940492
91,DFT_CRT,time_and_value_scaling_t0,wide,DEoptim,161,190.1589744940492
91,DFT_CRT,time_and_value_scaling_t0,wide,DEoptim,162,190.1589744940492
91,DFT_CRT,time_and_value_scaling_t0,wide,DEoptim,163,190.1589744940492
91,DFT_CRT,time_and_value_scaling_t0,wide,DEoptim,164,190.1589744940492
91,DFT_CRT,time_and_value_scaling_t0,wide,DEoptim,165,190.1589744940492
91,DFT_CRT,time_and_value_scaling_t0,wide,DEoptim,166,190.1589744940492
91,DFT_CRT,time_and_value_scaling_t0,wide,DEoptim,167,189.8053442163049
91,DFT_CRT,time_and_value_scaling_t0,wide,DEoptim,168,189.8053442163049
91,DFT_CRT,time_and_value_scaling_t0,wide,DEoptim,169,189.8053442163049
91,DFT_CRT,time_and_value_scaling_t0,wide,DEoptim,170,189.8053442163049
91,DFT_CRT,time_and_value_scaling_t0,wide,DEoptim,171,189.8053442163049
91,DFT_CRT,time_and_value_scaling_t0,wide,DEoptim,172,189.8053442163049
91,DFT_CRT,time_and_value_scaling_t0,wide,DEoptim,173,189.8053442163049
91,DFT_CRT,time_and_value_scaling_t0,wide,DEoptim,174,189.8053442163049
91,DFT_CRT,time_and_value_scaling_t0,wide,DEoptim,175,189.8053442163049
91,DFT_CRT,time_and_value_scaling_t0,wide,DEoptim,176,189.8053442163049
91,DFT_CRT,time_and_value_scaling_t0,wide,DEoptim,177,189.8053442163049
91,DFT_CRT,time_and_value_scaling_t0,wide,DEoptim,178,189.8053442163049
91,DFT_CRT,time_and_value_scaling_t0,wide,DEoptim,179,189.8053442163049
91,DFT_CRT,time_and_value_scaling_t0,wide,DEoptim,180,189.8053442163049
91,DFT_CRT,time_and_value_scaling_t0,wide,DEoptim,181,189.8053442163049
91,DFT_CRT,time_and_value_scaling_t0,wide,DEoptim,182,189.8053442163049
91,DFT_CRT,time_and_value_scaling_t0,wide,DEoptim,183,189.8053442163049
91,DFT_CRT,time_and_value_scaling_t0,wide,DEoptim,184,189.8053442163049
91,DFT_CRT,time_and_value_scaling_t0,wide,DEoptim,185,189.8053442163049
91,DFT_CRT,time_and_value_scaling_t0,wide,DEoptim,186,189.59123562654221
91,DFT_CRT,time_and_value_scaling_t0,wide,DEoptim,187,189.59123562654221
91,DFT_CRT,time_and_value_scaling_t0,wide,DEoptim,188,189.59123562654221
91,DFT_CRT,time_and_value_scaling_t0,wide,DEoptim,189,189.59123562654221
91,DFT_CRT,time_and_value_scaling_t0,wide,DEoptim,190,189.59123562654221
91,DFT_CRT,time_and_value_scaling_t0,wide,DEoptim,191,189.59123562654221
91,DFT_CRT,time_and_value_scaling_t0,wide,DEoptim,192,189.56971231246328
91,DFT_CRT,time_and_value_scaling_t0,wide,DEoptim,193,189.56971231246328
91,DFT_CRT,time_and_value_scaling_t0,wide,DEoptim,194,189.56971231246328
91,DFT_CRT,time_and_value_scaling_t0,wide,DEoptim,195,189.56971231246328
91,DFT_CRT,time_and_value_scaling_t0,wide,DEoptim,196,189.56971231246328
91,DFT_CRT,time_and_value_scaling_t0,wide,DEoptim,197,189.56971231246328
91,DFT_CRT,time_and_value_scaling_t0,wide,DEoptim,198,189.56971231246328
91,DFT_CRT,time_and_value_scaling_t0,wide,DEoptim,199,189.56971231246328
91,DFT_CRT,time_and_value_scaling_t0,wide,DEoptim,200,189.56971231246328
91,DFT_CRT,time_and_value_scaling_t0,wide,DEoptim,201,189.56971231246328
91,DFT_CRT,time_and_value_scaling_t0,wide,DEoptim,202,189.56971231246328
91,DFT_CRT,time_and_value_scaling_t0,wide,DEoptim,203,189.56971231246328
91,DFT_CRT,time_and_value_scaling_t0,wide,DEoptim,204,189.56971231246328
91,DFT_CRT,time_and_value_scaling_t0,wide,DEoptim,205,189.56971231246328
91,DFT_CRT,time_and_value_scaling_t0,wide,DEoptim,206,189.56971231246328
91,DFT_CRT,time_and_value_scaling_t0,wide,DEoptim,207,189.56971231246328
91,DFT_CRT,time_and_value_scaling_t0,wide,DEoptim,208,189.56971231246328
91,DFT_CRT,time_and_value_scaling_t0,wide,DEoptim,209,189.56971231246328
91,DFT_CRT,time_and_value_scaling_t0,wide,DEoptim,210,189.56971231246328
91,DFT_CRT,time_and_value_scaling_t0,wide,DEoptim,211,189.56971231246328
91,DFT_CRT,time_and_value_scaling_t0,wide,DEoptim,212,189.56971231246328
91,DFT_CRT,time_and_value_scaling_t0,wide,DEoptim,213,189.56971231246328
91,DFT_CRT,time_and_value_scaling_t0,wide,DEoptim,214,189.56971231246328
91,DFT_CRT,time_and_value_scaling_t0,wide,DEoptim,215,189.56971231246328
91,DFT_CRT,time_and_value_scaling_t0,wide,DEoptim,216,189.56971231246328
91,DFT_CRT,time_and_value_scaling_t0,wide,DEoptim,217,189.56971231246328
91,DFT_CRT,time_and_value_scaling_t0,wide,DEoptim,218,189.56971231246328
91,DFT_CRT,time_and_value_scaling_t0,wide,DEoptim,219,189.56971231246328
91,DFT_CRT,time_and_value_scaling_t0,wide,DEoptim,220,189.56971231246328
91,DFT_CRT,time_and_value_scaling_t0,wide,DEoptim,221,189.5594139530835
91,DFT_CRT,time_and_value_scaling_t0,wide,DEoptim,222,189.5581253498515
91,DFT_CRT,time_and_value_scaling_t0,wide,DEoptim,223,189.5581253498515
91,DFT_CRT,time_and_value_scaling_t0,wide,DEoptim,224,189.5581253498515
91,DFT_CRT,time_and_value_scaling_t0,wide,DEoptim,225,189.5581253498515
91,DFT_CRT,time_and_value_scaling_t0,wide,DEoptim,226,189.5581253498515
91,DFT_CRT,time_and_value_scaling_t0,wide,DEoptim,227,189.5581253498515
91,DFT_CRT,time_and_value_scaling_t0,wide,DEoptim,228,189.5581253498515
91,DFT_CRT,time_and_value_scaling_t0,wide,DEoptim,229,189.5581253498515
91,DFT_CRT,time_and_value_scaling_t0,wide,DEoptim,230,189.5581253498515
91,DFT_CRT,time_and_value_scaling_t0,wide,DEoptim,231,189.5581253498515
91,DFT_CRT,time_and_value_scaling_t0,wide,DEoptim,232,189.5581253498515
91,DFT_CRT,time_and_value_scaling_t0,wide,DEoptim,233,189.5581253498515
91,DFT_CRT,time_and_value_scaling_t0,wide,DEoptim,234,189.5581253498515
91,DFT_CRT,time_and_value_scaling_t0,wide,DEoptim,235,189.53060229411042
91,DFT_CRT,time_and_value_scaling_t0,wide,DEoptim,236,189.53060229411042
91,DFT_CRT,time_and_value_scaling_t0,wide,DEoptim,237,189.53060229411042
91,DFT_CRT,time_and_value_scaling_t0,wide,DEoptim,238,189.53060229411042
91,DFT_CRT,time_and_value_scaling_t0,wide,DEoptim,239,189.53060229411042
91,DFT_CRT,time_and_value_scaling_t0,wide,DEoptim,240,189.53060229411042
91,DFT_CRT,time_and_value_scaling_t0,wide,DEoptim,241,189.53060229411042
91,DFT_CRT,time_and_value_scaling_t0,wide,DEoptim,242,189.53060229411042
91,DFT_CRT,time_and_value_scaling_t0,wide,DEoptim,243,189.53060229411042
91,DFT_CRT,time_and_value_scaling_t0,wide,DEoptim,244,189.53060229411042
91,DFT_CRT,time_and_value_scaling_t0,wide,DEoptim,245,189.53060229411042
91,DFT_CRT,time_and_value_scaling_t0,wide,DEoptim,246,189.53060229411042
91,DFT_CRT,time_and_value_scaling_t0,wide,DEoptim,247,189.53060229411042
91,DFT_CRT,time_and_value_scaling_t0,wide,DEoptim,248,189.53060229411042
91,DFT_CRT,time_and_value_scaling_t0,wide,DEoptim,249,189.53060229411042
91,DFT_CRT,time_and_value_scaling_t0,wide,DEoptim,250,189.53060229411042
91,DFT_CRT,time_and_value_scaling_t0,wide,DEoptim,251,189.53060229411042
91,DFT_CRT,time_and_value_scaling_t0,wide,DEoptim,252,189.53060229411042
91,DFT_CRT,time_and_value_scaling_t0,wide,DEoptim,253,189.53060229411042
91,DFT_CRT,time_and_value_scaling_t0,wide,DEoptim,254,189.53060229411042
91,DFT_CRT,time_and_value_scaling_t0,wide,DEoptim,255,189.53060229411042
91,DFT_CRT,time_and_value_scaling_t0,wide,DEoptim,256,189.53060229411042
91,DFT_CRT,time_and_value_scaling_t0,wide,DEoptim,257,189.53060229411042
91,DFT_CRT,time_and_value_scaling_t0,wide,DEoptim,258,189.53060229411042
91,DFT_CRT,time_and_value_scaling_t0,wide,DEoptim,259,189.53060229411042
91,DFT_CRT,time_and_value_scaling_t0,wide,DEoptim,260,189.53060229411042
91,DFT_CRT,time_and_value_scaling_t0,wide,DEoptim,261,189.53060229411042
91,DFT_CRT,time_and_value_scaling_t0,wide,DEoptim,262,189.5215984170494
91,DFT_CRT,time_and_value_scaling_t0,wide,DEoptim,263,189.5215984170494
91,DFT_CRT,time_and_value_scaling_t0,wide,DEoptim,264,189.5215984170494
91,DFT_CRT,time_and_value_scaling_t0,wide,DEoptim,265,189.5215984170494
91,DFT_CRT,time_and_value_scaling_t0,wide,DEoptim,266,189.5215984170494
91,DFT_CRT,time_and_value_scaling_t0,wide,DEoptim,267,189.5215984170494
91,DFT_CRT,time_and_value_scaling_t0,wide,DEoptim,268,189.5215984170494
91,DFT_CRT,time_and_value_scaling_t0,wide,DEoptim,269,189.5215984170494
91,DFT_CRT,time_and_value_scaling_t0,wide,DEoptim,270,189.5215984170494
91,DFT_CRT,time_and_value_scaling_t0,wide,DEoptim,271,189.5215984170494
91,DFT_CRT,time_and_value_scaling_t0,wide,DEoptim,272,189.5215984170494
91,DFT_CRT,time_and_value_scaling_t0,wide,DEoptim,273,189.5215984170494
91,DFT_CRT,time_and_value_scaling_t0,wide,DEoptim,274,189.5215984170494
91,DFT_CRT,time_and_value_scaling_t0,wide,DEoptim,275,189.5215984170494
91,DFT_CRT,time_and_value_scaling_t0,wide,DEoptim,276,189.5215984170494
91,DFT_CRT,time_and_value_scaling_t0,wide,DEoptim,277,189.5215984170494
91,DFT_CRT,time_and_value_scaling_t0,wide,DEoptim,278,189.5215984170494
91,DFT_CRT,time_and_value_scaling_t0,wide,DEoptim,279,189.5215984170494
91,DFT_CRT,time_and_value_scaling_t0,wide,DEoptim,280,189.5215984170494
91,DFT_CRT,time_and_value_scaling_t0,wide,DEoptim,281,189.5215984170494
91,DFT_CRT,time_and_value_scaling_t0,wide,DEoptim,282,189.5215984170494
91,DFT_CRT,time_and_value_scaling_t0,wide,DEoptim,283,189.5215984170494
91,DFT_CRT,time_and_value_scaling_t0,wide,DEoptim,284,189.5215984170494
91,DFT_CRT,time_and_value_scaling_t0,wide,DEoptim,285,189.5215984170494
91,DFT_CRT,time_and_value_scaling_t0,wide,DEoptim,286,189.5215984170494
91,DFT_CRT,time_and_value_scaling_t0,wide,DEoptim,287,189.5215984170494
91,DFT_CRT,time_and_value_scaling_t0,wide,DEoptim,288,189.5215984170494
91,DFT_CRT,time_and_value_scaling_t0,wide,DEoptim,289,189.5215984170494
91,DFT_CRT,time_and_value_scaling_t0,wide,DEoptim,290,189.5215984170494
91,DFT_CRT,time_and_value_scaling_t0,wide,DEoptim,291,189.5215984170494
91,DFT_CRT,time_and_value_scaling_t0,wide,DEoptim,292,189.5215984170494
91,DFT_CRT,time_and_value_scaling_t0,wide,DEoptim,293,189.5215984170494
91,DFT_CRT,time_and_value_scaling_t0,wide,DEoptim,294,189.5215984170494
91,DFT_CRT,time_and_value_scaling_t0,wide,DEoptim,295,189.5215984170494
91,DFT_CRT,time_and_value_scaling_t0,wide,DEoptim,296,189.5215984170494
91,DFT_CRT,time_and_value_scaling_t0,wide,DEoptim,297,189.5215984170494
91,DFT_CRT,time_and_value_scaling_t0,wide,DEoptim,298,189.5215984170494
91,DFT_CRT,time_and_value_scaling_t0,wide,DEoptim,299,189.5215984170494
91,DFT_CRT,time_and_value_scaling_t0,wide,DEoptim,300,189.5215984170494
91,DFT_CRT,time_and_value_scaling_t0,wide,DEoptim,301,189.5215984170494
91,DFT_CRT,time_and_value_scaling_t0,wide,DEoptim,302,189.5215984170494
91,DFT_CRT,time_and_value_scaling_t0,wide,DEoptim,303,189.5215984170494
91,DFT_CRT,time_and_value_scaling_t0,wide,DEoptim,304,189.5215984170494
91,DFT_CRT,time_and_value_scaling_t0,wide,DEoptim,305,189.5215984170494
91,DFT_CRT,time_and_value_scaling_t0,wide,DEoptim,306,189.5215984170494
91,DFT_CRT,time_and_value_scaling_t0,wide,DEoptim,307,189.5215984170494
91,DFT_CRT,time_and_value_scaling_t0,wide,DEoptim,308,189.5215984170494
91,DFT_CRT,time_and_value_scaling_t0,wide,DEoptim,309,189.5215984170494
91,DFT_CRT,time_and_value_scaling_t0,wide,DEoptim,310,189.5215984170494
91,DFT_CRT,time_and_value_scaling_t0,wide,DEoptim,311,189.5215984170494
91,DFT_CRT,time_and_value_scaling_t0,wide,DEoptim,312,189.5215984170494
91,DFT_CRT,time_and_value_scaling_t0,wide,DEoptim,313,189.5215984170494
91,DFT_CRT,time_and_value_scaling_t0,wide,DEoptim,314,189.5215984170494
91,DFT_CRT,time_and_value_scaling_t0,wide,DEoptim,315,189.5215984170494
91,DFT_CRT,time_and_value_scaling_t0,wide,DEoptim,316,189.5215984170494
91,DFT_CRT,time_and_value_scaling_t0,wide,DEoptim,317,189.51480665813523
91,DFT_CRT,time_and_value_scaling_t0,wide,DEoptim,318,189.51480665813523
91,DFT_CRT,time_and_value_scaling_t0,wide,DEoptim,319,189.51480665813523
91,DFT_CRT,time_and_value_scaling_t0,wide,DEoptim,320,189.51480665813523
91,DFT_CRT,time_and_value_scaling_t0,wide,DEoptim,321,189.51480665813523
91,DFT_CRT,time_and_value_scaling_t0,wide,DEoptim,322,189.51480665813523
91,DFT_CRT,time_and_value_scaling_t0,wide,DEoptim,323,189.51480665813523
91,DFT_CRT,time_and_value_scaling_t0,wide,DEoptim,324,189.51480665813523
91,DFT_CRT,time_and_value_scaling_t0,wide,DEoptim,325,189.51480665813523
91,DFT_CRT,time_and_value_scaling_t0,wide,DEoptim,326,189.51480665813523
91,DFT_CRT,time_and_value_scaling_t0,wide,DEoptim,327,189.51480665813523
91,DFT_CRT,time_and_value_scaling_t0,wide,DEoptim,328,189.51480665813523
91,DFT_CRT,time_and_value_scaling_t0,wide,DEoptim,329,189.51480665813523
91,DFT_CRT,time_and_value_scaling_t0,wide,DEoptim,330,189.51480665813523
91,DFT_CRT,time_and_value_scaling_t0,wide,DEoptim,331,189.51480665813523
91,DFT_CRT,time_and_value_scaling_t0,wide,DEoptim,332,189.51480665813523
91,DFT_CRT,time_and_value_scaling_t0,wide,DEoptim,333,189.51480665813523
91,DFT_CRT,time_and_value_scaling_t0,wide,DEoptim,334,189.51480665813523
91,DFT_CRT,time_and_value_scaling_t0,wide,DEoptim,335,189.51480665813523
91,DFT_CRT,time_and_value_scaling_t0,wide,DEoptim,336,189.51480665813523
91,DFT_CRT,time_and_value_scaling_t0,wide,DEoptim,337,189.51480665813523
91,DFT_CRT,time_and_value_scaling_t0,wide,DEoptim,338,189.51480665813523
91,DFT_CRT,time_and_value_scaling_t0,wide,DEoptim,339,189.51480665813523
91,DFT_CRT,time_and_value_scaling_t0,wide,DEoptim,340,189.51480665813523
91,DFT_CRT,time_and_value_scaling_t0,wide,DEoptim,341,189.51480665813523
91,DFT_CRT,time_and_value_scaling_t0,wide,DEoptim,342,189.51480665813523
91,DFT_CRT,time_and_value_scaling_t0,wide,DEoptim,343,189.51480665813523
91,DFT_CRT,time_and_value_scaling_t0,wide,DEoptim,344,189.51480665813523
91,DFT_CRT,time_and_value_scaling_t0,wide,DEoptim,345,189.51480665813523
91,DFT_CRT,time_and_value_scaling_t0,wide,DEoptim,346,189.51480665813523
91,DFT_CRT,time_and_value_scaling_t0,wide,DEoptim,347,189.51480665813523
91,DFT_CRT,time_and_value_scaling_t0,wide,DEoptim,348,189.51480665813523
91,DFT_CRT,time_and_value_scaling_t0,wide,DEoptim,349,189.51042050370071
91,DFT_CRT,time_and_value_scaling_t0,wide,DEoptim,350,189.51042050370071
91,DFT_CRT,time_and_value_scaling_t0,wide,DEoptim,351,189.51042050370071
91,DFT_CRT,time_and_value_scaling_t0,wide,DEoptim,352,189.51042050370071
91,DFT_CRT,time_and_value_scaling_t0,wide,DEoptim,353,189.51042050370071
91,DFT_CRT,time_and_value_scaling_t0,wide,DEoptim,354,189.51042050370071
91,DFT_CRT,time_and_value_scaling_t0,wide,DEoptim,355,189.51042050370071
91,DFT_CRT,time_and_value_scaling_t0,wide,DEoptim,356,189.51042050370071
91,DFT_CRT,time_and_value_scaling_t0,wide,DEoptim,357,189.51042050370071
91,DFT_CRT,time_and_value_scaling_t0,wide,DEoptim,358,189.51042050370071
91,DFT_CRT,time_and_value_scaling_t0,wide,DEoptim,359,189.51042050370071
91,DFT_CRT,time_and_value_scaling_t0,wide,DEoptim,360,189.51042050370071
91,DFT_CRT,time_and_value_scaling_t0,wide,DEoptim,361,189.5077274391006
91,DFT_CRT,time_and_value_scaling_t0,wide,DEoptim,362,189.5077274391006
91,DFT_CRT,time_and_value_scaling_t0,wide,DEoptim,363,189.5077274391006
91,DFT_CRT,time_and_value_scaling_t0,wide,DEoptim,364,189.5077274391006
91,DFT_CRT,time_and_value_scaling_t0,wide,DEoptim,365,189.5077274391006
91,DFT_CRT,time_and_value_scaling_t0,wide,DEoptim,366,189.5077274391006
91,DFT_CRT,time_and_value_scaling_t0,wide,DEoptim,367,189.5077274391006
91,DFT_CRT,time_and_value_scaling_t0,wide,DEoptim,368,189.5077274391006
91,DFT_CRT,time_and_value_scaling_t0,wide,DEoptim,369,189.5077274391006
91,DFT_CRT,time_and_value_scaling_t0,wide,DEoptim,370,189.5077274391006
91,DFT_CRT,time_and_value_scaling_t0,wide,DEoptim,371,189.5077274391006
91,DFT_CRT,time_and_value_scaling_t0,wide,DEoptim,372,189.5077274391006
91,DFT_CRT,time_and_value_scaling_t0,wide,DEoptim,373,189.5077274391006
91,DFT_CRT,time_and_value_scaling_t0,wide,DEoptim,374,189.5077274391006
91,DFT_CRT,time_and_value_scaling_t0,wide,DEoptim,375,189.5077274391006
91,DFT_CRT,time_and_value_scaling_t0,wide,DEoptim,376,189.50516469805177
91,DFT_CRT,time_and_value_scaling_t0,wide,DEoptim,377,189.50516469805177
91,DFT_CRT,time_and_value_scaling_t0,wide,DEoptim,378,189.50516469805177
91,DFT_CRT,time_and_value_scaling_t0,wide,DEoptim,379,189.50516469805177
91,DFT_CRT,time_and_value_scaling_t0,wide,DEoptim,380,189.50516469805177
91,DFT_CRT,time_and_value_scaling_t0,wide,DEoptim,381,189.50516469805177
91,DFT_CRT,time_and_value_scaling_t0,wide,DEoptim,382,189.50516469805177
91,DFT_CRT,time_and_value_scaling_t0,wide,DEoptim,383,189.50516469805177
91,DFT_CRT,time_and_value_scaling_t0,wide,DEoptim,384,189.50516469805177
91,DFT_CRT,time_and_value_scaling_t0,wide,DEoptim,385,189.50516469805177
91,DFT_CRT,time_and_value_scaling_t0,wide,DEoptim,386,189.50516469805177
91,DFT_CRT,time_and_value_scaling_t0,wide,DEoptim,387,189.50516469805177
91,DFT_CRT,time_and_value_scaling_t0,wide,DEoptim,388,189.50516469805177
91,DFT_CRT,time_and_value_scaling_t0,wide,DEoptim,389,189.49710080349948
91,DFT_CRT,time_and_value_scaling_t0,wide,DEoptim,390,189.49710080349948
91,DFT_CRT,time_and_value_scaling_t0,wide,DEoptim,391,189.49710080349948
91,DFT_CRT,time_and_value_scaling_t0,wide,DEoptim,392,189.49710080349948
91,DFT_CRT,time_and_value_scaling_t0,wide,DEoptim,393,189.49710080349948
91,DFT_CRT,time_and_value_scaling_t0,wide,DEoptim,394,189.49710080349948
91,DFT_CRT,time_and_value_scaling_t0,wide,DEoptim,395,189.4961099714914
91,DFT_CRT,time_and_value_scaling_t0,wide,DEoptim,396,189.4961099714914
91,DFT_CRT,time_and_value_scaling_t0,wide,DEoptim,397,189.4961099714914
91,DFT_CRT,time_and_value_scaling_t0,wide,DEoptim,398,189.4961099714914
91,DFT_CRT,time_and_value_scaling_t0,wide,DEoptim,399,189.4961099714914
91,DFT_CRT,time_and_value_scaling_t0,wide,DEoptim,400,189.4961099714914
91,DFT_CRT,time_and_value_scaling_t0,wide,DEoptim,401,189.4961099714914
91,DFT_CRT,time_and_value_scaling_t0,wide,DEoptim,402,189.4961099714914
91,DFT_CRT,time_and_value_scaling_t0,wide,DEoptim,403,189.4961099714914
91,DFT_CRT,time_and_value_scaling_t0,wide,DEoptim,404,189.4961099714914
91,DFT_CRT,time_and_value_scaling_t0,wide,DEoptim,405,189.4961099714914
91,DFT_CRT,time_and_value_scaling_t0,wide,DEoptim,406,189.4961099714914
91,DFT_CRT,time_and_value_scaling_t0,wide,DEoptim,407,189.4961099714914
91,DFT_CRT,time_and_value_scaling_t0,wide,DEoptim,408,189.4961099714914
91,DFT_CRT,time_and_value_scaling_t0,wide,DEoptim,409,189.4961099714914
91,DFT_CRT,time_and_value_scaling_t0,wide,DEoptim,410,189.4961099714914
91,DFT_CRT,time_and_value_scaling_t0,wide,DEoptim,411,189.4961099714914
91,DFT_CRT,time_and_value_scaling_t0,wide,DEoptim,412,189.4961099714914
91,DFT_CRT,time_and_value_scaling_t0,wide,DEoptim,413,189.4961099714914
91,DFT_CRT,time_and_value_scaling_t0,wide,DEoptim,414,189.4961099714914
91,DFT_CRT,time_and_value_scaling_t0,wide,DEoptim,415,189.4961099714914
91,DFT_CRT,time_and_value_scaling_t0,wide,DEoptim,416,189.4961099714914
91,DFT_CRT,time_and_value_scaling_t0,wide,DEoptim,417,189.4961099714914
91,DFT_CRT,time_and_value_scaling_t0,wide,DEoptim,418,189.49461656941793
91,DFT_CRT,time_and_value_scaling_t0,wide,DEoptim,419,189.49461656941793
91,DFT_CRT,time_and_value_scaling_t0,wide,DEoptim,420,189.48859116336038
91,DFT_CRT,time_and_value_scaling_t0,wide,DEoptim,421,189.48859116336038
91,DFT_CRT,time_and_value_scaling_t0,wide,DEoptim,422,189.48859116336038
91,DFT_CRT,time_and_value_scaling_t0,wide,DEoptim,423,189.48859116336038
91,DFT_CRT,time_and_value_scaling_t0,wide,DEoptim,424,189.48859116336038
91,DFT_CRT,time_and_value_scaling_t0,wide,DEoptim,425,189.48859116336038
91,DFT_CRT,time_and_value_scaling_t0,wide,DEoptim,426,189.48859116336038
91,DFT_CRT,time_and_value_scaling_t0,wide,DEoptim,427,189.48859116336038
91,DFT_CRT,time_and_value_scaling_t0,wide,DEoptim,428,189.48859116336038
91,DFT_CRT,time_and_value_scaling_t0,wide,DEoptim,429,189.487198219339
91,DFT_CRT,time_and_value_scaling_t0,wide,DEoptim,430,189.487198219339
91,DFT_CRT,time_and_value_scaling_t0,wide,DEoptim,431,189.487198219339
91,DFT_CRT,time_and_value_scaling_t0,wide,DEoptim,432,189.4862842863257
91,DFT_CRT,time_and_value_scaling_t0,wide,DEoptim,433,189.4862842863257
91,DFT_CRT,time_and_value_scaling_t0,wide,DEoptim,434,189.48509795036114
91,DFT_CRT,time_and_value_scaling_t0,wide,DEoptim,435,189.48509795036114
91,DFT_CRT,time_and_value_scaling_t0,wide,DEoptim,436,189.48509795036114
91,DFT_CRT,time_and_value_scaling_t0,wide,DEoptim,437,189.48509795036114
91,DFT_CRT,time_and_value_scaling_t0,wide,DEoptim,438,189.48509795036114
91,DFT_CRT,time_and_value_scaling_t0,wide,DEoptim,439,189.48509795036114
91,DFT_CRT,time_and_value_scaling_t0,wide,DEoptim,440,189.48509795036114
91,DFT_CRT,time_and_value_scaling_t0,wide,DEoptim,441,189.48509795036114
91,DFT_CRT,time_and_value_scaling_t0,wide,DEoptim,442,189.48509795036114
91,DFT_CRT,time_and_value_scaling_t0,wide,DEoptim,443,189.48509795036114
91,DFT_CRT,time_and_value_scaling_t0,wide,DEoptim,444,189.48509795036114
91,DFT_CRT,time_and_value_scaling_t0,wide,DEoptim,445,189.48509795036114
91,DFT_CRT,time_and_value_scaling_t0,wide,DEoptim,446,189.48509795036114
91,DFT_CRT,time_and_value_scaling_t0,wide,DEoptim,447,189.48509795036114
91,DFT_CRT,time_and_value_scaling_t0,wide,DEoptim,448,189.48509795036114
91,DFT_CRT,time_and_value_scaling_t0,wide,DEoptim,449,189.48509795036114
91,DFT_CRT,time_and_value_scaling_t0,wide,DEoptim,450,189.48509795036114
91,DFT_CRT,time_and_value_scaling_t0,wide,DEoptim,451,189.48509795036114
91,DFT_CRT,time_and_value_scaling_t0,wide,DEoptim,452,189.48509795036114
91,DFT_CRT,time_and_value_scaling_t0,wide,DEoptim,453,189.48509795036114
91,DFT_CRT,time_and_value_scaling_t0,wide,DEoptim,454,189.48509795036114
91,DFT_CRT,time_and_value_scaling_t0,wide,DEoptim,455,189.48509795036114
91,DFT_CRT,time_and_value_scaling_t0,wide,DEoptim,456,189.48509795036114
91,DFT_CRT,time_and_value_scaling_t0,wide,DEoptim,457,189.48509795036114
91,DFT_CRT,time_and_value_scaling_t0,wide,DEoptim,458,189.48509795036114
91,DFT_CRT,time_and_value_scaling_t0,wide,DEoptim,459,189.48509795036114
91,DFT_CRT,time_and_value_scaling_t0,wide,DEoptim,460,189.48292878029912
91,DFT_CRT,time_and_value_scaling_t0,wide,DEoptim,461,189.48292878029912
91,DFT_CRT,time_and_value_scaling_t0,wide,DEoptim,462,189.48292878029912
91,DFT_CRT,time_and_value_scaling_t0,wide,DEoptim,463,189.48292878029912
91,DFT_CRT,time_and_value_scaling_t0,wide,DEoptim,464,189.48292878029912
91,DFT_CRT,time_and_value_scaling_t0,wide,DEoptim,465,189.48292878029912
91,DFT_CRT,time_and_value_scaling_t0,wide,DEoptim,466,189.48292878029912
91,DFT_CRT,time_and_value_scaling_t0,wide,DEoptim,467,189.48292878029912
91,DFT_CRT,time_and_value_scaling_t0,wide,DEoptim,468,189.48292878029912
91,DFT_CRT,time_and_value_scaling_t0,wide,DEoptim,469,189.48292878029912
91,DFT_CRT,time_and_value_scaling_t0,wide,DEoptim,470,189.48292878029912
91,DFT_CRT,time_and_value_scaling_t0,wide,DEoptim,471,189.48292878029912
91,DFT_CRT,time_and_value_scaling_t0,wide,DEoptim,472,189.48292878029912
91,DFT_CRT,time_and_value_scaling_t0,wide,DEoptim,473,189.48292878029912
91,DFT_CRT,time_and_value_scaling_t0,wide,DEoptim,474,189.48292878029912
91,DFT_CRT,time_and_value_scaling_t0,wide,DEoptim,475,189.48292878029912
91,DFT_CRT,time_and_value_scaling_t0,wide,DEoptim,476,189.48292878029912
91,DFT_CRT,time_and_value_scaling_t0,wide,DEoptim,477,189.48273267799777
91,DFT_CRT,time_and_value_scaling_t0,wide,DEoptim,478,189.48273267799777
91,DFT_CRT,time_and_value_scaling_t0,wide,DEoptim,479,189.48273267799777
91,DFT_CRT,time_and_value_scaling_t0,wide,DEoptim,480,189.48273267799777
91,DFT_CRT,time_and_value_scaling_t0,wide,DEoptim,481,189.48273267799777
91,DFT_CRT,time_and_value_scaling_t0,wide,DEoptim,482,189.48273267799777
91,DFT_CRT,time_and_value_scaling_t0,wide,DEoptim,483,189.48273267799777
91,DFT_CRT,time_and_value_scaling_t0,wide,DEoptim,484,189.48273267799777
91,DFT_CRT,time_and_value_scaling_t0,wide,DEoptim,485,189.48273267799777
91,DFT_CRT,time_and_value_scaling_t0,wide,DEoptim,486,189.48273267799777
91,DFT_CRT,time_and_value_scaling_t0,wide,DEoptim,487,189.48273267799777
91,DFT_CRT,time_and_value_scaling_t0,wide,DEoptim,488,189.48273267799777
91,DFT_CRT,time_and_value_scaling_t0,wide,DEoptim,489,189.48273267799777
91,DFT_CRT,time_and_value_scaling_t0,wide,DEoptim,490,189.48273267799777
91,DFT_CRT,time_and_value_scaling_t0,wide,DEoptim,491,189.48273267799777
91,DFT_CRT,time_and_value_scaling_t0,wide,DEoptim,492,189.48273267799777
91,DFT_CRT,time_and_value_scaling_t0,wide,DEoptim,493,189.48273267799777
91,DFT_CRT,time_and_value_scaling_t0,wide,DEoptim,494,189.48273267799777
91,DFT_CRT,time_and_value_scaling_t0,wide,DEoptim,495,189.48273267799777
91,DFT_CRT,time_and_value_scaling_t0,wide,DEoptim,496,189.48273267799777
91,DFT_CRT,time_and_value_scaling_t0,wide,DEoptim,497,189.48196874085778
91,DFT_CRT,time_and_value_scaling_t0,wide,DEoptim,498,189.48196874085778
91,DFT_CRT,time_and_value_scaling_t0,wide,DEoptim,499,189.48196874085778
91,DFT_CRT,time_and_value_scaling_t0,wide,DEoptim,500,189.48196874085778
91,DFT_CRT,time_and_value_scaling_t0,wide,DEoptim,501,189.48196874085778
91,DFT_CRT,time_and_value_scaling_t0,wide,DEoptim,502,189.48196874085778
91,DFT_CRT,time_and_value_scaling_t0,wide,DEoptim,503,189.48196874085778
91,DFT_CRT,time_and_value_scaling_t0,wide,DEoptim,504,189.48196874085778
91,DFT_CRT,time_and_value_scaling_t0,wide,DEoptim,505,189.48196874085778
91,DFT_CRT,time_and_value_scaling_t0,wide,DEoptim,506,189.48196874085778
91,DFT_CRT,time_and_value_scaling_t0,wide,DEoptim,507,189.48196874085778
91,DFT_CRT,time_and_value_scaling_t0,wide,DEoptim,508,189.48196874085778
91,DFT_CRT,time_and_value_scaling_t0,wide,DEoptim,509,189.48196874085778
91,DFT_CRT,time_and_value_scaling_t0,wide,DEoptim,510,189.48196874085778
91,DFT_CRT,time_and_value_scaling_t0,wide,DEoptim,511,189.48196874085778
91,DFT_CRT,time_and_value_scaling_t0,wide,DEoptim,512,189.48196874085778
91,DFT_CRT,time_and_value_scaling_t0,wide,DEoptim,513,189.48120137883186
91,DFT_CRT,time_and_value_scaling_t0,wide,DEoptim,514,189.48120137883186
91,DFT_CRT,time_and_value_scaling_t0,wide,DEoptim,515,189.48120137883186
91,DFT_CRT,time_and_value_scaling_t0,wide,DEoptim,516,189.48120137883186
91,DFT_CRT,time_and_value_scaling_t0,wide,DEoptim,517,189.48120137883186
91,DFT_CRT,time_and_value_scaling_t0,wide,DEoptim,518,189.48120137883186
91,DFT_CRT,time_and_value_scaling_t0,wide,DEoptim,519,189.47980758140216
91,DFT_CRT,time_and_value_scaling_t0,wide,DEoptim,520,189.47980758140216
91,DFT_CRT,time_and_value_scaling_t0,wide,DEoptim,521,189.47980758140216
91,DFT_CRT,time_and_value_scaling_t0,wide,DEoptim,522,189.47980758140216
91,DFT_CRT,time_and_value_scaling_t0,wide,DEoptim,523,189.47980758140216
91,DFT_CRT,time_and_value_scaling_t0,wide,DEoptim,524,189.47980758140216
91,DFT_CRT,time_and_value_scaling_t0,wide,DEoptim,525,189.47980758140216
91,DFT_CRT,time_and_value_scaling_t0,wide,DEoptim,526,189.47980758140216
91,DFT_CRT,time_and_value_scaling_t0,wide,DEoptim,527,189.47980758140216
91,DFT_CRT,time_and_value_scaling_t0,wide,DEoptim,528,189.47980758140216
91,DFT_CRT,time_and_value_scaling_t0,wide,DEoptim,529,189.47887395945492
91,DFT_CRT,time_and_value_scaling_t0,wide,DEoptim,530,189.47887395945492
91,DFT_CRT,time_and_value_scaling_t0,wide,DEoptim,531,189.47887395945492
91,DFT_CRT,time_and_value_scaling_t0,wide,DEoptim,532,189.47887395945492
91,DFT_CRT,time_and_value_scaling_t0,wide,DEoptim,533,189.47855072691192
91,DFT_CRT,time_and_value_scaling_t0,wide,DEoptim,534,189.47855072691192
91,DFT_CRT,time_and_value_scaling_t0,wide,DEoptim,535,189.47855072691192
91,DFT_CRT,time_and_value_scaling_t0,wide,DEoptim,536,189.47855072691192
91,DFT_CRT,time_and_value_scaling_t0,wide,DEoptim,537,189.47855072691192
91,DFT_CRT,time_and_value_scaling_t0,wide,DEoptim,538,189.47855072691192
91,DFT_CRT,time_and_value_scaling_t0,wide,DEoptim,539,189.47855072691192
91,DFT_CRT,time_and_value_scaling_t0,wide,DEoptim,540,189.47855072691192
91,DFT_CRT,time_and_value_scaling_t0,wide,DEoptim,541,189.47855072691192
91,DFT_CRT,time_and_value_scaling_t0,wide,DEoptim,542,189.47855072691192
91,DFT_CRT,time_and_value_scaling_t0,wide,DEoptim,543,189.47855072691192
91,DFT_CRT,time_and_value_scaling_t0,wide,DEoptim,544,189.47855072691192
91,DFT_CRT,time_and_value_scaling_t0,wide,DEoptim,545,189.47855072691192
91,DFT_CRT,time_and_value_scaling_t0,wide,DEoptim,546,189.47855072691192
91,DFT_CRT,time_and_value_scaling_t0,wide,DEoptim,547,189.47855072691192
91,DFT_CRT,time_and_value_scaling_t0,wide,DEoptim,548,189.47855072691192
91,DFT_CRT,time_and_value_scaling_t0,wide,DEoptim,549,189.47855072691192
91,DFT_CRT,time_and_value_scaling_t0,wide,DEoptim,550,189.47855072691192
91,DFT_CRT,time_and_value_scaling_t0,wide,DEoptim,551,189.47855072691192
91,DFT_CRT,time_and_value_scaling_t0,wide,DEoptim,552,189.47855072691192
91,DFT_CRT,time_and_value_scaling_t0,wide,DEoptim,553,189.47855072691192
91,DFT_CRT,time_and_value_scaling_t0,wide,DEoptim,554,189.47853943189747
91,DFT_CRT,time_and_value_scaling_t0,wide,DEoptim,555,189.4782274629373
91,DFT_CRT,time_and_value_scaling_t0,wide,DEoptim,556,189.4782274629373
91,DFT_CRT,time_and_value_scaling_t0,wide,DEoptim,557,189.4782274629373
91,DFT_CRT,time_and_value_scaling_t0,wide,DEoptim,558,189.4782274629373
91,DFT_CRT,time_and_value_scaling_t0,wide,DEoptim,559,189.47807791444512
91,DFT_CRT,time_and_value_scaling_t0,wide,DEoptim,560,189.47807791444512
91,DFT_CRT,time_and_value_scaling_t0,wide,DEoptim,561,189.47807791444512
91,DFT_CRT,time_and_value_scaling_t0,wide,DEoptim,562,189.47807791444512
91,DFT_CRT,time_and_value_scaling_t0,wide,DEoptim,563,189.47807791444512
91,DFT_CRT,time_and_value_scaling_t0,wide,DEoptim,564,189.47807791444512
91,DFT_CRT,time_and_value_scaling_t0,wide,DEoptim,565,189.47807791444512
91,DFT_CRT,time_and_value_scaling_t0,wide,DEoptim,566,189.47807791444512
91,DFT_CRT,time_and_value_scaling_t0,wide,DEoptim,567,189.47807791444512
91,DFT_CRT,time_and_value_scaling_t0,wide,DEoptim,568,189.47807791444512
91,DFT_CRT,time_and_value_scaling_t0,wide,DEoptim,569,189.47807791444512
91,DFT_CRT,time_and_value_scaling_t0,wide,DEoptim,570,189.47807791444512
91,DFT_CRT,time_and_value_scaling_t0,wide,DEoptim,571,189.47807791444512
91,DFT_CRT,time_and_value_scaling_t0,wide,DEoptim,572,189.47807791444512
91,DFT_CRT,time_and_value_scaling_t0,wide,DEoptim,573,189.47807791444512
91,DFT_CRT,time_and_value_scaling_t0,wide,DEoptim,574,189.47807791444512
91,DFT_CRT,time_and_value_scaling_t0,wide,DEoptim,575,189.47807791444512
91,DFT_CRT,time_and_value_scaling_t0,wide,DEoptim,576,189.47807791444512
91,DFT_CRT,time_and_value_scaling_t0,wide,DEoptim,577,189.47807791444512
91,DFT_CRT,time_and_value_scaling_t0,wide,DEoptim,578,189.47807791444512
91,DFT_CRT,time_and_value_scaling_t0,wide,DEoptim,579,189.47807791444512
91,DFT_CRT,time_and_value_scaling_t0,wide,DEoptim,580,189.47807791444512
91,DFT_CRT,time_and_value_scaling_t0,wide,DEoptim,581,189.47807791444512
91,DFT_CRT,time_and_value_scaling_t0,wide,DEoptim,582,189.47807791444512
91,DFT_CRT,time_and_value_scaling_t0,wide,DEoptim,583,189.47807791444512
91,DFT_CRT,time_and_value_scaling_t0,wide,DEoptim,584,189.47807791444512
91,DFT_CRT,time_and_value_scaling_t0,wide,DEoptim,585,189.47807791444512
91,DFT_CRT,time_and_value_scaling_t0,wide,DEoptim,586,189.47807791444512
91,DFT_CRT,time_and_value_scaling_t0,wide,DEoptim,587,189.47807791444512
91,DFT_CRT,time_and_value_scaling_t0,wide,DEoptim,588,189.47807791444512
91,DFT_CRT,time_and_value_scaling_t0,wide,DEoptim,589,189.47807791444512
91,DFT_CRT,time_and_value_scaling_t0,wide,DEoptim,590,189.47807791444512
91,DFT_CRT,time_and_value_scaling_t0,wide,DEoptim,591,189.47807791444512
91,DFT_CRT,time_and_value_scaling_t0,wide,DEoptim,592,189.4748128852372
91,DFT_CRT,time_and_value_scaling_t0,wide,DEoptim,593,189.4748128852372
91,DFT_CRT,time_and_value_scaling_t0,wide,DEoptim,594,189.4748128852372
91,DFT_CRT,time_and_value_scaling_t0,wide,DEoptim,595,189.4748128852372
91,DFT_CRT,time_and_value_scaling_t0,wide,DEoptim,596,189.4748128852372
91,DFT_CRT,time_and_value_scaling_t0,wide,DEoptim,597,189.4748128852372
91,DFT_CRT,time_and_value_scaling_t0,wide,DEoptim,598,189.4748128852372
91,DFT_CRT,time_and_value_scaling_t0,wide,DEoptim,599,189.4748128852372
91,DFT_CRT,time_and_value_scaling_t0,wide,DEoptim,600,189.4748128852372
91,DFT_CRT,time_and_value_scaling_t0,wide,DEoptim,601,189.4748128852372
91,DFT_CRT,time_and_value_scaling_t0,wide,DEoptim,602,189.4748128852372
91,DFT_CRT,time_and_value_scaling_t0,wide,DEoptim,603,189.4748128852372
91,DFT_CRT,time_and_value_scaling_t0,wide,DEoptim,604,189.4748128852372
91,DFT_CRT,time_and_value_scaling_t0,wide,DEoptim,605,189.4748128852372
91,DFT_CRT,time_and_value_scaling_t0,wide,DEoptim,606,189.4748128852372
91,DFT_CRT,time_and_value_scaling_t0,wide,DEoptim,607,189.4748128852372
91,DFT_CRT,time_and_value_scaling_t0,wide,DEoptim,608,189.4748128852372
91,DFT_CRT,time_and_value_scaling_t0,wide,DEoptim,609,189.47327173484086
91,DFT_CRT,time_and_value_scaling_t0,wide,DEoptim,610,189.47327173484086
91,DFT_CRT,time_and_value_scaling_t0,wide,DEoptim,611,189.47327173484086
91,DFT_CRT,time_and_value_scaling_t0,wide,DEoptim,612,189.47327173484086
91,DFT_CRT,time_and_value_scaling_t0,wide,DEoptim,613,189.47327173484086
91,DFT_CRT,time_and_value_scaling_t0,wide,DEoptim,614,189.47327173484086
91,DFT_CRT,time_and_value_scaling_t0,wide,DEoptim,615,189.47327173484086
91,DFT_CRT,time_and_value_scaling_t0,wide,DEoptim,616,189.47327173484086
91,DFT_CRT,time_and_value_scaling_t0,wide,DEoptim,617,189.47327173484086
91,DFT_CRT,time_and_value_scaling_t0,wide,DEoptim,618,189.47327173484086
91,DFT_CRT,time_and_value_scaling_t0,wide,DEoptim,619,189.47327173484086
91,DFT_CRT,time_and_value_scaling_t0,wide,DEoptim,620,189.47327173484086
91,DFT_CRT,time_and_value_scaling_t0,wide,DEoptim,621,189.47327173484086
91,DFT_CRT,time_and_value_scaling_t0,wide,DEoptim,622,189.47327173484086
91,DFT_CRT,time_and_value_scaling_t0,wide,DEoptim,623,189.47327173484086
91,DFT_CRT,time_and_value_scaling_t0,wide,DEoptim,624,189.47327173484086
91,DFT_CRT,time_and_value_scaling_t0,wide,DEoptim,625,189.47298621168284
91,DFT_CRT,time_and_value_scaling_t0,wide,DEoptim,626,189.47298621168284
91,DFT_CRT,time_and_value_scaling_t0,wide,DEoptim,627,189.47298621168284
91,DFT_CRT,time_and_value_scaling_t0,wide,DEoptim,628,189.47298621168284
91,DFT_CRT,time_and_value_scaling_t0,wide,DEoptim,629,189.47298621168284
91,DFT_CRT,time_and_value_scaling_t0,wide,DEoptim,630,189.47298621168284
91,DFT_CRT,time_and_value_scaling_t0,wide,DEoptim,631,189.47298621168284
91,DFT_CRT,time_and_value_scaling_t0,wide,DEoptim,632,189.47298621168284
91,DFT_CRT,time_and_value_scaling_t0,wide,DEoptim,633,189.47209542105773
91,DFT_CRT,time_and_value_scaling_t0,wide,DEoptim,634,189.47020993534437
91,DFT_CRT,time_and_value_scaling_t0,wide,DEoptim,635,189.47020993534437
91,DFT_CRT,time_and_value_scaling_t0,wide,DEoptim,636,189.47020993534437
91,DFT_CRT,time_and_value_scaling_t0,wide,DEoptim,637,189.46654098680006
91,DFT_CRT,time_and_value_scaling_t0,wide,DEoptim,638,189.46654098680006
91,DFT_CRT,time_and_value_scaling_t0,wide,DEoptim,639,189.46654098680006
91,DFT_CRT,time_and_value_scaling_t0,wide,DEoptim,640,189.46654098680006
91,DFT_CRT,time_and_value_scaling_t0,wide,DEoptim,641,189.46654098680006
91,DFT_CRT,time_and_value_scaling_t0,wide,DEoptim,642,189.46654098680006
91,DFT_CRT,time_and_value_scaling_t0,wide,DEoptim,643,189.46654098680006
91,DFT_CRT,time_and_value_scaling_t0,wide,DEoptim,644,189.46654098680006
91,DFT_CRT,time_and_value_scaling_t0,wide,DEoptim,645,189.46654098680006
91,DFT_CRT,time_and_value_scaling_t0,wide,DEoptim,646,189.46654098680006
91,DFT_CRT,time_and_value_scaling_t0,wide,DEoptim,647,189.46654098680006
91,DFT_CRT,time_and_value_scaling_t0,wide,DEoptim,648,189.46654098680006
91,DFT_CRT,time_and_value_scaling_t0,wide,DEoptim,649,189.46654098680006
91,DFT_CRT,time_and_value_scaling_t0,wide,DEoptim,650,189.46654098680006
91,DFT_CRT,time_and_value_scaling_t0,wide,DEoptim,651,189.46654098680006
91,DFT_CRT,time_and_value_scaling_t0,wide,DEoptim,652,189.46654098680006
91,DFT_CRT,time_and_value_scaling_t0,wide,DEoptim,653,189.46654098680006
91,DFT_CRT,time_and_value_scaling_t0,wide,DEoptim,654,189.46654098680006
91,DFT_CRT,time_and_value_scaling_t0,wide,DEoptim,655,189.46654098680006
91,DFT_CRT,time_and_value_scaling_t0,wide,DEoptim,656,189.46654098680006
91,DFT_CRT,time_and_value_scaling_t0,wide,DEoptim,657,189.46654098680006
91,DFT_CRT,time_and_value_scaling_t0,wide,DEoptim,658,189.46654098680006
91,DFT_CRT,time_and_value_scaling_t0,wide,DEoptim,659,189.46654098680006
91,DFT_CRT,time_and_value_scaling_t0,wide,DEoptim,660,189.46654098680006
91,DFT_CRT,time_and_value_scaling_t0,wide,DEoptim,661,189.46654098680006
91,DFT_CRT,time_and_value_scaling_t0,wide,DEoptim,662,189.46654098680006
91,DFT_CRT,time_and_value_scaling_t0,wide,DEoptim,663,189.46654098680006
91,DFT_CRT,time_and_value_scaling_t0,wide,DEoptim,664,189.46654098680006
91,DFT_CRT,time_and_value_scaling_t0,wide,DEoptim,665,189.46654098680006
91,DFT_CRT,time_and_value_scaling_t0,wide,DEoptim,666,189.46560708752116
91,DFT_CRT,time_and_value_scaling_t0,wide,DEoptim,667,189.46560708752116
91,DFT_CRT,time_and_value_scaling_t0,wide,DEoptim,668,189.46560708752116
91,DFT_CRT,time_and_value_scaling_t0,wide,DEoptim,669,189.46560708752116
91,DFT_CRT,time_and_value_scaling_t0,wide,DEoptim,670,189.46560708752116
91,DFT_CRT,time_and_value_scaling_t0,wide,DEoptim,671,189.46560708752116
91,DFT_CRT,time_and_value_scaling_t0,wide,DEoptim,672,189.46560708752116
91,DFT_CRT,time_and_value_scaling_t0,wide,DEoptim,673,189.46560708752116
91,DFT_CRT,time_and_value_scaling_t0,wide,DEoptim,674,189.46560708752116
91,DFT_CRT,time_and_value_scaling_t0,wide,DEoptim,675,189.46560708752116
91,DFT_CRT,time_and_value_scaling_t0,wide,DEoptim,676,189.46560708752116
91,DFT_CRT,time_and_value_scaling_t0,wide,DEoptim,677,189.46560708752116
91,DFT_CRT,time_and_value_scaling_t0,wide,DEoptim,678,189.46560708752116
91,DFT_CRT,time_and_value_scaling_t0,wide,DEoptim,679,189.46560708752116
91,DFT_CRT,time_and_value_scaling_t0,wide,DEoptim,680,189.4649429344077
91,DFT_CRT,time_and_value_scaling_t0,wide,DEoptim,681,189.4649429344077
91,DFT_CRT,time_and_value_scaling_t0,wide,DEoptim,682,189.4649429344077
91,DFT_CRT,time_and_value_scaling_t0,wide,DEoptim,683,189.4649429344077
91,DFT_CRT,time_and_value_scaling_t0,wide,DEoptim,684,189.4649429344077
91,DFT_CRT,time_and_value_scaling_t0,wide,DEoptim,685,189.4649429344077
91,DFT_CRT,time_and_value_scaling_t0,wide,DEoptim,686,189.4649429344077
91,DFT_CRT,time_and_value_scaling_t0,wide,DEoptim,687,189.4649429344077
91,DFT_CRT,time_and_value_scaling_t0,wide,DEoptim,688,189.4649429344077
91,DFT_CRT,time_and_value_scaling_t0,wide,DEoptim,689,189.4649429344077
91,DFT_CRT,time_and_value_scaling_t0,wide,DEoptim,690,189.4649429344077
91,DFT_CRT,time_and_value_scaling_t0,wide,DEoptim,691,189.4649429344077
91,DFT_CRT,time_and_value_scaling_t0,wide,DEoptim,692,189.4649429344077
91,DFT_CRT,time_and_value_scaling_t0,wide,DEoptim,693,189.4649429344077
91,DFT_CRT,time_and_value_scaling_t0,wide,DEoptim,694,189.4649429344077
91,DFT_CRT,time_and_value_scaling_t0,wide,DEoptim,695,189.4649429344077
91,DFT_CRT,time_and_value_scaling_t0,wide,DEoptim,696,189.4649429344077
91,DFT_CRT,time_and_value_scaling_t0,wide,DEoptim,697,189.4649429344077
91,DFT_CRT,time_and_value_scaling_t0,wide,DEoptim,698,189.4649429344077
91,DFT_CRT,time_and_value_scaling_t0,wide,DEoptim,699,189.4649429344077
91,DFT_CRT,time_and_value_scaling_t0,wide,DEoptim,700,189.4649429344077
91,DFT_CRT,time_and_value_scaling_t0,wide,DEoptim,701,189.4649429344077
91,DFT_CRT,time_and_value_scaling_t0,wide,DEoptim,702,189.4649429344077
91,DFT_CRT,time_and_value_scaling_t0,wide,DEoptim,703,189.4649429344077
91,DFT_CRT,time_and_value_scaling_t0,wide,DEoptim,704,189.4649429344077
91,DFT_CRT,time_and_value_scaling_t0,wide,DEoptim,705,189.4649429344077
91,DFT_CRT,time_and_value_scaling_t0,wide,DEoptim,706,189.4649429344077
91,DFT_CRT,time_and_value_scaling_t0,wide,DEoptim,707,189.4649429344077
91,DFT_CRT,time_and_value_scaling_t0,wide,DEoptim,708,189.4649429344077
91,DFT_CRT,time_and_value_scaling_t0,wide,DEoptim,709,189.4649429344077
91,DFT_CRT,time_and_value_scaling_t0,wide,DEoptim,710,189.4649429344077
91,DFT_CRT,time_and_value_scaling_t0,wide,DEoptim,711,189.4649429344077
91,DFT_CRT,time_and_value_scaling_t0,wide,DEoptim,712,189.4649429344077
91,DFT_CRT,time_and_value_scaling_t0,wide,DEoptim,713,189.4649429344077
91,DFT_CRT,time_and_value_scaling_t0,wide,DEoptim,714,189.4649429344077
91,DFT_CRT,time_and_value_scaling_t0,wide,DEoptim,715,189.4649429344077
91,DFT_CRT,time_and_value_scaling_t0,wide,DEoptim,716,189.4649429344077
91,DFT_CRT,time_and_value_scaling_t0,wide,DEoptim,717,189.4649429344077
91,DFT_CRT,time_and_value_scaling_t0,wide,DEoptim,718,189.4649429344077
91,DFT_CRT,time_and_value_scaling_t0,wide,DEoptim,719,189.4649429344077
91,DFT_CRT,time_and_value_scaling_t0,wide,DEoptim,720,189.4649429344077
91,DFT_CRT,time_and_value_scaling_t0,wide,DEoptim,721,189.4649429344077
91,DFT_CRT,time_and_value_scaling_t0,wide,DEoptim,722,189.4649429344077
91,DFT_CRT,time_and_value_scaling_t0,wide,DEoptim,723,189.4649429344077
91,DFT_CRT,time_and_value_scaling_t0,wide,DEoptim,724,189.4649429344077
91,DFT_CRT,time_and_value_scaling_t0,wide,DEoptim,725,189.4649429344077
91,DFT_CRT,time_and_value_scaling_t0,wide,DEoptim,726,189.4649429344077
91,DFT_CRT,time_and_value_scaling_t0,wide,DEoptim,727,189.4649429344077
91,DFT_CRT,time_and_value_scaling_t0,wide,DEoptim,728,189.4649429344077
91,DFT_CRT,time_and_value_scaling_t0,wide,DEoptim,729,189.4649429344077
91,DFT_CRT,time_and_value_scaling_t0,wide,DEoptim,730,189.4649429344077
91,DFT_CRT,time_and_value_scaling_t0,wide,DEoptim,731,189.4649429344077
91,DFT_CRT,time_and_value_scaling_t0,wide,DEoptim,732,189.4649429344077
91,DFT_CRT,time_and_value_scaling_t0,wide,DEoptim,733,189.4649429344077
91,DFT_CRT,time_and_value_scaling_t0,wide,DEoptim,734,189.46461911732953
91,DFT_CRT,time_and_value_scaling_t0,wide,DEoptim,735,189.46461911732953
91,DFT_CRT,time_and_value_scaling_t0,wide,DEoptim,736,189.46461911732953
91,DFT_CRT,time_and_value_scaling_t0,wide,DEoptim,737,189.46461911732953
91,DFT_CRT,time_and_value_scaling_t0,wide,DEoptim,738,189.46461911732953
91,DFT_CRT,time_and_value_scaling_t0,wide,DEoptim,739,189.46461911732953
91,DFT_CRT,time_and_value_scaling_t0,wide,DEoptim,740,189.46461911732953
91,DFT_CRT,time_and_value_scaling_t0,wide,DEoptim,741,189.46461911732953
91,DFT_CRT,time_and_value_scaling_t0,wide,DEoptim,742,189.46461911732953
91,DFT_CRT,time_and_value_scaling_t0,wide,DEoptim,743,189.46461911732953
91,DFT_CRT,time_and_value_scaling_t0,wide,DEoptim,744,189.46461911732953
91,DFT_CRT,time_and_value_scaling_t0,wide,DEoptim,745,189.46461512976194
91,DFT_CRT,time_and_value_scaling_t0,wide,DEoptim,746,189.46461512976194
91,DFT_CRT,time_and_value_scaling_t0,wide,DEoptim,747,189.46461512976194
91,DFT_CRT,time_and_value_scaling_t0,wide,DEoptim,748,189.46461512976194
91,DFT_CRT,time_and_value_scaling_t0,wide,DEoptim,749,189.46461512976194
91,DFT_CRT,time_and_value_scaling_t0,wide,DEoptim,750,189.46461512976194
91,DFT_CRT,time_and_value_scaling_t0,wide,DEoptim,751,189.46461512976194
91,DFT_CRT,time_and_value_scaling_t0,wide,DEoptim,752,189.46461512976194
91,DFT_CRT,time_and_value_scaling_t0,wide,DEoptim,753,189.46461512976194
91,DFT_CRT,time_and_value_scaling_t0,wide,DEoptim,754,189.46461512976194
91,DFT_CRT,time_and_value_scaling_t0,wide,DEoptim,755,189.46461512976194
91,DFT_CRT,time_and_value_scaling_t0,wide,DEoptim,756,189.46461512976194
91,DFT_CRT,time_and_value_scaling_t0,wide,DEoptim,757,189.46461512976194
91,DFT_CRT,time_and_value_scaling_t0,wide,DEoptim,758,189.46461512976194
91,DFT_CRT,time_and_value_scaling_t0,wide,DEoptim,759,189.46461512976194
91,DFT_CRT,time_and_value_scaling_t0,wide,DEoptim,760,189.46461512976194
91,DFT_CRT,time_and_value_scaling_t0,wide,DEoptim,761,189.46461512976194
91,DFT_CRT,time_and_value_scaling_t0,wide,DEoptim,762,189.46461512976194
91,DFT_CRT,time_and_value_scaling_t0,wide,DEoptim,763,189.46461512976194
91,DFT_CRT,time_and_value_scaling_t0,wide,DEoptim,764,189.46461512976194
91,DFT_CRT,time_and_value_scaling_t0,wide,DEoptim,765,189.46461512976194
91,DFT_CRT,time_and_value_scaling_t0,wide,DEoptim,766,189.46452737135618
91,DFT_CRT,time_and_value_scaling_t0,wide,DEoptim,767,189.46452737135618
91,DFT_CRT,time_and_value_scaling_t0,wide,DEoptim,768,189.46452737135618
91,DFT_CRT,time_and_value_scaling_t0,wide,DEoptim,769,189.46452737135618
91,DFT_CRT,time_and_value_scaling_t0,wide,DEoptim,770,189.46452737135618
91,DFT_CRT,time_and_value_scaling_t0,wide,DEoptim,771,189.46452737135618
91,DFT_CRT,time_and_value_scaling_t0,wide,DEoptim,772,189.46452737135618
91,DFT_CRT,time_and_value_scaling_t0,wide,DEoptim,773,189.46452737135618
91,DFT_CRT,time_and_value_scaling_t0,wide,DEoptim,774,189.46452737135618
91,DFT_CRT,time_and_value_scaling_t0,wide,DEoptim,775,189.46452737135618
91,DFT_CRT,time_and_value_scaling_t0,wide,DEoptim,776,189.46452737135618
91,DFT_CRT,time_and_value_scaling_t0,wide,DEoptim,777,189.46452737135618
91,DFT_CRT,time_and_value_scaling_t0,wide,DEoptim,778,189.46452737135618
91,DFT_CRT,time_and_value_scaling_t0,wide,DEoptim,779,189.46452737135618
91,DFT_CRT,time_and_value_scaling_t0,wide,DEoptim,780,189.46452737135618
91,DFT_CRT,time_and_value_scaling_t0,wide,DEoptim,781,189.46452737135618
91,DFT_CRT,time_and_value_scaling_t0,wide,DEoptim,782,189.46452737135618
91,DFT_CRT,time_and_value_scaling_t0,wide,DEoptim,783,189.46452737135618
91,DFT_CRT,time_and_value_scaling_t0,wide,DEoptim,784,189.46452737135618
91,DFT_CRT,time_and_value_scaling_t0,wide,DEoptim,785,189.46452737135618
91,DFT_CRT,time_and_value_scaling_t0,wide,DEoptim,786,189.46452737135618
91,DFT_CRT,time_and_value_scaling_t0,wide,DEoptim,787,189.46452737135618
91,DFT_CRT,time_and_value_scaling_t0,wide,DEoptim,788,189.46452737135618
91,DFT_CRT,time_and_value_scaling_t0,wide,DEoptim,789,189.46452737135618
91,DFT_CRT,time_and_value_scaling_t0,wide,DEoptim,790,189.46452737135618
91,DFT_CRT,time_and_value_scaling_t0,wide,DEoptim,791,189.46452737135618
91,DFT_CRT,time_and_value_scaling_t0,wide,DEoptim,792,189.46452737135618
91,DFT_CRT,time_and_value_scaling_t0,wide,DEoptim,793,189.46452737135618
91,DFT_CRT,time_and_value_scaling_t0,wide,DEoptim,794,189.46452737135618
91,DFT_CRT,time_and_value_scaling_t0,wide,DEoptim,795,189.46452737135618
91,DFT_CRT,time_and_value_scaling_t0,wide,DEoptim,796,189.46452737135618
91,DFT_CRT,time_and_value_scaling_t0,wide,DEoptim,797,189.46452737135618
91,DFT_CRT,time_and_value_scaling_t0,wide,DEoptim,798,189.46452737135618
91,DFT_CRT,time_and_value_scaling_t0,wide,DEoptim,799,189.46452737135618
91,DFT_CRT,time_and_value_scaling_t0,wide,DEoptim,800,189.46452737135618
91,DFT_CRT,time_and_value_scaling_t0,wide,DEoptim,801,189.46452737135618
91,DFT_CRT,time_and_value_scaling_t0,wide,DEoptim,802,189.46452737135618
91,DFT_CRT,time_and_value_scaling_t0,wide,DEoptim,803,189.46452737135618
91,DFT_CRT,time_and_value_scaling_t0,wide,DEoptim,804,189.46452737135618
91,DFT_CRT,time_and_value_scaling_t0,wide,DEoptim,805,189.46452737135618
91,DFT_CRT,time_and_value_scaling_t0,wide,DEoptim,806,189.46452737135618
91,DFT_CRT,time_and_value_scaling_t0,wide,DEoptim,807,189.46452737135618
91,DFT_CRT,time_and_value_scaling_t0,wide,DEoptim,808,189.46452737135618
91,DFT_CRT,time_and_value_scaling_t0,wide,DEoptim,809,189.46452737135618
91,DFT_CRT,time_and_value_scaling_t0,wide,DEoptim,810,189.46452737135618
91,DFT_CRT,time_and_value_scaling_t0,wide,DEoptim,811,189.46452737135618
91,DFT_CRT,time_and_value_scaling_t0,wide,DEoptim,812,189.46452737135618
91,DFT_CRT,time_and_value_scaling_t0,wide,DEoptim,813,189.46452737135618
91,DFT_CRT,time_and_value_scaling_t0,wide,DEoptim,814,189.46452737135618
91,DFT_CRT,time_and_value_scaling_t0,wide,DEoptim,815,189.46452737135618
91,DFT_CRT,time_and_value_scaling_t0,wide,DEoptim,816,189.46452737135618
91,DFT_CRT,time_and_value_scaling_t0,wide,DEoptim,817,189.46452737135618
91,DFT_CRT,time_and_value_scaling_t0,wide,DEoptim,818,189.46452737135618
91,DFT_CRT,time_and_value_scaling_t0,wide,DEoptim,819,189.46452737135618
91,DFT_CRT,time_and_value_scaling_t0,wide,DEoptim,820,189.46452737135618
91,DFT_CRT,time_and_value_scaling_t0,wide,DEoptim,821,189.46452737135618
91,DFT_CRT,time_and_value_scaling_t0,wide,DEoptim,822,189.4644390720014
91,DFT_CRT,time_and_value_scaling_t0,wide,DEoptim,823,189.4644390720014
91,DFT_CRT,time_and_value_scaling_t0,wide,DEoptim,824,189.4644390720014
91,DFT_CRT,time_and_value_scaling_t0,wide,DEoptim,825,189.4644390720014
91,DFT_CRT,time_and_value_scaling_t0,wide,DEoptim,826,189.4644390720014
91,DFT_CRT,time_and_value_scaling_t0,wide,DEoptim,827,189.4644390720014
91,DFT_CRT,time_and_value_scaling_t0,wide,DEoptim,828,189.4644390720014
91,DFT_CRT,time_and_value_scaling_t0,wide,DEoptim,829,189.4644390720014
91,DFT_CRT,time_and_value_scaling_t0,wide,DEoptim,830,189.4644390720014
91,DFT_CRT,time_and_value_scaling_t0,wide,DEoptim,831,189.4644390720014
91,DFT_CRT,time_and_value_scaling_t0,wide,DEoptim,832,189.4644390720014
91,DFT_CRT,time_and_value_scaling_t0,wide,DEoptim,833,189.4644390720014
91,DFT_CRT,time_and_value_scaling_t0,wide,DEoptim,834,189.4644390720014
91,DFT_CRT,time_and_value_scaling_t0,wide,DEoptim,835,189.4644390720014
91,DFT_CRT,time_and_value_scaling_t0,wide,DEoptim,836,189.4644390720014
91,DFT_CRT,time_and_value_scaling_t0,wide,DEoptim,837,189.4644390720014
91,DFT_CRT,time_and_value_scaling_t0,wide,DEoptim,838,189.4644390720014
91,DFT_CRT,time_and_value_scaling_t0,wide,DEoptim,839,189.4644390720014
91,DFT_CRT,time_and_value_scaling_t0,wide,DEoptim,840,189.4644390720014
91,DFT_CRT,time_and_value_scaling_t0,wide,DEoptim,841,189.4644390720014
91,DFT_CRT,time_and_value_scaling_t0,wide,DEoptim,842,189.4644390720014
91,DFT_CRT,time_and_value_scaling_t0,wide,DEoptim,843,189.4644390720014
91,DFT_CRT,time_and_value_scaling_t0,wide,DEoptim,844,189.4644390720014
91,DFT_CRT,time_and_value_scaling_t0,wide,DEoptim,845,189.4644390720014
91,DFT_CRT,time_and_value_scaling_t0,wide,DEoptim,846,189.4644390720014
91,DFT_CRT,time_and_value_scaling_t0,wide,DEoptim,847,189.4643449839835
91,DFT_CRT,time_and_value_scaling_t0,wide,DEoptim,848,189.4643449839835
91,DFT_CRT,time_and_value_scaling_t0,wide,DEoptim,849,189.4643449839835
91,DFT_CRT,time_and_value_scaling_t0,wide,DEoptim,850,189.4643449839835
91,DFT_CRT,time_and_value_scaling_t0,wide,DEoptim,851,189.4643449839835
91,DFT_CRT,time_and_value_scaling_t0,wide,DEoptim,852,189.4643449839835
91,DFT_CRT,time_and_value_scaling_t0,wide,DEoptim,853,189.4643449839835
91,DFT_CRT,time_and_value_scaling_t0,wide,DEoptim,854,189.4643449839835
91,DFT_CRT,time_and_value_scaling_t0,wide,DEoptim,855,189.4643449839835
91,DFT_CRT,time_and_value_scaling_t0,wide,DEoptim,856,189.4643449839835
91,DFT_CRT,time_and_value_scaling_t0,wide,DEoptim,857,189.4643449839835
91,DFT_CRT,time_and_value_scaling_t0,wide,DEoptim,858,189.4643449839835
91,DFT_CRT,time_and_value_scaling_t0,wide,DEoptim,859,189.4643300649493
91,DFT_CRT,time_and_value_scaling_t0,wide,DEoptim,860,189.4643300649493
91,DFT_CRT,time_and_value_scaling_t0,wide,DEoptim,861,189.4643300649493
91,DFT_CRT,time_and_value_scaling_t0,wide,DEoptim,862,189.4643300649493
91,DFT_CRT,time_and_value_scaling_t0,wide,DEoptim,863,189.4643300649493
91,DFT_CRT,time_and_value_scaling_t0,wide,DEoptim,864,189.4643300649493
91,DFT_CRT,time_and_value_scaling_t0,wide,DEoptim,865,189.4643300649493
91,DFT_CRT,time_and_value_scaling_t0,wide,DEoptim,866,189.4643300649493
91,DFT_CRT,time_and_value_scaling_t0,wide,DEoptim,867,189.4643300649493
91,DFT_CRT,time_and_value_scaling_t0,wide,DEoptim,868,189.4643300649493
91,DFT_CRT,time_and_value_scaling_t0,wide,DEoptim,869,189.4643300649493
91,DFT_CRT,time_and_value_scaling_t0,wide,DEoptim,870,189.4643300649493
91,DFT_CRT,time_and_value_scaling_t0,wide,DEoptim,871,189.4643300649493
91,DFT_CRT,time_and_value_scaling_t0,wide,DEoptim,872,189.4643300649493
91,DFT_CRT,time_and_value_scaling_t0,wide,DEoptim,873,189.4643300649493
91,DFT_CRT,time_and_value_scaling_t0,wide,DEoptim,874,189.4643300649493
91,DFT_CRT,time_and_value_scaling_t0,wide,DEoptim,875,189.4643300649493
91,DFT_CRT,time_and_value_scaling_t0,wide,DEoptim,876,189.4643300649493
91,DFT_CRT,time_and_value_scaling_t0,wide,DEoptim,877,189.4643300649493
91,DFT_CRT,time_and_value_scaling_t0,wide,DEoptim,878,189.4643300649493
91,DFT_CRT,time_and_value_scaling_t0,wide,DEoptim,879,189.4643300649493
91,DFT_CRT,time_and_value_scaling_t0,wide,DEoptim,880,189.4643300649493
91,DFT_CRT,time_and_value_scaling_t0,wide,DEoptim,881,189.4643300649493
91,DFT_CRT,time_and_value_scaling_t0,wide,DEoptim,882,189.4643300649493
91,DFT_CRT,time_and_value_scaling_t0,wide,DEoptim,883,189.4643300649493
91,DFT_CRT,time_and_value_scaling_t0,wide,DEoptim,884,189.4643300649493
91,DFT_CRT,time_and_value_scaling_t0,wide,DEoptim,885,189.4643300649493
91,DFT_CRT,time_and_value_scaling_t0,wide,DEoptim,886,189.4643300649493
91,DFT_CRT,time_and_value_scaling_t0,wide,DEoptim,887,189.4643300649493
91,DFT_CRT,time_and_value_scaling_t0,wide,DEoptim,888,189.4643300649493
91,DFT_CRT,time_and_value_scaling_t0,wide,DEoptim,889,189.4643300649493
91,DFT_CRT,time_and_value_scaling_t0,wide,DEoptim,890,189.4643300649493
91,DFT_CRT,time_and_value_scaling_t0,wide,DEoptim,891,189.4643300649493
91,DFT_CRT,time_and_value_scaling_t0,wide,DEoptim,892,189.4643300649493
91,DFT_CRT,time_and_value_scaling_t0,wide,DEoptim,893,189.4643300649493
91,DFT_CRT,time_and_value_scaling_t0,wide,DEoptim,894,189.4643300649493
91,DFT_CRT,time_and_value_scaling_t0,wide,DEoptim,895,189.46423760831345
91,DFT_CRT,time_and_value_scaling_t0,wide,DEoptim,896,189.46423760831345
91,DFT_CRT,time_and_value_scaling_t0,wide,DEoptim,897,189.46423760831345
91,DFT_CRT,time_and_value_scaling_t0,wide,DEoptim,898,189.46423760831345
91,DFT_CRT,time_and_value_scaling_t0,wide,DEoptim,899,189.46423760831345
91,DFT_CRT,time_and_value_scaling_t0,wide,DEoptim,900,189.46423760831345
91,DFT_CRT,time_and_value_scaling_t0,wide,DEoptim,901,189.46423760831345
91,DFT_CRT,time_and_value_scaling_t0,wide,DEoptim,902,189.46423760831345
91,DFT_CRT,time_and_value_scaling_t0,wide,DEoptim,903,189.46423760831345
91,DFT_CRT,time_and_value_scaling_t0,wide,DEoptim,904,189.46423760831345
91,DFT_CRT,time_and_value_scaling_t0,wide,DEoptim,905,189.46423760831345
91,DFT_CRT,time_and_value_scaling_t0,wide,DEoptim,906,189.46423760831345
91,DFT_CRT,time_and_value_scaling_t0,wide,DEoptim,907,189.46411765821222
91,DFT_CRT,time_and_value_scaling_t0,wide,DEoptim,908,189.46411765821222
91,DFT_CRT,time_and_value_scaling_t0,wide,DEoptim,909,189.46411765821222
91,DFT_CRT,time_and_value_scaling_t0,wide,DEoptim,910,189.46411765821222
91,DFT_CRT,time_and_value_scaling_t0,wide,DEoptim,911,189.46411765821222
91,DFT_CRT,time_and_value_scaling_t0,wide,DEoptim,912,189.46411765821222
91,DFT_CRT,time_and_value_scaling_t0,wide,DEoptim,913,189.46411765821222
91,DFT_CRT,time_and_value_scaling_t0,wide,DEoptim,914,189.46411765821222
91,DFT_CRT,time_and_value_scaling_t0,wide,DEoptim,915,189.46411765821222
91,DFT_CRT,time_and_value_scaling_t0,wide,DEoptim,916,189.46411765821222
91,DFT_CRT,time_and_value_scaling_t0,wide,DEoptim,917,189.46411765821222
91,DFT_CRT,time_and_value_scaling_t0,wide,DEoptim,918,189.46411765821222
91,DFT_CRT,time_and_value_scaling_t0,wide,DEoptim,919,189.46411765821222
91,DFT_CRT,time_and_value_scaling_t0,wide,DEoptim,920,189.46411765821222
91,DFT_CRT,time_and_value_scaling_t0,wide,DEoptim,921,189.46411765821222
91,DFT_CRT,time_and_value_scaling_t0,wide,DEoptim,922,189.46411765821222
91,DFT_CRT,time_and_value_scaling_t0,wide,DEoptim,923,189.46411765821222
91,DFT_CRT,time_and_value_scaling_t0,wide,DEoptim,924,189.4640323277486
91,DFT_CRT,time_and_value_scaling_t0,wide,DEoptim,925,189.4640323277486
91,DFT_CRT,time_and_value_scaling_t0,wide,DEoptim,926,189.4640323277486
91,DFT_CRT,time_and_value_scaling_t0,wide,DEoptim,927,189.4640323277486
91,DFT_CRT,time_and_value_scaling_t0,wide,DEoptim,928,189.4640323277486
91,DFT_CRT,time_and_value_scaling_t0,wide,DEoptim,929,189.4640323277486
91,DFT_CRT,time_and_value_scaling_t0,wide,DEoptim,930,189.4640323277486
91,DFT_CRT,time_and_value_scaling_t0,wide,DEoptim,931,189.4640323277486
91,DFT_CRT,time_and_value_scaling_t0,wide,DEoptim,932,189.4640323277486
91,DFT_CRT,time_and_value_scaling_t0,wide,DEoptim,933,189.4640323277486
91,DFT_CRT,time_and_value_scaling_t0,wide,DEoptim,934,189.4640323277486
91,DFT_CRT,time_and_value_scaling_t0,wide,DEoptim,935,3.3037896657215664e-304
91,DFT_CRT,time_and_value_scaling_t0,wide,DEoptim,936,3.5316372291244782e-304
91,DFT_CRT,time_and_value_scaling_t0,wide,DEoptim,937,1.5951554496147368e-304
91,DFT_CRT,time_and_value_scaling_t0,wide,DEoptim,938,1.5381935588900023e-304
91,DFT_CRT,time_and_value_scaling_t0,wide,DEoptim,939,1.5308247419323485e-308
91,DFT_CRT,time_and_value_scaling_t0,wide,DEoptim,940,3.893879252646888e-308
91,DFT_CRT,time_and_value_scaling_t0,wide,DEoptim,941,2.3371967216597356e-307
91,DFT_CRT,time_and_value_scaling_t0,wide,DEoptim,942,2.225943028967505e-307
91,DFT_CRT,time_and_value_scaling_t0,wide,DEoptim,943,3.1985436717336183e-308
91,DFT_CRT,time_and_value_scaling_t0,wide,DEoptim,944,5.00641619698889e-308
91,DFT_CRT,time_and_value_scaling_t0,wide,DEoptim,945,5.006416197118406e-308
91,DFT_CRT,time_and_value_scaling_t0,wide,DEoptim,946,6.118953125595162e-308
91,DFT_CRT,time_and_value_scaling_t0,wide,DEoptim,947,2.7813423289882417e-307
91,DFT_CRT,time_and_value_scaling_t0,wide,DEoptim,948,1.1136233913254815e-308
91,DFT_CRT,time_and_value_scaling_t0,wide,DEoptim,949,4.032946369450917e-308
91,DFT_CRT,time_and_value_scaling_t0,wide,DEoptim,950,6.11895311549314e-308
91,DFT_CRT,time_and_value_scaling_t0,wide,DEoptim,951,5.562684668935893e-309
91,DFT_CRT,time_and_value_scaling_t0,wide,DEoptim,952,3.3037896657215664e-304
91,DFT_CRT,time_and_value_scaling_t0,wide,DEoptim,953,3.5316372291244782e-304
91,DFT_CRT,time_and_value_scaling_t0,wide,DEoptim,954,5.4692315460143974e-304
91,DFT_CRT,time_and_value_scaling_t0,wide,DEoptim,955,5.2413839831154596e-304
91,DFT_CRT,time_and_value_scaling_t0,wide,DEoptim,956,2.6709578015755597e-307
91,DFT_CRT,time_and_value_scaling_t0,wide,DEoptim,957,3.893879252646888e-308
91,DFT_CRT,time_and_value_scaling_t0,wide,DEoptim,958,2.893465186286536e-307
91,DFT_CRT,time_and_value_scaling_t0,wide,DEoptim,959,2.7822114935943053e-307
91,DFT_CRT,time_and_value_scaling_t0,wide,DEoptim,960,3.1985436717336183e-308
91,DFT_CRT,time_and_value_scaling_t0,wide,DEoptim,961,5.00641619698889e-308
91,DFT_CRT,time_and_value_scaling_t0,wide,DEoptim,962,5.006416197118406e-308
91,DFT_CRT,time_and_value_scaling_t0,wide,DEoptim,963,6.118953126048469e-308
91,DFT_CRT,time_and_value_scaling_t0,wide,DEoptim,964,2.7813423291695646e-307
91,DFT_CRT,time_and_value_scaling_t0,wide,DEoptim,965,1.1136233935272593e-308
91,DFT_CRT,time_and_value_scaling_t0,wide,DEoptim,966,4.032946369450917e-308
91,DFT_CRT,time_and_value_scaling_t0,wide,DEoptim,967,6.118953115881689e-308
91,DFT_CRT,time_and_value_scaling_t0,wide,DEoptim,968,5.56268467087864e-309
91,DFT_CRT,time_and_value_scaling_t0,wide,DEoptim,969,3.3037896657215664e-304
91,DFT_CRT,time_and_value_scaling_t0,wide,DEoptim,970,3.5316372291244782e-304
91,DFT_CRT,time_and_value_scaling_t0,wide,DEoptim,971,3.8742986042364355e-304
91,DFT_CRT,time_and_value_scaling_t0,wide,DEoptim,972,3.646451041337498e-304
91,DFT_CRT,time_and_value_scaling_t0,wide,DEoptim,973,3.33847995912772e-307
91,DFT_CRT,time_and_value_scaling_t0,wide,DEoptim,974,3.893879252646888e-308
91,DFT_CRT,time_and_value_scaling_t0,wide,DEoptim,975,3.5618565140658706e-307
91,DFT_CRT,time_and_value_scaling_t0,wide,DEoptim,976,3.4497336511464657e-307
91,DFT_CRT,time_and_value_scaling_t0,wide,DEoptim,977,2.622917064461339e-304
91,DFT_CRT,time_and_value_scaling_t0,wide,DEoptim,978,5.56268465177245e-309
91,DFT_CRT,time_and_value_scaling_t0,wide,DEoptim,979,3.3037896657215664e-304
91,DFT_CRT,time_and_value_scaling_t0,wide,DEoptim,980,3.5316372291244782e-304
91,DFT_CRT,time_and_value_scaling_t0,wide,DEoptim,981,1.5951554496147368e-304
91,DFT_CRT,time_and_value_scaling_t0,wide,DEoptim,982,1.5381935588900023e-304
91,DFT_CRT,time_and_value_scaling_t0,wide,DEoptim,983,1.5308247419323485e-308
91,DFT_CRT,time_and_value_scaling_t0,wide,DEoptim,984,3.893879252646888e-308
91,DFT_CRT,time_and_value_scaling_t0,wide,DEoptim,985,4.006871285767311e-307
91,DFT_CRT,time_and_value_scaling_t0,wide,DEoptim,986,3.477764366766228e-308
91,DFT_CRT,time_and_value_scaling_t0,wide,DEoptim,987,3.7843639003828495e-307
91,DFT_CRT,time_and_value_scaling_t0,wide,DEoptim,988,3.1985436717336183e-308
91,DFT_CRT,time_and_value_scaling_t0,wide,DEoptim,989,4.0329463702928996e-308
91,DFT_CRT,time_and_value_scaling_t0,wide,DEoptim,990,6.118953116334996e-308
91,DFT_CRT,time_and_value_scaling_t0,wide,DEoptim,991,4.172013511578174e-309
91,DFT_CRT,time_and_value_scaling_t0,wide,DEoptim,992,1.0028042840121946e-307
91,DFT_CRT,time_and_value_scaling_t0,wide,DEoptim,993,4.896900828859352e-307
91,DFT_CRT,time_and_value_scaling_t0,wide,DEoptim,994,5.341915600871632e-307
91,DFT_CRT,time_and_value_scaling_t0,wide,DEoptim,995,5.11940821548717e-307
91,DFT_CRT,time_and_value_scaling_t0,wide,DEoptim,996,3.1985436717336183e-308
91,DFT_CRT,time_and_value_scaling_t0,wide,DEoptim,997,5.00641619698889e-308
91,DFT_CRT,time_and_value_scaling_t0,wide,DEoptim,998,5.006416197118406e-308
91,DFT_CRT,time_and_value_scaling_t0,wide,DEoptim,999,6.118953126501776e-308
91,DFT_CRT,time_and_value_scaling_t0,wide,DEoptim,1000,2.7813423293508875e-307
91,DFT_CRT,time_and_value_scaling_t0,wide,DEoptim,1001,1.1136233936243966e-308
91,DFT_CRT,time_and_value_scaling_t0,wide,DEoptim,1002,4.032946369450917e-308
91,DFT_CRT,time_and_value_scaling_t0,wide,DEoptim,1003,4.3110806037720734e-308
91,DFT_CRT,time_and_value_scaling_t0,wide,DEoptim,1004,6.118953116788303e-308
91,DFT_CRT,time_and_value_scaling_t0,wide,DEoptim,1005,5.56268467508792e-309
91,DFT_CRT,time_and_value_scaling_t0,wide,DEoptim,1006,3.3037896657215664e-304
91,DFT_CRT,time_and_value_scaling_t0,wide,DEoptim,1007,3.5316372291244782e-304
91,DFT_CRT,time_and_value_scaling_t0,wide,DEoptim,1008,2.962463336118336e-304
91,DFT_CRT,time_and_value_scaling_t0,wide,DEoptim,1009,2.8485395546688672e-304
91,DFT_CRT,time_and_value_scaling_t0,wide,DEoptim,1010,3.00471888035164e-307
91,DFT_CRT,time_and_value_scaling_t0,wide,DEoptim,1011,3.893879252646888e-308
91,DFT_CRT,time_and_value_scaling_t0,wide,DEoptim,1012,6.454452530125232e-307
91,DFT_CRT,time_and_value_scaling_t0,wide,DEoptim,1013,6.6769599160795656e-307
91,DFT_CRT,time_and_value_scaling_t0,wide,DEoptim,1014,6.231945144740771e-307
91,DFT_CRT,time_and_value_scaling_t0,wide,DEoptim,1015,1.0584311293997878e-307
91,DFT_CRT,time_and_value_scaling_t0,wide,DEoptim,1016,5.56268465177245e-309
91,DFT_CRT,time_and_value_scaling_t0,wide,DEoptim,1017,7.123713027510063e-307
91,DFT_CRT,time_and_value_scaling_t0,wide,DEoptim,1018,8.013742571534622e-307
91,DFT_CRT,time_and_value_scaling_t0,wide,DEoptim,1019,7.568727800765699e-307
91,DFT_CRT,time_and_value_scaling_t0,wide,DEoptim,1020,6.899467304883258e-307
91,DFT_CRT,time_and_value_scaling_t0,wide,DEoptim,1021,3.198543674098177e-308
91,DFT_CRT,time_and_value_scaling_t0,wide,DEoptim,1022,5.00641619698889e-308
91,DFT_CRT,time_and_value_scaling_t0,wide,DEoptim,1023,5.006416185980254e-308
91,DFT_CRT,time_and_value_scaling_t0,wide,DEoptim,1024,6.118953117371127e-308
91,DFT_CRT,time_and_value_scaling_t0,wide,DEoptim,1025,3.893879255593385e-308
91,DFT_CRT,time_and_value_scaling_t0,wide,DEoptim,1026,9.34878688757146e-307
91,DFT_CRT,time_and_value_scaling_t0,wide,DEoptim,1027,1.5019248554637335e-307
91,DFT_CRT,time_and_value_scaling_t0,wide,DEoptim,1028,5.5626846516044816e-307
91,DFT_CRT,time_and_value_scaling_t0,wide,DEoptim,1029,4.172013515463664e-309
91,DFT_CRT,time_and_value_scaling_t0,wide,DEoptim,1030,8.912463817469086e-307
91,DFT_CRT,time_and_value_scaling_t0,wide,DEoptim,1031,3.3037896657215664e-304
91,DFT_CRT,time_and_value_scaling_t0,wide,DEoptim,1032,3.5316372291244782e-304
91,DFT_CRT,time_and_value_scaling_t0,wide,DEoptim,1033,2.962463336118336e-304
91,DFT_CRT,time_and_value_scaling_t0,wide,DEoptim,1034,2.8485395546688672e-304
91,DFT_CRT,time_and_value_scaling_t0,wide,DEoptim,1035,3.00471888035164e-307
91,DFT_CRT,time_and_value_scaling_t0,wide,DEoptim,1036,3.893879252646888e-308
91,DFT_CRT,time_and_value_scaling_t0,wide,DEoptim,1037,1.1573860745146144e-306
91,DFT_CRT,time_and_value_scaling_t0,wide,DEoptim,1038,6.6769599160795656e-307
91,DFT_CRT,time_and_value_scaling_t0,wide,DEoptim,1039,1.1128845974377221e-306
91,DFT_CRT,time_and_value_scaling_t0,wide,DEoptim,1040,9.357478578601183e-307
91,DFT_CRT,time_and_value_scaling_t0,wide,DEoptim,1041,5.56268465177245e-309
91,DFT_CRT,time_and_value_scaling_t0,wide,DEoptim,1042,5.563771109408141e-308
91,DFT_CRT,time_and_value_scaling_t0,wide,DEoptim,1043,1.201887552140656e-306
91,DFT_CRT,time_and_value_scaling_t0,wide,DEoptim,1044,3.003849710642531e-307
91,DFT_CRT,time_and_value_scaling_t0,wide,DEoptim,1045,1.2908905063358857e-306
91,DFT_CRT,time_and_value_scaling_t0,wide,DEoptim,1046,1.3353919829257965e-306
91,DFT_CRT,time_and_value_scaling_t0,wide,DEoptim,1047,3.1985436795054844e-308
91,DFT_CRT,time_and_value_scaling_t0,wide,DEoptim,1048,4.032946372138634e-308
91,DFT_CRT,time_and_value_scaling_t0,wide,DEoptim,1049,4.032946372203392e-308
91,DFT_CRT,time_and_value_scaling_t0,wide,DEoptim,1050,6.118953118277741e-308
91,DFT_CRT,time_and_value_scaling_t0,wide,DEoptim,1051,3.0594765590741125e-308
91,DFT_CRT,time_and_value_scaling_t0,wide,DEoptim,1052,5.56268466699062e-309
91,DFT_CRT,time_and_value_scaling_t0,wide,DEoptim,1053,1.7807544228631648e-306
91,DFT_CRT,time_and_value_scaling_t0,wide,DEoptim,1054,1.9587603317716896e-306
91,DFT_CRT,time_and_value_scaling_t0,wide,DEoptim,1055,2.0477632860083646e-306
91,DFT_CRT,time_and_value_scaling_t0,wide,DEoptim,1056,2.2250738593102027e-307
91,DFT_CRT,time_and_value_scaling_t0,wide,DEoptim,1057,4.311080602055729e-308
91,DFT_CRT,time_and_value_scaling_t0,wide,DEoptim,1058,6.11895311866629e-308
91,DFT_CRT,time_and_value_scaling_t0,wide,DEoptim,1059,3.059476559236008e-308
91,DFT_CRT,time_and_value_scaling_t0,wide,DEoptim,1060,5.562684685449227e-309
91,DFT_CRT,time_and_value_scaling_t0,wide,DEoptim,1061,3.0594765559978464e-308
91,DFT_CRT,time_and_value_scaling_t0,wide,DEoptim,1062,5.56268468609681e-309
91,DFT_CRT,time_and_value_scaling_t0,wide,DEoptim,1063,2.2257691945024372e-306
91,DFT_CRT,time_and_value_scaling_t0,wide,DEoptim,1064,2.581781011511305e-306
91,DFT_CRT,time_and_value_scaling_t0,wide,DEoptim,1065,3.19854367859887e-308
91,DFT_CRT,time_and_value_scaling_t0,wide,DEoptim,1066,5.006416184231783e-308
91,DFT_CRT,time_and_value_scaling_t0,wide,DEoptim,1067,4.0329463723652876e-308
91,DFT_CRT,time_and_value_scaling_t0,wide,DEoptim,1068,4.3110806049700996e-308
91,DFT_CRT,time_and_value_scaling_t0,wide,DEoptim,1069,5.840818882984959e-308
91,DFT_CRT,time_and_value_scaling_t0,wide,DEoptim,1070,2.136766240390098e-306
91,DFT_CRT,time_and_value_scaling_t0,wide,DEoptim,1071,2.6707839665768845e-306
91,DFT_CRT,time_and_value_scaling_t0,wide,DEoptim,1072,2.4037751032244585e-306
91,DFT_CRT,time_and_value_scaling_t0,wide,DEoptim,1073,3.7548121363604187e-308
91,DFT_CRT,time_and_value_scaling_t0,wide,DEoptim,1074,2.781342327019745e-308
91,DFT_CRT,time_and_value_scaling_t0,wide,DEoptim,1075,4.728281957293564e-308
91,DFT_CRT,time_and_value_scaling_t0,wide,DEoptim,1076,3.383502937501651e-306
91,DFT_CRT,time_and_value_scaling_t0,wide,DEoptim,1077,6.397087345604256e-308
91,DFT_CRT,time_and_value_scaling_t0,wide,DEoptim,1078,5.785192038957591e-307
91,DFT_CRT,time_and_value_scaling_t0,wide,DEoptim,1079,4.276035691863621e-305
91,DFT_CRT,time_and_value_scaling_t0,wide,DEoptim,1080,2.1367662403072074e-306
91,DFT_CRT,time_and_value_scaling_t0,wide,DEoptim,1081,2.4037751031830133e-306
91,DFT_CRT,time_and_value_scaling_t0,wide,DEoptim,1082,5.006416183778223e-308
91,DFT_CRT,time_and_value_scaling_t0,wide,DEoptim,1083,5.840818887259505e-308
91,DFT_CRT,time_and_value_scaling_t0,wide,DEoptim,1084,4.0955265724311815e-306
91,DFT_CRT,time_and_value_scaling_t0,wide,DEoptim,1085,3.027491122502877e-306
91,DFT_CRT,time_and_value_scaling_t0,wide,DEoptim,1086,4.273532480407189e-306
91,DFT_CRT,time_and_value_scaling_t0,wide,DEoptim,1087,2.781342323263518e-308
91,DFT_CRT,time_and_value_scaling_t0,wide,DEoptim,1088,1.5019248562538844e-307
91,DFT_CRT,time_and_value_scaling_t0,wide,DEoptim,1089,4.17201352938667e-309
91,DFT_CRT,time_and_value_scaling_t0,wide,DEoptim,1090,1.197757259878014e-304
91,DFT_CRT,time_and_value_scaling_t0,wide,DEoptim,1091,1.0680354522741047e-305
91,DFT_CRT,time_and_value_scaling_t0,wide,DEoptim,1092,5.163562024307412e-306
91,DFT_CRT,time_and_value_scaling_t0,wide,DEoptim,1093,5.341567932987988e-306
91,DFT_CRT,time_and_value_scaling_t0,wide,DEoptim,1094,4.311080602055729e-308
91,DFT_CRT,time_and_value_scaling_t0,wide,DEoptim,1095,6.118953121774177e-308
91,DFT_CRT,time_and_value_scaling_t0,wide,DEoptim,1096,2.78134236846725e-309
91,DFT_CRT,time_and_value_scaling_t0,wide,DEoptim,1097,2.3641409815939113e-308
91,DFT_CRT,time_and_value_scaling_t0,wide,DEoptim,1098,1.4256048211720889e-304
91,DFT_CRT,time_and_value_scaling_t0,wide,DEoptim,1099,5.56268465177245e-309
91,DFT_CRT,time_and_value_scaling_t0,wide,DEoptim,1100,5.519573841212667e-306
91,DFT_CRT,time_and_value_scaling_t0,wide,DEoptim,1101,1.9587603317716896e-306
91,DFT_CRT,time_and_value_scaling_t0,wide,DEoptim,1102,6.054982239866545e-306
91,DFT_CRT,time_and_value_scaling_t0,wide,DEoptim,1103,6.410994057227697e-306
91,DFT_CRT,time_and_value_scaling_t0,wide,DEoptim,1104,2.2250738593102027e-307
91,DFT_CRT,time_and_value_scaling_t0,wide,DEoptim,1105,5.698970423251407e-306
91,DFT_CRT,time_and_value_scaling_t0,wide,DEoptim,1106,3.1985436717336183e-308
91,DFT_CRT,time_and_value_scaling_t0,wide,DEoptim,1107,5.00641619116116e-308
91,DFT_CRT,time_and_value_scaling_t0,wide,DEoptim,1108,4.0329463723652876e-308
91,DFT_CRT,time_and_value_scaling_t0,wide,DEoptim,1109,6.118953120544277e-308
91,DFT_CRT,time_and_value_scaling_t0,wide,DEoptim,1110,5.56268469419158e-309
91,DFT_CRT,time_and_value_scaling_t0,wide,DEoptim,1111,7.835041327584101e-306
91,DFT_CRT,time_and_value_scaling_t0,wide,DEoptim,1112,4.791029032243806e-304
91,DFT_CRT,time_and_value_scaling_t0,wide,DEoptim,1113,5.56268465177245e-309
91,DFT_CRT,time_and_value_scaling_t0,wide,DEoptim,1114,8.191053143536116e-306
91,DFT_CRT,time_and_value_scaling_t0,wide,DEoptim,1115,8.903076778755763e-306
91,DFT_CRT,time_and_value_scaling_t0,wide,DEoptim,1116,8.547064962140625e-306
91,DFT_CRT,time_and_value_scaling_t0,wide,DEoptim,1117,9.259088595536682e-306
91,DFT_CRT,time_and_value_scaling_t0,wide,DEoptim,1118,2.781342323263518e-308
91,DFT_CRT,time_and_value_scaling_t0,wide,DEoptim,1119,2.7813423271233075e-307
91,DFT_CRT,time_and_value_scaling_t0,wide,DEoptim,1120,1.113080165227478e-308
91,DFT_CRT,time_and_value_scaling_t0,wide,DEoptim,1121,1.0327124047620139e-305
91,DFT_CRT,time_and_value_scaling_t0,wide,DEoptim,1122,3.1985436717336183e-308
91,DFT_CRT,time_and_value_scaling_t0,wide,DEoptim,1123,5.006416191938258e-308
91,DFT_CRT,time_and_value_scaling_t0,wide,DEoptim,1124,4.0329463737575883e-308
91,DFT_CRT,time_and_value_scaling_t0,wide,DEoptim,1125,6.118953121386134e-308
91,DFT_CRT,time_and_value_scaling_t0,wide,DEoptim,1126,5.56268469807707e-309
91,DFT_CRT,time_and_value_scaling_t0,wide,DEoptim,1127,1.353401175100129e-305
91,DFT_CRT,time_and_value_scaling_t0,wide,DEoptim,1128,2.781342323263518e-308
91,DFT_CRT,time_and_value_scaling_t0,wide,DEoptim,1129,1.6131785478840304e-307
91,DFT_CRT,time_and_value_scaling_t0,wide,DEoptim,1130,2.8925960200486676e-307
91,DFT_CRT,time_and_value_scaling_t0,wide,DEoptim,1131,1.11308016551889e-308
91,DFT_CRT,time_and_value_scaling_t0,wide,DEoptim,1132,9.2590885988523e-306
91,DFT_CRT,time_and_value_scaling_t0,wide,DEoptim,1133,3.1985436717336183e-308
91,DFT_CRT,time_and_value_scaling_t0,wide,DEoptim,1134,4.032946373951863e-308
91,DFT_CRT,time_and_value_scaling_t0,wide,DEoptim,1135,4.032946374016621e-308
91,DFT_CRT,time_and_value_scaling_t0,wide,DEoptim,1136,6.118953121904199e-308
91,DFT_CRT,time_and_value_scaling_t0,wide,DEoptim,1137,5.5626847006674e-309
91,DFT_CRT,time_and_value_scaling_t0,wide,DEoptim,1138,1.9230200828779725e-305
91,DFT_CRT,time_and_value_scaling_t0,wide,DEoptim,1139,3.1985436717336183e-308
91,DFT_CRT,time_and_value_scaling_t0,wide,DEoptim,1140,5.006416181705961e-308
91,DFT_CRT,time_and_value_scaling_t0,wide,DEoptim,1141,6.118953126372007e-308
91,DFT_CRT,time_and_value_scaling_t0,wide,DEoptim,1142,5.56268470196256e-309
91,DFT_CRT,time_and_value_scaling_t0,wide,DEoptim,1143,3.3037896657215664e-304
91,DFT_CRT,time_and_value_scaling_t0,wide,DEoptim,1144,3.5316372291244782e-304
91,DFT_CRT,time_and_value_scaling_t0,wide,DEoptim,1145,2.1366271731951953e-305
91,DFT_CRT,time_and_value_scaling_t0,wide,DEoptim,1146,2.0654248097892772e-305
91,DFT_CRT,time_and_value_scaling_t0,wide,DEoptim,1147,4.032946369450917e-308
91,DFT_CRT,time_and_value_scaling_t0,wide,DEoptim,1148,4.0329463742432746e-308
91,DFT_CRT,time_and_value_scaling_t0,wide,DEoptim,1149,4.0329463742756537e-308
91,DFT_CRT,time_and_value_scaling_t0,wide,DEoptim,1150,4.311080606621433e-308
91,DFT_CRT,time_and_value_scaling_t0,wide,DEoptim,1151,4.0329463707460804e-308
91,DFT_CRT,time_and_value_scaling_t0,wide,DEoptim,1152,4.311080606653812e-308
91,DFT_CRT,time_and_value_scaling_t0,wide,DEoptim,1153,4.0329463708755967e-308
91,DFT_CRT,time_and_value_scaling_t0,wide,DEoptim,1154,4.311080606686191e-308
91,DFT_CRT,time_and_value_scaling_t0,wide,DEoptim,1155,6.118953115686909e-308
91,DFT_CRT,time_and_value_scaling_t0,wide,DEoptim,1156,3.059476561113995e-308
91,DFT_CRT,time_and_value_scaling_t0,wide,DEoptim,1157,5.562684661809965e-309
91,DFT_CRT,time_and_value_scaling_t0,wide,DEoptim,1158,3.1340165304699854e-305
91,DFT_CRT,time_and_value_scaling_t0,wide,DEoptim,1159,3.5316372291244782e-304
91,DFT_CRT,time_and_value_scaling_t0,wide,DEoptim,1160,3.276421257911789e-305
91,DFT_CRT,time_and_value_scaling_t0,wide,DEoptim,1161,3.1985436717336183e-308
91,DFT_CRT,time_and_value_scaling_t0,wide,DEoptim,1162,6.118953123069593e-308
91,DFT_CRT,time_and_value_scaling_t0,wide,DEoptim,1163,1.613178549800923e-307
91,DFT_CRT,time_and_value_scaling_t0,wide,DEoptim,1164,9.345310207595281e-307
91,DFT_CRT,time_and_value_scaling_t0,wide,DEoptim,1165,1.1964222146874828e-304
91,DFT_CRT,time_and_value_scaling_t0,wide,DEoptim,1166,8.90029544480497e-307
91,DFT_CRT,time_and_value_scaling_t0,wide,DEoptim,1167,3.7036354399387943e-305
91,DFT_CRT,time_and_value_scaling_t0,wide,DEoptim,1168,2.8925960214214397e-307
91,DFT_CRT,time_and_value_scaling_t0,wide,DEoptim,1169,1.0682092882167354e-306
91,DFT_CRT,time_and_value_scaling_t0,wide,DEoptim,1170,2.503208092828105e-308
91,DFT_CRT,time_and_value_scaling_t0,wide,DEoptim,1171,3.1985436717336183e-308
91,DFT_CRT,time_and_value_scaling_t0,wide,DEoptim,1172,5.006416191225666e-308
91,DFT_CRT,time_and_value_scaling_t0,wide,DEoptim,1173,4.311080606977603e-308
91,DFT_CRT,time_and_value_scaling_t0,wide,DEoptim,1174,6.118953123199362e-308
91,DFT_CRT,time_and_value_scaling_t0,wide,DEoptim,1175,3.059476561534923e-308
91,DFT_CRT,time_and_value_scaling_t0,wide,DEoptim,1176,5.56268470811459e-309
91,DFT_CRT,time_and_value_scaling_t0,wide,DEoptim,1177,4.415659072870665e-305
91,DFT_CRT,time_and_value_scaling_t0,wide,DEoptim,1178,5.128795244588535e-305
91,DFT_CRT,time_and_value_scaling_t0,wide,DEoptim,1179,3.3876749575764673e-306
91,DFT_CRT,time_and_value_scaling_t0,wide,DEoptim,1180,5.413604699273205e-305
91,DFT_CRT,time_and_value_scaling_t0,wide,DEoptim,1181,5.983223607780485e-305
91,DFT_CRT,time_and_value_scaling_t0,wide,DEoptim,1182,6.268033061337845e-305
91,DFT_CRT,time_and_value_scaling_t0,wide,DEoptim,1183,5.698414154156813e-305
91,DFT_CRT,time_and_value_scaling_t0,wide,DEoptim,1184,1.6688053940099174e-308
91,DFT_CRT,time_and_value_scaling_t0,wide,DEoptim,1185,1.8078725139883615e-308
91,DFT_CRT,time_and_value_scaling_t0,wide,DEoptim,1186,3.1985436717336183e-308
91,DFT_CRT,time_and_value_scaling_t0,wide,DEoptim,1187,4.0329463749879936e-308
91,DFT_CRT,time_and_value_scaling_t0,wide,DEoptim,1188,4.032946375052752e-308
91,DFT_CRT,time_and_value_scaling_t0,wide,DEoptim,1189,4.032946375085131e-308
91,DFT_CRT,time_and_value_scaling_t0,wide,DEoptim,1190,6.118953124041219e-308
91,DFT_CRT,time_and_value_scaling_t0,wide,DEoptim,1191,5.562684711028705e-309
91,DFT_CRT,time_and_value_scaling_t0,wide,DEoptim,1192,7.121627020291092e-306
91,DFT_CRT,time_and_value_scaling_t0,wide,DEoptim,1193,7.477638838895601e-306
91,DFT_CRT,time_and_value_scaling_t0,wide,DEoptim,1194,2.002566473226353e-307
91,DFT_CRT,time_and_value_scaling_t0,wide,DEoptim,1195,2.0670936145863463e-305
91,DFT_CRT,time_and_value_scaling_t0,wide,DEoptim,1196,3.987888623672124e-305
91,DFT_CRT,time_and_value_scaling_t0,wide,DEoptim,1197,3.41882598485625e-305
91,DFT_CRT,time_and_value_scaling_t0,wide,DEoptim,1198,2.503208092795726e-308
91,DFT_CRT,time_and_value_scaling_t0,wide,DEoptim,1199,2.781342325750232e-307
91,DFT_CRT,time_and_value_scaling_t0,wide,DEoptim,1200,1.0682092881856515e-306
91,DFT_CRT,time_and_value_scaling_t0,wide,DEoptim,1201,2.8925960186496887e-307
91,DFT_CRT,time_and_value_scaling_t0,wide,DEoptim,1202,8.830205619820447e-305
91,DFT_CRT,time_and_value_scaling_t0,wide,DEoptim,1203,1.3673078870340983e-304
91,DFT_CRT,time_and_value_scaling_t0,wide,DEoptim,1204,1.6688053952274216e-307
91,DFT_CRT,time_and_value_scaling_t0,wide,DEoptim,1205,5.56268465209624e-309
91,DFT_CRT,time_and_value_scaling_t0,wide,DEoptim,1206,8.546508692051345e-305
91,DFT_CRT,time_and_value_scaling_t0,wide,DEoptim,1207,1.5133978921762445e-306
91,DFT_CRT,time_and_value_scaling_t0,wide,DEoptim,1208,8.831318146934952e-305
91,DFT_CRT,time_and_value_scaling_t0,wide,DEoptim,1209,8.261699242605352e-305
91,DFT_CRT,time_and_value_scaling_t0,wide,DEoptim,1210,3.754812142837248e-308
91,DFT_CRT,time_and_value_scaling_t0,wide,DEoptim,1211,3.1985436721221674e-308
91,DFT_CRT,time_and_value_scaling_t0,wide,DEoptim,1212,4.032946375570564e-308
91,DFT_CRT,time_and_value_scaling_t0,wide,DEoptim,1213,6.118953124494526e-308
91,DFT_CRT,time_and_value_scaling_t0,wide,DEoptim,1214,4.728281962862767e-308
91,DFT_CRT,time_and_value_scaling_t0,wide,DEoptim,1215,8.346199895293731e-308
91,DFT_CRT,time_and_value_scaling_t0,wide,DEoptim,1216,5.562684648599298e-308
91,DFT_CRT,time_and_value_scaling_t0,wide,DEoptim,1217,5.562684648599298e-308
91,DFT_CRT,time_and_value_scaling_t0,wide,DEoptim,1218,5.562684648664056e-308
91,DFT_CRT,time_and_value_scaling_t0,wide,DEoptim,1219,1.0827209400668407e-304
91,DFT_CRT,time_and_value_scaling_t0,wide,DEoptim,1220,8.261699242671664e-305
91,DFT_CRT,time_and_value_scaling_t0,wide,DEoptim,1221,1.1396828311098745e-304
91,DFT_CRT,time_and_value_scaling_t0,wide,DEoptim,1222,1.1966447211449603e-304
91,DFT_CRT,time_and_value_scaling_t0,wide,DEoptim,1223,3.1985436731270574e-308
91,DFT_CRT,time_and_value_scaling_t0,wide,DEoptim,1224,4.03294637547368e-308
91,DFT_CRT,time_and_value_scaling_t0,wide,DEoptim,1225,6.118953124883075e-308
91,DFT_CRT,time_and_value_scaling_t0,wide,DEoptim,1226,4.172013554318567e-309
91,DFT_CRT,time_and_value_scaling_t0,wide,DEoptim,1227,1.439562014855987e-309
91,DFT_CRT,time_and_value_scaling_t0,wide,DEoptim,1228,1.4814541752991316e-304
91,DFT_CRT,time_and_value_scaling_t0,wide,DEoptim,1229,1.5953779569342751e-304
91,DFT_CRT,time_and_value_scaling_t0,wide,DEoptim,1230,1.538416066275853e-304
91,DFT_CRT,time_and_value_scaling_t0,wide,DEoptim,1231,1.6523398481099337e-304
91,DFT_CRT,time_and_value_scaling_t0,wide,DEoptim,1232,1.7093017381450195e-304
91,DFT_CRT,time_and_value_scaling_t0,wide,DEoptim,1233,3.1985436798294017e-308
91,DFT_CRT,time_and_value_scaling_t0,wide,DEoptim,1234,5.006416191872994e-308
91,DFT_CRT,time_and_value_scaling_t0,wide,DEoptim,1235,4.032946375797471e-308
91,DFT_CRT,time_and_value_scaling_t0,wide,DEoptim,1236,5.006416196212298e-308
91,DFT_CRT,time_and_value_scaling_t0,wide,DEoptim,1237,5.006416196277056e-308
91,DFT_CRT,time_and_value_scaling_t0,wide,DEoptim,1238,5.006416196341814e-308
91,DFT_CRT,time_and_value_scaling_t0,wide,DEoptim,1239,5.006416196406572e-308
91,DFT_CRT,time_and_value_scaling_t0,wide,DEoptim,1240,5.0064161964713305e-308
91,DFT_CRT,time_and_value_scaling_t0,wide,DEoptim,1241,5.006416196536089e-308
91,DFT_CRT,time_and_value_scaling_t0,wide,DEoptim,1242,5.840818893541047e-308
91,DFT_CRT,time_and_value_scaling_t0,wide,DEoptim,1243,1.7088567238474515e-305
91,DFT_CRT,time_and_value_scaling_t0,wide,DEoptim,1244,1.7662636293869905e-304
91,DFT_CRT,time_and_value_scaling_t0,wide,DEoptim,1245,7.070394692898583e-304
91,DFT_CRT,time_and_value_scaling_t0,wide,DEoptim,1246,2.781342328638446e-309
91,DFT_CRT,time_and_value_scaling_t0,wide,DEoptim,1247,2.364140974729798e-308
91,DFT_CRT,time_and_value_scaling_t0,wide,DEoptim,1248,3.7548121363604187e-308
91,DFT_CRT,time_and_value_scaling_t0,wide,DEoptim,1249,2.781342323652067e-308
91,DFT_CRT,time_and_value_scaling_t0,wide,DEoptim,1250,4.728281953213293e-308
91,DFT_CRT,time_and_value_scaling_t0,wide,DEoptim,1251,1.5667301311850383e-305
91,DFT_CRT,time_and_value_scaling_t0,wide,DEoptim,1252,5.562684648599298e-308
91,DFT_CRT,time_and_value_scaling_t0,wide,DEoptim,1253,5.562684648599298e-308
91,DFT_CRT,time_and_value_scaling_t0,wide,DEoptim,1254,5.562684648664056e-308
91,DFT_CRT,time_and_value_scaling_t0,wide,DEoptim,1255,2.8489845694670936e-304
91,DFT_CRT,time_and_value_scaling_t0,wide,DEoptim,1256,2.9629083515531613e-304
91,DFT_CRT,time_and_value_scaling_t0,wide,DEoptim,1257,3.076832131623333e-304
91,DFT_CRT,time_and_value_scaling_t0,wide,DEoptim,1258,3.19854367302992e-308
91,DFT_CRT,time_and_value_scaling_t0,wide,DEoptim,1259,5.006416191872994e-308
91,DFT_CRT,time_and_value_scaling_t0,wide,DEoptim,1260,4.032946376218399e-308
91,DFT_CRT,time_and_value_scaling_t0,wide,DEoptim,1261,5.006416197054154e-308
91,DFT_CRT,time_and_value_scaling_t0,wide,DEoptim,1262,4.032946376283157e-308
91,DFT_CRT,time_and_value_scaling_t0,wide,DEoptim,1263,5.00641619718367e-308
91,DFT_CRT,time_and_value_scaling_t0,wide,DEoptim,1264,5.006416196277056e-308
91,DFT_CRT,time_and_value_scaling_t0,wide,DEoptim,1265,5.840818894188629e-308
91,DFT_CRT,time_and_value_scaling_t0,wide,DEoptim,1266,1.7088567238474515e-305
91,DFT_CRT,time_and_value_scaling_t0,wide,DEoptim,1267,3.1907559141072748e-304
91,DFT_CRT,time_and_value_scaling_t0,wide,DEoptim,1268,8.075670893822889e-308
91,DFT_CRT,time_and_value_scaling_t0,wide,DEoptim,1269,2.781342328638446e-309
91,DFT_CRT,time_and_value_scaling_t0,wide,DEoptim,1270,2.364140976219236e-308
91,DFT_CRT,time_and_value_scaling_t0,wide,DEoptim,1271,2.781342323263518e-308
91,DFT_CRT,time_and_value_scaling_t0,wide,DEoptim,1272,2.7813423236002606e-307
91,DFT_CRT,time_and_value_scaling_t0,wide,DEoptim,1273,4.558731334201093e-304
91,DFT_CRT,time_and_value_scaling_t0,wide,DEoptim,1274,4.10303619975567e-304
91,DFT_CRT,time_and_value_scaling_t0,wide,DEoptim,1275,2.7813423255635715e-308
91,DFT_CRT,time_and_value_scaling_t0,wide,DEoptim,1276,3.003849712455861e-307
91,DFT_CRT,time_and_value_scaling_t0,wide,DEoptim,1277,4.786578889195182e-304
91,DFT_CRT,time_and_value_scaling_t0,wide,DEoptim,1278,3.1985436739689136e-308
91,DFT_CRT,time_and_value_scaling_t0,wide,DEoptim,1279,4.0329463719764856e-308
91,DFT_CRT,time_and_value_scaling_t0,wide,DEoptim,1280,6.118953126955336e-308
91,DFT_CRT,time_and_value_scaling_t0,wide,DEoptim,1281,1.5019248576915158e-307
91,DFT_CRT,time_and_value_scaling_t0,wide,DEoptim,1282,6.0076994308696764e-307
91,DFT_CRT,time_and_value_scaling_t0,wide,DEoptim,1283,5.56268465896101e-307
91,DFT_CRT,time_and_value_scaling_t0,wide,DEoptim,1284,4.17201356306092e-309
91,DFT_CRT,time_and_value_scaling_t0,wide,DEoptim,1285,6.2380293420560175e-307
91,DFT_CRT,time_and_value_scaling_t0,wide,DEoptim,1286,3.226357095508927e-307
91,DFT_CRT,time_and_value_scaling_t0,wide,DEoptim,1287,8.900295436101067e-307
91,DFT_CRT,time_and_value_scaling_t0,wide,DEoptim,1288,2.7813423242025116e-308
91,DFT_CRT,time_and_value_scaling_t0,wide,DEoptim,1289,4.728281957876135e-308
91,DFT_CRT,time_and_value_scaling_t0,wide,DEoptim,1290,6.153664265156462e-304
91,DFT_CRT,time_and_value_scaling_t0,wide,DEoptim,1291,8.900295436308293e-307
91,DFT_CRT,time_and_value_scaling_t0,wide,DEoptim,1292,6.4605367150583115e-307
91,DFT_CRT,time_and_value_scaling_t0,wide,DEoptim,1293,5.56268465177245e-309
91,DFT_CRT,time_and_value_scaling_t0,wide,DEoptim,1294,3.7553553678981084e-308
91,DFT_CRT,time_and_value_scaling_t0,wide,DEoptim,1295,6.837206953959375e-304
91,DFT_CRT,time_and_value_scaling_t0,wide,DEoptim,1296,7.065054517070513e-304
91,DFT_CRT,time_and_value_scaling_t0,wide,DEoptim,1297,6.609359391325687e-304
91,DFT_CRT,time_and_value_scaling_t0,wide,DEoptim,1298,1.629693479801e-311
91,DFT_CRT,time_and_value_scaling_t0,wide,DEoptim,1299,3.1985436717336183e-308
91,DFT_CRT,time_and_value_scaling_t0,wide,DEoptim,1300,4.03294636860944e-308
91,DFT_CRT,time_and_value_scaling_t0,wide,DEoptim,1301,4.0329463686741983e-308
91,DFT_CRT,time_and_value_scaling_t0,wide,DEoptim,1302,5.562684646592553e-308
91,DFT_CRT,time_and_value_scaling_t0,wide,DEoptim,1303,8.360323907114135e-309
91,DFT_CRT,time_and_value_scaling_t0,wide,DEoptim,1304,4.18831042467967e-309
91,DFT_CRT,time_and_value_scaling_t0,wide,DEoptim,1305,2.781342323263518e-308
91,DFT_CRT,time_and_value_scaling_t0,wide,DEoptim,1306,4.172013507366363e-309
91,DFT_CRT,time_and_value_scaling_t0,wide,DEoptim,1307,1.450426565310913e-309
91,DFT_CRT,time_and_value_scaling_t0,wide,DEoptim,1308,1.39067116901419e-309
91,DFT_CRT,time_and_value_scaling_t0,wide,DEoptim,1309,1.253233739278651e-308
91,DFT_CRT,time_and_value_scaling_t0,wide,DEoptim,1310,1.1141666232514673e-308
91,DFT_CRT,time_and_value_scaling_t0,wide,DEoptim,1311,2.781342323263518e-308
91,DFT_CRT,time_and_value_scaling_t0,wide,DEoptim,1312,2.7813423236002606e-307
91,DFT_CRT,time_and_value_scaling_t0,wide,DEoptim,1313,1.5313679708153326e-308
91,DFT_CRT,time_and_value_scaling_t0,wide,DEoptim,1314,1.5019248554637335e-307
91,DFT_CRT,time_and_value_scaling_t0,wide,DEoptim,1315,4.17201348891408e-309
91,DFT_CRT,time_and_value_scaling_t0,wide,DEoptim,1316,5.706201911070868e-305
91,DFT_CRT,time_and_value_scaling_t0,wide,DEoptim,1317,2.5032080914681833e-308
91,DFT_CRT,time_and_value_scaling_t0,wide,DEoptim,1318,1.3923008566981355e-308
91,DFT_CRT,time_and_value_scaling_t0,wide,DEoptim,1319,3.893879252744152e-308
91,DFT_CRT,time_and_value_scaling_t0,wide,DEoptim,1320,2.226703552213656e-308
91,DFT_CRT,time_and_value_scaling_t0,wide,DEoptim,1321,2.3657706683703563e-308
91,DFT_CRT,time_and_value_scaling_t0,wide,DEoptim,1322,2.5048377845270564e-308
91,DFT_CRT,time_and_value_scaling_t0,wide,DEoptim,1323,2.6439049006837565e-308
91,DFT_CRT,time_and_value_scaling_t0,wide,DEoptim,1324,2.7829720168404566e-308
91,DFT_CRT,time_and_value_scaling_t0,wide,DEoptim,1325,2.9220391329971566e-308
91,DFT_CRT,time_and_value_scaling_t0,wide,DEoptim,1326,2.087636436348368e-308
91,DFT_CRT,time_and_value_scaling_t0,wide,DEoptim,1327,3.061106248927203e-308
91,DFT_CRT,time_and_value_scaling_t0,wide,DEoptim,1328,3.6157450202037186e-308
91,DFT_CRT,time_and_value_scaling_t0,wide,DEoptim,1329,2.7813423256271914e-308
91,DFT_CRT,time_and_value_scaling_t0,wide,DEoptim,1330,2.7813423236002606e-307
91,DFT_CRT,time_and_value_scaling_t0,wide,DEoptim,1331,1.0682092870459077e-306
91,DFT_CRT,time_and_value_scaling_t0,wide,DEoptim,1332,8.54539615843771e-305
91,DFT_CRT,time_and_value_scaling_t0,wide,DEoptim,1333,4.728281962732998e-308
91,DFT_CRT,time_and_value_scaling_t0,wide,DEoptim,1334,3.061106248862445e-308
91,DFT_CRT,time_and_value_scaling_t0,wide,DEoptim,1335,6.397087345345224e-308
91,DFT_CRT,time_and_value_scaling_t0,wide,DEoptim,1336,1.613178547728712e-307
91,DFT_CRT,time_and_value_scaling_t0,wide,DEoptim,1337,9.345310207595281e-307
91,DFT_CRT,time_and_value_scaling_t0,wide,DEoptim,1338,1.1964222146874828e-304
91,DFT_CRT,time_and_value_scaling_t0,wide,DEoptim,1339,8.90029544480497e-307
91,DFT_CRT,time_and_value_scaling_t0,wide,DEoptim,1340,3.617374715237716e-308
91,DFT_CRT,time_and_value_scaling_t0,wide,DEoptim,1341,2.8925960214214397e-307
91,DFT_CRT,time_and_value_scaling_t0,wide,DEoptim,1342,1.0682092882167354e-306
91,DFT_CRT,time_and_value_scaling_t0,wide,DEoptim,1343,2.503208092828105e-308
91,DFT_CRT,time_and_value_scaling_t0,wide,DEoptim,1344,5.991011364163264e-305
91,DFT_CRT,time_and_value_scaling_t0,wide,DEoptim,1345,5.56268465177245e-309
91,DFT_CRT,time_and_value_scaling_t0,wide,DEoptim,1346,1.2240079148458432e-307
91,DFT_CRT,time_and_value_scaling_t0,wide,DEoptim,1347,4.451886057468751e-307
91,DFT_CRT,time_and_value_scaling_t0,wide,DEoptim,1348,4.22937867208429e-307
91,DFT_CRT,time_and_value_scaling_t0,wide,DEoptim,1349,3.895508945252201e-308
91,DFT_CRT,time_and_value_scaling_t0,wide,DEoptim,1350,3.1985436787610184e-308
91,DFT_CRT,time_and_value_scaling_t0,wide,DEoptim,1351,4.0329463694836754e-308
91,DFT_CRT,time_and_value_scaling_t0,wide,DEoptim,1352,4.0329463695484336e-308
91,DFT_CRT,time_and_value_scaling_t0,wide,DEoptim,1353,4.0329463695808127e-308
91,DFT_CRT,time_and_value_scaling_t0,wide,DEoptim,1354,4.032946369613192e-308
91,DFT_CRT,time_and_value_scaling_t0,wide,DEoptim,1355,6.118953113097341e-308
91,DFT_CRT,time_and_value_scaling_t0,wide,DEoptim,1356,2.78134233285152e-309
91,DFT_CRT,time_and_value_scaling_t0,wide,DEoptim,1357,2.364140981853197e-308
91,DFT_CRT,time_and_value_scaling_t0,wide,DEoptim,1358,3.1985436717336183e-308
91,DFT_CRT,time_and_value_scaling_t0,wide,DEoptim,1359,5.006416193427696e-308
91,DFT_CRT,time_and_value_scaling_t0,wide,DEoptim,1360,6.118953111478386e-308
91,DFT_CRT,time_and_value_scaling_t0,wide,DEoptim,1361,5.56268465760448e-309
91,DFT_CRT,time_and_value_scaling_t0,wide,DEoptim,1362,6.052200897046068e-306
91,DFT_CRT,time_and_value_scaling_t0,wide,DEoptim,1363,6.122212498631504e-308
91,DFT_CRT,time_and_value_scaling_t0,wide,DEoptim,1364,6.400346730621114e-308
91,DFT_CRT,time_and_value_scaling_t0,wide,DEoptim,1365,5.844078266577137e-308
91,DFT_CRT,time_and_value_scaling_t0,wide,DEoptim,1366,5.565944037501645e-308
91,DFT_CRT,time_and_value_scaling_t0,wide,DEoptim,1367,3.615745020075467e-308
91,DFT_CRT,time_and_value_scaling_t0,wide,DEoptim,1368,3.198543672899645e-308
91,DFT_CRT,time_and_value_scaling_t0,wide,DEoptim,1369,4.032946372915479e-308
91,DFT_CRT,time_and_value_scaling_t0,wide,DEoptim,1370,4.0329463699369827e-308
91,DFT_CRT,time_and_value_scaling_t0,wide,DEoptim,1371,6.118953123328626e-308
91,DFT_CRT,time_and_value_scaling_t0,wide,DEoptim,1372,4.728281952048405e-308
91,DFT_CRT,time_and_value_scaling_t0,wide,DEoptim,1373,6.956615195895496e-308
91,DFT_CRT,time_and_value_scaling_t0,wide,DEoptim,1374,5.565944037566403e-308
91,DFT_CRT,time_and_value_scaling_t0,wide,DEoptim,1375,7.791017891734807e-308
91,DFT_CRT,time_and_value_scaling_t0,wide,DEoptim,1376,3.1985436717336183e-308
91,DFT_CRT,time_and_value_scaling_t0,wide,DEoptim,1377,5.006416181705961e-308
91,DFT_CRT,time_and_value_scaling_t0,wide,DEoptim,1378,6.118953113939197e-308
91,DFT_CRT,time_and_value_scaling_t0,wide,DEoptim,1379,5.562684661166178e-309
91,DFT_CRT,time_and_value_scaling_t0,wide,DEoptim,1380,8.90681421040882e-308
91,DFT_CRT,time_and_value_scaling_t0,wide,DEoptim,1381,1.0019351137201611e-307
91,DFT_CRT,time_and_value_scaling_t0,wide,DEoptim,1382,3.1985436717336183e-308
91,DFT_CRT,time_and_value_scaling_t0,wide,DEoptim,1383,4.0329463702283944e-308
91,DFT_CRT,time_and_value_scaling_t0,wide,DEoptim,1384,5.006416185138903e-308
91,DFT_CRT,time_and_value_scaling_t0,wide,DEoptim,1385,6.118953114457262e-308
91,DFT_CRT,time_and_value_scaling_t0,wide,DEoptim,1386,3.059476557163873e-308
91,DFT_CRT,time_and_value_scaling_t0,wide,DEoptim,1387,5.562684664404086e-309
91,DFT_CRT,time_and_value_scaling_t0,wide,DEoptim,1388,1.446949885434553e-307
91,DFT_CRT,time_and_value_scaling_t0,wide,DEoptim,1389,1.5582035784376229e-307
91,DFT_CRT,time_and_value_scaling_t0,wide,DEoptim,1390,1.613830424900303e-307
91,DFT_CRT,time_and_value_scaling_t0,wide,DEoptim,1391,1.5025767320915076e-307
91,DFT_CRT,time_and_value_scaling_t0,wide,DEoptim,1392,1.6694572712723215e-307
91,DFT_CRT,time_and_value_scaling_t0,wide,DEoptim,1393,2.781342323263518e-308
91,DFT_CRT,time_and_value_scaling_t0,wide,DEoptim,1394,2.7813423236002606e-307
91,DFT_CRT,time_and_value_scaling_t0,wide,DEoptim,1395,1.0682092870459077e-306
91,DFT_CRT,time_and_value_scaling_t0,wide,DEoptim,1396,1.892616535836029e-307
91,DFT_CRT,time_and_value_scaling_t0,wide,DEoptim,1397,5.785192035538562e-307
91,DFT_CRT,time_and_value_scaling_t0,wide,DEoptim,1398,1.6153514719367258e-307
91,DFT_CRT,time_and_value_scaling_t0,wide,DEoptim,1399,3.3037896657215664e-304
91,DFT_CRT,time_and_value_scaling_t0,wide,DEoptim,1400,3.5316372291244782e-304
91,DFT_CRT,time_and_value_scaling_t0,wide,DEoptim,1401,2.2263776136018816e-307
91,DFT_CRT,time_and_value_scaling_t0,wide,DEoptim,1402,2.1151239207801346e-307
91,DFT_CRT,time_and_value_scaling_t0,wide,DEoptim,1403,6.118953112708033e-308
91,DFT_CRT,time_and_value_scaling_t0,wide,DEoptim,1404,6.007699421544702e-307
91,DFT_CRT,time_and_value_scaling_t0,wide,DEoptim,1405,4.17201350542741e-309
91,DFT_CRT,time_and_value_scaling_t0,wide,DEoptim,1406,3.033053806279281e-306
91,DFT_CRT,time_and_value_scaling_t0,wide,DEoptim,1407,1.0019351137331127e-307
91,DFT_CRT,time_and_value_scaling_t0,wide,DEoptim,1408,2.6713923851738055e-307
91,DFT_CRT,time_and_value_scaling_t0,wide,DEoptim,1409,2.7826460780991656e-307
91,DFT_CRT,time_and_value_scaling_t0,wide,DEoptim,1410,2.560138692481575e-307
91,DFT_CRT,time_and_value_scaling_t0,wide,DEoptim,1411,3.1985436717336183e-308
91,DFT_CRT,time_and_value_scaling_t0,wide,DEoptim,1412,5.006416191031138e-308
91,DFT_CRT,time_and_value_scaling_t0,wide,DEoptim,1413,4.0329463709731134e-308
91,DFT_CRT,time_and_value_scaling_t0,wide,DEoptim,1414,6.118953115817184e-308
91,DFT_CRT,time_and_value_scaling_t0,wide,DEoptim,1415,1.5019248554509337e-307
91,DFT_CRT,time_and_value_scaling_t0,wide,DEoptim,1416,4.172013509636693e-309
91,DFT_CRT,time_and_value_scaling_t0,wide,DEoptim,1417,2.673565309729166e-306
91,DFT_CRT,time_and_value_scaling_t0,wide,DEoptim,1418,3.4501682354959064e-307
91,DFT_CRT,time_and_value_scaling_t0,wide,DEoptim,1419,3.78523306939257e-307
91,DFT_CRT,time_and_value_scaling_t0,wide,DEoptim,1420,4.00774045524329e-307
91,DFT_CRT,time_and_value_scaling_t0,wide,DEoptim,1421,4.23024784109401e-307
91,DFT_CRT,time_and_value_scaling_t0,wide,DEoptim,1422,3.562725684008109e-307
91,DFT_CRT,time_and_value_scaling_t0,wide,DEoptim,1423,3.1985436717336183e-308
91,DFT_CRT,time_and_value_scaling_t0,wide,DEoptim,1424,4.0329463712317667e-308
91,DFT_CRT,time_and_value_scaling_t0,wide,DEoptim,1425,4.0329463712969043e-308
91,DFT_CRT,time_and_value_scaling_t0,wide,DEoptim,1426,6.118953116464766e-308
91,DFT_CRT,time_and_value_scaling_t0,wide,DEoptim,1427,5.56268467347023e-309
91,DFT_CRT,time_and_value_scaling_t0,wide,DEoptim,1428,2.5032080914681833e-308
91,DFT_CRT,time_and_value_scaling_t0,wide,DEoptim,1429,1.023707809564884e-306
91,DFT_CRT,time_and_value_scaling_t0,wide,DEoptim,1430,2.781342325828043e-307
91,DFT_CRT,time_and_value_scaling_t0,wide,DEoptim,1431,2.0038702285544663e-307
91,DFT_CRT,time_and_value_scaling_t0,wide,DEoptim,1432,5.120277386051087e-307
91,DFT_CRT,time_and_value_scaling_t0,wide,DEoptim,1433,5.342784769000641e-307
91,DFT_CRT,time_and_value_scaling_t0,wide,DEoptim,1434,6.675221583489389e-308
91,DFT_CRT,time_and_value_scaling_t0,wide,DEoptim,1435,2.781342351955183e-309
91,DFT_CRT,time_and_value_scaling_t0,wide,DEoptim,1436,2.364140978680173e-308
91,DFT_CRT,time_and_value_scaling_t0,wide,DEoptim,1437,2.7625682624942924e-306
91,DFT_CRT,time_and_value_scaling_t0,wide,DEoptim,1438,2.781342328638446e-309
91,DFT_CRT,time_and_value_scaling_t0,wide,DEoptim,1439,3.1985436760413016e-308
91,DFT_CRT,time_and_value_scaling_t0,wide,DEoptim,1440,4.0329463701636363e-308
91,DFT_CRT,time_and_value_scaling_t0,wide,DEoptim,1441,4.032946371491179e-308
91,DFT_CRT,time_and_value_scaling_t0,wide,DEoptim,1442,6.118953116853315e-308
91,DFT_CRT,time_and_value_scaling_t0,wide,DEoptim,1443,5.562684675412975e-309
91,DFT_CRT,time_and_value_scaling_t0,wide,DEoptim,1444,1.3350443153633535e-307
91,DFT_CRT,time_and_value_scaling_t0,wide,DEoptim,1445,1.5019248554637335e-307
91,DFT_CRT,time_and_value_scaling_t0,wide,DEoptim,1446,4.17201351837525e-309
91,DFT_CRT,time_and_value_scaling_t0,wide,DEoptim,1447,2.7112524996749386e-305
91,DFT_CRT,time_and_value_scaling_t0,wide,DEoptim,1448,1.780406755072773e-306
91,DFT_CRT,time_and_value_scaling_t0,wide,DEoptim,1449,6.900336471302652e-307
91,DFT_CRT,time_and_value_scaling_t0,wide,DEoptim,1450,2.047415618217973e-306
91,DFT_CRT,time_and_value_scaling_t0,wide,DEoptim,1451,6.677829085918191e-307
91,DFT_CRT,time_and_value_scaling_t0,wide,DEoptim,1452,7.125451366358408e-307
91,DFT_CRT,time_and_value_scaling_t0,wide,DEoptim,1453,3.1985436717336183e-308
91,DFT_CRT,time_and_value_scaling_t0,wide,DEoptim,1454,4.032946373530682e-308
91,DFT_CRT,time_and_value_scaling_t0,wide,DEoptim,1455,6.118953117306622e-308
91,DFT_CRT,time_and_value_scaling_t0,wide,DEoptim,1456,4.1720135164363e-309
91,DFT_CRT,time_and_value_scaling_t0,wide,DEoptim,1457,2.284038319073649e-305
91,DFT_CRT,time_and_value_scaling_t0,wide,DEoptim,1458,4.227640332355233e-307
91,DFT_CRT,time_and_value_scaling_t0,wide,DEoptim,1459,9.795539997292342e-307
91,DFT_CRT,time_and_value_scaling_t0,wide,DEoptim,1460,1.0240554768993782e-306
91,DFT_CRT,time_and_value_scaling_t0,wide,DEoptim,1461,9.350525226523419e-307
91,DFT_CRT,time_and_value_scaling_t0,wide,DEoptim,1462,2.4264430427684155e-305
91,DFT_CRT,time_and_value_scaling_t0,wide,DEoptim,1463,2.781342328638446e-309
91,DFT_CRT,time_and_value_scaling_t0,wide,DEoptim,1464,2.364140980493402e-308
91,DFT_CRT,time_and_value_scaling_t0,wide,DEoptim,1465,3.1985436717336183e-308
91,DFT_CRT,time_and_value_scaling_t0,wide,DEoptim,1466,5.006416193427696e-308
91,DFT_CRT,time_and_value_scaling_t0,wide,DEoptim,1467,6.118953113939197e-308
91,DFT_CRT,time_and_value_scaling_t0,wide,DEoptim,1468,5.562684679946047e-309
91,DFT_CRT,time_and_value_scaling_t0,wide,DEoptim,1469,1.39067116901419e-309
91,DFT_CRT,time_and_value_scaling_t0,wide,DEoptim,1470,1.1575599084616168e-306
91,DFT_CRT,time_and_value_scaling_t0,wide,DEoptim,1471,1.113058431332918e-306
91,DFT_CRT,time_and_value_scaling_t0,wide,DEoptim,1472,2.781342323263518e-308
91,DFT_CRT,time_and_value_scaling_t0,wide,DEoptim,1473,2.7813423236002606e-307
91,DFT_CRT,time_and_value_scaling_t0,wide,DEoptim,1474,1.2465628635584017e-306
91,DFT_CRT,time_and_value_scaling_t0,wide,DEoptim,1475,1.5019248554637335e-307
91,DFT_CRT,time_and_value_scaling_t0,wide,DEoptim,1476,4.17201352032179e-309
91,DFT_CRT,time_and_value_scaling_t0,wide,DEoptim,1477,2.2829257817729686e-304
91,DFT_CRT,time_and_value_scaling_t0,wide,DEoptim,1478,2.5032080914681833e-308
91,DFT_CRT,time_and_value_scaling_t0,wide,DEoptim,1479,1.2020613860358518e-306
91,DFT_CRT,time_and_value_scaling_t0,wide,DEoptim,1480,3.893879255884923e-308
91,DFT_CRT,time_and_value_scaling_t0,wide,DEoptim,1481,1.514093227757028e-306
91,DFT_CRT,time_and_value_scaling_t0,wide,DEoptim,1482,1.603096182097316e-306
91,DFT_CRT,time_and_value_scaling_t0,wide,DEoptim,1483,1.692099136437604e-306
91,DFT_CRT,time_and_value_scaling_t0,wide,DEoptim,1484,1.7811020907778922e-306
91,DFT_CRT,time_and_value_scaling_t0,wide,DEoptim,1485,1.8701050451181803e-306
91,DFT_CRT,time_and_value_scaling_t0,wide,DEoptim,1486,1.4250902736032435e-306
91,DFT_CRT,time_and_value_scaling_t0,wide,DEoptim,1487,1.0012832366131766e-307
91,DFT_CRT,time_and_value_scaling_t0,wide,DEoptim,1488,2.3968495604370072e-304
91,DFT_CRT,time_and_value_scaling_t0,wide,DEoptim,1489,5.56268465177245e-309
91,DFT_CRT,time_and_value_scaling_t0,wide,DEoptim,1490,2.670088630726707e-307
91,DFT_CRT,time_and_value_scaling_t0,wide,DEoptim,1491,2.0481109544204348e-306
91,DFT_CRT,time_and_value_scaling_t0,wide,DEoptim,1492,2.1371139076002564e-306
91,DFT_CRT,time_and_value_scaling_t0,wide,DEoptim,1493,3.198543679603001e-308
91,DFT_CRT,time_and_value_scaling_t0,wide,DEoptim,1494,5.006416194269553e-308
91,DFT_CRT,time_and_value_scaling_t0,wide,DEoptim,1495,4.0329463724949305e-308
91,DFT_CRT,time_and_value_scaling_t0,wide,DEoptim,1496,6.118953118860818e-308
91,DFT_CRT,time_and_value_scaling_t0,wide,DEoptim,1497,2.78134236231649e-309
91,DFT_CRT,time_and_value_scaling_t0,wide,DEoptim,1498,2.3641409826951796e-308
91,DFT_CRT,time_and_value_scaling_t0,wide,DEoptim,1499,3.1985436717336183e-308
91,DFT_CRT,time_and_value_scaling_t0,wide,DEoptim,1500,5.006416193427696e-308
91,DFT_CRT,time_and_value_scaling_t0,wide,DEoptim,1501,6.118953117759929e-308
91,DFT_CRT,time_and_value_scaling_t0,wide,DEoptim,1502,2.781342363287863e-309
91,DFT_CRT,time_and_value_scaling_t0,wide,DEoptim,1503,2.364140974730051e-308
91,DFT_CRT,time_and_value_scaling_t0,wide,DEoptim,1504,3.1985436717336183e-308
91,DFT_CRT,time_and_value_scaling_t0,wide,DEoptim,1505,5.006416193427696e-308
91,DFT_CRT,time_and_value_scaling_t0,wide,DEoptim,1506,6.118953111089078e-308
91,DFT_CRT,time_and_value_scaling_t0,wide,DEoptim,1507,5.562684686745656e-309
91,DFT_CRT,time_and_value_scaling_t0,wide,DEoptim,1508,2.5032080914681833e-308
91,DFT_CRT,time_and_value_scaling_t0,wide,DEoptim,1509,2.760134589432856e-306
91,DFT_CRT,time_and_value_scaling_t0,wide,DEoptim,1510,5.340177267049127e-307
91,DFT_CRT,time_and_value_scaling_t0,wide,DEoptim,1511,3.3435863319883046e-308
91,DFT_CRT,time_and_value_scaling_t0,wide,DEoptim,1512,1.7088567235987801e-304
91,DFT_CRT,time_and_value_scaling_t0,wide,DEoptim,1513,3.028186456757413e-306
91,DFT_CRT,time_and_value_scaling_t0,wide,DEoptim,1514,2.6711316354241297e-306
91,DFT_CRT,time_and_value_scaling_t0,wide,DEoptim,1515,3.206192363117056e-306
91,DFT_CRT,time_and_value_scaling_t0,wide,DEoptim,1516,3.1985436729006567e-308
91,DFT_CRT,time_and_value_scaling_t0,wide,DEoptim,1517,4.032946374016368e-308
91,DFT_CRT,time_and_value_scaling_t0,wide,DEoptim,1518,4.0329463728187213e-308
91,DFT_CRT,time_and_value_scaling_t0,wide,DEoptim,1519,5.562684654881599e-308
91,DFT_CRT,time_and_value_scaling_t0,wide,DEoptim,1520,2.0648685412086037e-305
91,DFT_CRT,time_and_value_scaling_t0,wide,DEoptim,1521,3.3841982732482154e-306
91,DFT_CRT,time_and_value_scaling_t0,wide,DEoptim,1522,6.965306888259237e-308
91,DFT_CRT,time_and_value_scaling_t0,wide,DEoptim,1523,5.56268465177245e-309
91,DFT_CRT,time_and_value_scaling_t0,wide,DEoptim,1524,2.447581244875987e-307
91,DFT_CRT,time_and_value_scaling_t0,wide,DEoptim,1525,3.9182159978393606e-306
91,DFT_CRT,time_and_value_scaling_t0,wide,DEoptim,1526,3.1985436750700555e-308
91,DFT_CRT,time_and_value_scaling_t0,wide,DEoptim,1527,5.00641619698889e-308
91,DFT_CRT,time_and_value_scaling_t0,wide,DEoptim,1528,5.006416190449073e-308
91,DFT_CRT,time_and_value_scaling_t0,wide,DEoptim,1529,6.118953119767432e-308
91,DFT_CRT,time_and_value_scaling_t0,wide,DEoptim,1530,3.8938792567591585e-308
91,DFT_CRT,time_and_value_scaling_t0,wide,DEoptim,1531,4.808245542319817e-306
91,DFT_CRT,time_and_value_scaling_t0,wide,DEoptim,1532,4.630239634012248e-306
91,DFT_CRT,time_and_value_scaling_t0,wide,DEoptim,1533,1.0012832366131766e-307
91,DFT_CRT,time_and_value_scaling_t0,wide,DEoptim,1534,3.6157450202037186e-308
91,DFT_CRT,time_and_value_scaling_t0,wide,DEoptim,1535,2.7813423242348907e-308
91,DFT_CRT,time_and_value_scaling_t0,wide,DEoptim,1536,2.781342324118427e-307
91,DFT_CRT,time_and_value_scaling_t0,wide,DEoptim,1537,6.6763080398924e-308
91,DFT_CRT,time_and_value_scaling_t0,wide,DEoptim,1538,6.118953112708033e-308
91,DFT_CRT,time_and_value_scaling_t0,wide,DEoptim,1539,3.059476556775071e-308
91,DFT_CRT,time_and_value_scaling_t0,wide,DEoptim,1540,4.728281958524222e-308
91,DFT_CRT,time_and_value_scaling_t0,wide,DEoptim,1541,5.164257360095422e-306
91,DFT_CRT,time_and_value_scaling_t0,wide,DEoptim,1542,5.700361091511808e-306
91,DFT_CRT,time_and_value_scaling_t0,wide,DEoptim,1543,2.7813423262761644e-308
91,DFT_CRT,time_and_value_scaling_t0,wide,DEoptim,1544,1.6131785492570049e-307
91,DFT_CRT,time_and_value_scaling_t0,wide,DEoptim,1545,3.1985436732230563e-308
91,DFT_CRT,time_and_value_scaling_t0,wide,DEoptim,1546,5.284550423410055e-308
91,DFT_CRT,time_and_value_scaling_t0,wide,DEoptim,1547,7.124408363526021e-306
91,DFT_CRT,time_and_value_scaling_t0,wide,DEoptim,1548,7.480420186192163e-306
91,DFT_CRT,time_and_value_scaling_t0,wide,DEoptim,1549,1.668805395719685e-307
91,DFT_CRT,time_and_value_scaling_t0,wide,DEoptim,1550,2.781342339323545e-309
91,DFT_CRT,time_and_value_scaling_t0,wide,DEoptim,1551,2.364140977838443e-308
91,DFT_CRT,time_and_value_scaling_t0,wide,DEoptim,1552,3.6157450202037186e-308
91,DFT_CRT,time_and_value_scaling_t0,wide,DEoptim,1553,2.7813423259833613e-308
91,DFT_CRT,time_and_value_scaling_t0,wide,DEoptim,1554,4.728281952565712e-308
91,DFT_CRT,time_and_value_scaling_t0,wide,DEoptim,1555,7.836431998662778e-306
91,DFT_CRT,time_and_value_scaling_t0,wide,DEoptim,1556,3.198543671636481e-308
91,DFT_CRT,time_and_value_scaling_t0,wide,DEoptim,1557,4.032946373433924e-308
91,DFT_CRT,time_and_value_scaling_t0,wide,DEoptim,1558,4.032946373498682e-308
91,DFT_CRT,time_and_value_scaling_t0,wide,DEoptim,1559,4.3110806058444614e-308
91,DFT_CRT,time_and_value_scaling_t0,wide,DEoptim,1560,4.032946370681322e-308
91,DFT_CRT,time_and_value_scaling_t0,wide,DEoptim,1561,4.3110806058768405e-308
91,DFT_CRT,time_and_value_scaling_t0,wide,DEoptim,1562,6.118953117370621e-308
91,DFT_CRT,time_and_value_scaling_t0,wide,DEoptim,1563,1.390671210787006e-309
91,DFT_CRT,time_and_value_scaling_t0,wide,DEoptim,1564,8.344027020240965e-309
91,DFT_CRT,time_and_value_scaling_t0,wide,DEoptim,1565,8.224288e-317
91,DFT_CRT,time_and_value_scaling_t0,wide,DEoptim,1566,1.2516125334258437e-308
91,DFT_CRT,time_and_value_scaling_t0,wide,DEoptim,1567,4.778311916278691e-299
91,DFT_CRT,time_and_value_scaling_t0,wide,DEoptim,1568,-5727786203457123e235
91,DFT_CRT,time_and_value_scaling_t0,wide,DEoptim,1569,8.814425663402488e-280
91,DFT_CRT,time_and_value_scaling_t0,wide,DEoptim,1570,2.105417699e-314
91,DFT_CRT,time_and_value_scaling_t0,wide,DEoptim,1571,2.4834631584438887e-265
91,DFT_CRT,time_and_value_scaling_t0,wide,DEoptim,1572,3126701638397969e170
91,DFT_CRT,time_and_value_scaling_t0,wide,DEoptim,1573,5496848185032643e232
91,DFT_CRT,time_and_value_scaling_t0,wide,DEoptim,1574,4.778311799558317e-299
91,DFT_CRT,time_and_value_scaling_t0,wide,DEoptim,1575,2.105417699e-314
91,DFT_CRT,time_and_value_scaling_t0,wide,DEoptim,1576,7.291122454141135e-304
91,DFT_CRT,time_and_value_scaling_t0,wide,DEoptim,1577,8.814425958931142e-280
91,DFT_CRT,time_and_value_scaling_t0,wide,DEoptim,1578,6.2143479217554e-310
91,DFT_CRT,time_and_value_scaling_t0,wide,DEoptim,1579,1.37980654311726e-309
91,DFT_CRT,time_and_value_scaling_t0,wide,DEoptim,1580,1.37980654311979e-309
91,DFT_CRT,time_and_value_scaling_t0,wide,DEoptim,1581,5.432309533484e-312
91,DFT_CRT,time_and_value_scaling_t0,wide,DEoptim,1582,1.379806543124848e-309
91,DFT_CRT,time_and_value_scaling_t0,wide,DEoptim,1583,2.0527694427391904e-289
91,DFT_CRT,time_and_value_scaling_t0,wide,DEoptim,1584,7250938240381586e208
91,DFT_CRT,time_and_value_scaling_t0,wide,DEoptim,1585,26493665503553675e164
91,DFT_CRT,time_and_value_scaling_t0,wide,DEoptim,1586,9067567076464116e256
91,DFT_CRT,time_and_value_scaling_t0,wide,DEoptim,1587,5.73e-322
91,DFT_CRT,time_and_value_scaling_t0,wide,DEoptim,1588,4.2439917074e-314
91,DFT_CRT,time_and_value_scaling_t0,wide,DEoptim,1589,5.17766973121e-312
91,DFT_CRT,time_and_value_scaling_t0,wide,DEoptim,1590,1.2731974747e-313
91,DFT_CRT,time_and_value_scaling_t0,wide,DEoptim,1591,1.255e-321
91,DFT_CRT,time_and_value_scaling_t0,wide,DEoptim,1592,1.90980916355e-313
91,DFT_CRT,time_and_value_scaling_t0,wide,DEoptim,1593,5835530399415615e237
91,DFT_CRT,time_and_value_scaling_t0,wide,DEoptim,1594,-8371161056012723e283
91,DFT_CRT,time_and_value_scaling_t0,wide,DEoptim,1595,-8371161180752742e283
91,DFT_CRT,time_and_value_scaling_t0,wide,DEoptim,1596,7.291122019556398e-304
91,DFT_CRT,time_and_value_scaling_t0,wide,DEoptim,1597,2.376364537543317e-212
91,DFT_CRT,time_and_value_scaling_t0,wide,DEoptim,1598,4764898857029466e165
91,DFT_CRT,time_and_value_scaling_t0,wide,DEoptim,1599,9076802024638043e208
91,DFT_CRT,time_and_value_scaling_t0,wide,DEoptim,1600,9.65427665e-315
91,DFT_CRT,time_and_value_scaling_t0,wide,DEoptim,1601,4.778314248086561e-299
91,DFT_CRT,time_and_value_scaling_t0,wide,DEoptim,1602,2.4834631584438887e-265
91,DFT_CRT,time_and_value_scaling_t0,wide,DEoptim,1603,9.074788076293038e-307
91,DFT_CRT,time_and_value_scaling_t0,wide,DEoptim,1604,1.390671161567001e-308
91,DFT_CRT,time_and_value_scaling_t0,wide,DEoptim,1605,1.39067116189079e-309
91,DFT_CRT,time_and_value_scaling_t0,wide,DEoptim,1606,6.835426893334123e-304
91,DFT_CRT,time_and_value_scaling_t0,wide,DEoptim,1607,6.8354268934402224e-304
91,DFT_CRT,time_and_value_scaling_t0,wide,DEoptim,1608,4.172013563705973e-309
91,DFT_CRT,time_and_value_scaling_t0,wide,DEoptim,1609,6.835426893652422e-304
91,DFT_CRT,time_and_value_scaling_t0,wide,DEoptim,1610,1.390671161567e-309
91,DFT_CRT,time_and_value_scaling_t0,wide,DEoptim,1611,1.2197274441881884e-19
91,DFT_CRT,time_and_value_scaling_t0,wide,DEoptim,1612,4.243991604e-314
91,DFT_CRT,time_and_value_scaling_t0,wide,DEoptim,1613,1.27319748713e-313
91,DFT_CRT,time_and_value_scaling_t0,wide,DEoptim,1614,1.255e-321
91,DFT_CRT,time_and_value_scaling_t0,wide,DEoptim,1615,1.90980916355e-313
91,DFT_CRT,time_and_value_scaling_t0,wide,DEoptim,1616,1.086461849528e-311
91,DFT_CRT,time_and_value_scaling_t0,wide,DEoptim,1617,3.2126e-319
91,DFT_CRT,time_and_value_scaling_t0,wide,DEoptim,1618,4.8891114586947e-311
91,DFT_CRT,time_and_value_scaling_t0,wide,DEoptim,1619,12959154821039776e145
91,DFT_CRT,time_and_value_scaling_t0,wide,DEoptim,1620,1.086461859573e-311
91,DFT_CRT,time_and_value_scaling_t0,wide,DEoptim,1621,3.2126e-319
91,DFT_CRT,time_and_value_scaling_t0,wide,DEoptim,1622,4.8891114586947e-311
91,DFT_CRT,time_and_value_scaling_t0,wide,DEoptim,1623,1.2636789797610752e-306
91,DFT_CRT,time_and_value_scaling_t0,wide,DEoptim,1624,6.835426893334123e-304
91,DFT_CRT,time_and_value_scaling_t0,wide,DEoptim,1625,6.8354268934402224e-304
91,DFT_CRT,time_and_value_scaling_t0,wide,DEoptim,1626,5.562684725272974e-309
91,DFT_CRT,time_and_value_scaling_t0,wide,DEoptim,1627,6.835426893652422e-304
91,DFT_CRT,time_and_value_scaling_t0,wide,DEoptim,1628,1.390671161567e-309
91,DFT_CRT,time_and_value_scaling_t0,wide,DEoptim,1629,1.51803012923389e-101
91,DFT_CRT,time_and_value_scaling_t0,wide,DEoptim,1630,-8371161056012723e283
91,DFT_CRT,time_and_value_scaling_t0,wide,DEoptim,1631,1.3449758415921515e-284
91,DFT_CRT,time_and_value_scaling_t0,wide,DEoptim,1632,-8371161180752742e283
91,DFT_CRT,time_and_value_scaling_t0,wide,DEoptim,1633,-185156687321787e290
91,DFT_CRT,time_and_value_scaling_t0,wide,DEoptim,1634,-8371161056012723e283
91,DFT_CRT,time_and_value_scaling_t0,wide,DEoptim,1635,-1920143424077791e289
91,DFT_CRT,time_and_value_scaling_t0,wide,DEoptim,1636,-8371161056012723e283
91,DFT_CRT,time_and_value_scaling_t0,wide,DEoptim,1637,-19887199749377121e288
91,DFT_CRT,time_and_value_scaling_t0,wide,DEoptim,1638,-8371160993642713e283
91,DFT_CRT,time_and_value_scaling_t0,wide,DEoptim,1639,-8371161056012723e283
91,DFT_CRT,time_and_value_scaling_t0,wide,DEoptim,1640,4.5767114681873503e-246
91,DFT_CRT,time_and_value_scaling_t0,wide,DEoptim,1641,7.291122046717944e-304
91,DFT_CRT,time_and_value_scaling_t0,wide,DEoptim,1642,-8371160993642713e283
91,DFT_CRT,time_and_value_scaling_t0,wide,DEoptim,1643,-8371160993642713e283
91,DFT_CRT,time_and_value_scaling_t0,wide,DEoptim,1644,-8371161056012723e283
91,DFT_CRT,time_and_value_scaling_t0,wide,DEoptim,1645,8.814433675458324e-280
91,DFT_CRT,time_and_value_scaling_t0,wide,DEoptim,1646,-8371161180752742e283
91,DFT_CRT,time_and_value_scaling_t0,wide,DEoptim,1647,-15772606697781855e288
91,DFT_CRT,time_and_value_scaling_t0,wide,DEoptim,1648,-8371161056012723e283
91,DFT_CRT,time_and_value_scaling_t0,wide,DEoptim,1649,-8371161180752742e283
91,DFT_CRT,time_and_value_scaling_t0,wide,DEoptim,1650,-13715310171984222e288
91,DFT_CRT,time_and_value_scaling_t0,wide,DEoptim,1651,-8371161056012723e283
91,DFT_CRT,time_and_value_scaling_t0,wide,DEoptim,1652,-8371161180752742e283
91,DFT_CRT,time_and_value_scaling_t0,wide,DEoptim,1653,-17829903223579488e288
91,DFT_CRT,time_and_value_scaling_t0,wide,DEoptim,1654,-8371161056012723e283
91,DFT_CRT,time_and_value_scaling_t0,wide,DEoptim,1655,-8371161180752742e283
91,DFT_CRT,time_and_value_scaling_t0,wide,DEoptim,1656,-185156687321787e290
91,DFT_CRT,time_and_value_scaling_t0,wide,DEoptim,1657,-8371161056012723e283
91,DFT_CRT,time_and_value_scaling_t0,wide,DEoptim,1658,-1920143424077791e289
91,DFT_CRT,time_and_value_scaling_t0,wide,DEoptim,1659,-8371161056012723e283
91,DFT_CRT,time_and_value_scaling_t0,wide,DEoptim,1660,-19887199749377121e288
91,DFT_CRT,time_and_value_scaling_t0,wide,DEoptim,1661,-8371160993642713e283
91,DFT_CRT,time_and_value_scaling_t0,wide,DEoptim,1662,-8371161056012723e283
91,DFT_CRT,time_and_value_scaling_t0,wide,DEoptim,1663,-8371161180752742e283
91,DFT_CRT,time_and_value_scaling_t0,wide,DEoptim,1664,7.291122019556398e-304
91,DFT_CRT,time_and_value_scaling_t0,wide,DEoptim,1665,7.29112226401197e-304
91,DFT_CRT,time_and_value_scaling_t0,wide,DEoptim,1666,4.243991604e-314
91,DFT_CRT,time_and_value_scaling_t0,wide,DEoptim,1667,1.27319748713e-313
91,DFT_CRT,time_and_value_scaling_t0,wide,DEoptim,1668,1.2338789709327463e-178
91,DFT_CRT,time_and_value_scaling_t0,wide,DEoptim,1669,4.243991708e-314
91,DFT_CRT,time_and_value_scaling_t0,wide,DEoptim,1670,8.086349223904846e-174
91,DFT_CRT,time_and_value_scaling_t0,wide,DEoptim,1671,4.243991708e-314
91,DFT_CRT,time_and_value_scaling_t0,wide,DEoptim,1672,5.29946982737828e-169
91,DFT_CRT,time_and_value_scaling_t0,wide,DEoptim,1673,1.26e-321
91,DFT_CRT,time_and_value_scaling_t0,wide,DEoptim,1674,4.2439917074e-314
91,DFT_CRT,time_and_value_scaling_t0,wide,DEoptim,1675,1.255e-321
91,DFT_CRT,time_and_value_scaling_t0,wide,DEoptim,1676,2.1219957974e-314
91,DFT_CRT,time_and_value_scaling_t0,wide,DEoptim,1677,5e-324
91,DFT_CRT,time_and_value_scaling_t0,wide,DEoptim,1678,1.255e-321
91,DFT_CRT,time_and_value_scaling_t0,wide,DEoptim,1679,4.2439917074e-314
91,DFT_CRT,time_and_value_scaling_t0,wide,DEoptim,1680,1.27319748713e-313
91,DFT_CRT,time_and_value_scaling_t0,wide,DEoptim,1681,1.255e-321
91,DFT_CRT,time_and_value_scaling_t0,wide,DEoptim,1682,1.90980916355e-313
91,DFT_CRT,time_and_value_scaling_t0,wide,DEoptim,1683,2.781342356293484e-309
91,DFT_CRT,time_and_value_scaling_t0,wide,DEoptim,1684,8.344027051644884e-309
91,DFT_CRT,time_and_value_scaling_t0,wide,DEoptim,1685,8.224288e-317
91,DFT_CRT,time_and_value_scaling_t0,wide,DEoptim,1686,1.2516125334258437e-308
91,DFT_CRT,time_and_value_scaling_t0,wide,DEoptim,1687,1.299474398166e-312
91,DFT_CRT,time_and_value_scaling_t0,wide,DEoptim,1688,5.38986930906e-312
91,DFT_CRT,time_and_value_scaling_t0,wide,DEoptim,1689,5.38986930908e-312
91,DFT_CRT,time_and_value_scaling_t0,wide,DEoptim,1690,5.413327309397e-312
91,DFT_CRT,time_and_value_scaling_t0,wide,DEoptim,1691,5.38986930906e-312
91,DFT_CRT,time_and_value_scaling_t0,wide,DEoptim,1692,5.41341019986e-312
91,DFT_CRT,time_and_value_scaling_t0,wide,DEoptim,1693,5.38986930906e-312
91,DFT_CRT,time_and_value_scaling_t0,wide,DEoptim,1694,5.41349309032e-312
91,DFT_CRT,time_and_value_scaling_t0,wide,DEoptim,1695,5.38986930905e-312
91,DFT_CRT,time_and_value_scaling_t0,wide,DEoptim,1696,5.38986930906e-312
91,DFT_CRT,time_and_value_scaling_t0,wide,DEoptim,1697,2.97079410735e-313
91,DFT_CRT,time_and_value_scaling_t0,wide,DEoptim,1698,5e-324
91,DFT_CRT,time_and_value_scaling_t0,wide,DEoptim,1699,0
91,DFT_CRT,time_and_value_scaling_t0,wide,DEoptim,1700,4.2439917074e-314
91,DFT_CRT,time_and_value_scaling_t0,wide,DEoptim,1701,1.27319748713e-313
91,DFT_CRT,time_and_value_scaling_t0,wide,DEoptim,1702,1.255e-321
91,DFT_CRT,time_and_value_scaling_t0,wide,DEoptim,1703,1.90980916355e-313
91,DFT_CRT,time_and_value_scaling_t0,wide,DEoptim,1704,3600617448582024e237
91,DFT_CRT,time_and_value_scaling_t0,wide,DEoptim,1705,1.7263178107908138e-306
91,DFT_CRT,time_and_value_scaling_t0,wide,DEoptim,1706,6.835426893334123e-304
91,DFT_CRT,time_and_value_scaling_t0,wide,DEoptim,1707,6.835426893334123e-304
91,DFT_CRT,time_and_value_scaling_t0,wide,DEoptim,1708,6.835426893334123e-304
91,DFT_CRT,time_and_value_scaling_t0,wide,DEoptim,1709,7.085525195136432e-304
91,DFT_CRT,time_and_value_scaling_t0,wide,DEoptim,1710,1.390671161567001e-308
91,DFT_CRT,time_and_value_scaling_t0,wide,DEoptim,1711,1.39067116189079e-309
91,DFT_CRT,time_and_value_scaling_t0,wide,DEoptim,1712,6.835426893334123e-304
91,DFT_CRT,time_and_value_scaling_t0,wide,DEoptim,1713,6.8354268934402224e-304
91,DFT_CRT,time_and_value_scaling_t0,wide,DEoptim,1714,9.734698209973976e-309
91,DFT_CRT,time_and_value_scaling_t0,wide,DEoptim,1715,6.835426893652422e-304
91,DFT_CRT,time_and_value_scaling_t0,wide,DEoptim,1716,7.091755401834152e-304
91,DFT_CRT,time_and_value_scaling_t0,wide,DEoptim,1717,6.8354268934402224e-304
91,DFT_CRT,time_and_value_scaling_t0,wide,DEoptim,1718,1.1125369371540977e-308
91,DFT_CRT,time_and_value_scaling_t0,wide,DEoptim,1719,6.835426893652422e-304
91,DFT_CRT,time_and_value_scaling_t0,wide,DEoptim,1720,1.390671161567e-309
91,DFT_CRT,time_and_value_scaling_t0,wide,DEoptim,1721,9343878385673456e182
91,DFT_CRT,time_and_value_scaling_t0,wide,DEoptim,1722,11707515860281638e198
91,DFT_CRT,time_and_value_scaling_t0,wide,DEoptim,1723,-8371161056012723e283
91,DFT_CRT,time_and_value_scaling_t0,wide,DEoptim,1724,-6514772331692505e288
91,DFT_CRT,time_and_value_scaling_t0,wide,DEoptim,1725,-8371161056012723e283
91,DFT_CRT,time_and_value_scaling_t0,wide,DEoptim,1726,1.2882297539194267e-231
91,DFT_CRT,time_and_value_scaling_t0,wide,DEoptim,1727,2.4834631584438887e-265
91,DFT_CRT,time_and_value_scaling_t0,wide,DEoptim,1728,1.264881296152023e-306
91,DFT_CRT,time_and_value_scaling_t0,wide,DEoptim,1729,6.835426893334123e-304
91,DFT_CRT,time_and_value_scaling_t0,wide,DEoptim,1730,6.8354268934402224e-304
91,DFT_CRT,time_and_value_scaling_t0,wide,DEoptim,1731,6.835426893652422e-304
91,DFT_CRT,time_and_value_scaling_t0,wide,DEoptim,1732,7.081075047313318e-304
91,DFT_CRT,time_and_value_scaling_t0,wide,DEoptim,1733,6.8354268934402224e-304
91,DFT_CRT,time_and_value_scaling_t0,wide,DEoptim,1734,1.251604053310798e-308
91,DFT_CRT,time_and_value_scaling_t0,wide,DEoptim,1735,6.835426893652422e-304
91,DFT_CRT,time_and_value_scaling_t0,wide,DEoptim,1736,7.086415224573735e-304
91,DFT_CRT,time_and_value_scaling_t0,wide,DEoptim,1737,6.8354268934402224e-304
91,DFT_CRT,time_and_value_scaling_t0,wide,DEoptim,1738,7.065944545075469e-304
91,DFT_CRT,time_and_value_scaling_t0,wide,DEoptim,1739,6.8354268934402224e-304
91,DFT_CRT,time_and_value_scaling_t0,wide,DEoptim,1740,1.390671169467498e-308
91,DFT_CRT,time_and_value_scaling_t0,wide,DEoptim,1741,6.835426893652422e-304
91,DFT_CRT,time_and_value_scaling_t0,wide,DEoptim,1742,1.390671161567e-309
91,DFT_CRT,time_and_value_scaling_t0,wide,DEoptim,1743,9725427115413975e163
91,DFT_CRT,time_and_value_scaling_t0,wide,DEoptim,1744,52856144961062585e164
91,DFT_CRT,time_and_value_scaling_t0,wide,DEoptim,1745,6696947085476963e136
91,DFT_CRT,time_and_value_scaling_t0,wide,DEoptim,1746,1.7315179102648678e-306
91,DFT_CRT,time_and_value_scaling_t0,wide,DEoptim,1747,6.8354268934402224e-304
91,DFT_CRT,time_and_value_scaling_t0,wide,DEoptim,1748,7.065054515532066e-304
91,DFT_CRT,time_and_value_scaling_t0,wide,DEoptim,1749,6.8354268934402224e-304
91,DFT_CRT,time_and_value_scaling_t0,wide,DEoptim,1750,7.0757348700529e-304
91,DFT_CRT,time_and_value_scaling_t0,wide,DEoptim,1751,6.8354268934402224e-304
91,DFT_CRT,time_and_value_scaling_t0,wide,DEoptim,1752,7.079294988226512e-304
91,DFT_CRT,time_and_value_scaling_t0,wide,DEoptim,1753,6.835426893334123e-304
91,DFT_CRT,time_and_value_scaling_t0,wide,DEoptim,1754,6.835426893334123e-304
91,DFT_CRT,time_and_value_scaling_t0,wide,DEoptim,1755,6.8354268934402224e-304
91,DFT_CRT,time_and_value_scaling_t0,wide,DEoptim,1756,1.529738285624198e-308
91,DFT_CRT,time_and_value_scaling_t0,wide,DEoptim,1757,6.835426893652422e-304
91,DFT_CRT,time_and_value_scaling_t0,wide,DEoptim,1758,7.091755401834152e-304
91,DFT_CRT,time_and_value_scaling_t0,wide,DEoptim,1759,6.8354268934402224e-304
91,DFT_CRT,time_and_value_scaling_t0,wide,DEoptim,1760,1.668805401780898e-308
91,DFT_CRT,time_and_value_scaling_t0,wide,DEoptim,1761,6.835426893652422e-304
91,DFT_CRT,time_and_value_scaling_t0,wide,DEoptim,1762,1.390671161567e-309
91,DFT_CRT,time_and_value_scaling_t0,wide,DEoptim,1763,8596368114882235e182
91,DFT_CRT,time_and_value_scaling_t0,wide,DEoptim,1764,5.88990885599954e-310
91,DFT_CRT,time_and_value_scaling_t0,wide,DEoptim,1765,1.37980654311979e-309
91,DFT_CRT,time_and_value_scaling_t0,wide,DEoptim,1766,1.38530251221586e-309
91,DFT_CRT,time_and_value_scaling_t0,wide,DEoptim,1767,1.37980654311726e-309
91,DFT_CRT,time_and_value_scaling_t0,wide,DEoptim,1768,1.37980654311979e-309
91,DFT_CRT,time_and_value_scaling_t0,wide,DEoptim,1769,7.0620020231937e-311
91,DFT_CRT,time_and_value_scaling_t0,wide,DEoptim,1770,1.379806543124848e-309
91,DFT_CRT,time_and_value_scaling_t0,wide,DEoptim,1771,1.38579057124778e-309
91,DFT_CRT,time_and_value_scaling_t0,wide,DEoptim,1772,1.37980654311979e-309
91,DFT_CRT,time_and_value_scaling_t0,wide,DEoptim,1773,1.38530251221586e-309
91,DFT_CRT,time_and_value_scaling_t0,wide,DEoptim,1774,1.37980654311979e-309
91,DFT_CRT,time_and_value_scaling_t0,wide,DEoptim,1775,8.691694759794e-311
91,DFT_CRT,time_and_value_scaling_t0,wide,DEoptim,1776,4.8891114586947e-311
91,DFT_CRT,time_and_value_scaling_t0,wide,DEoptim,1777,31087992147042457e159
91,DFT_CRT,time_and_value_scaling_t0,wide,DEoptim,1778,1.8184402902332296e-306
91,DFT_CRT,time_and_value_scaling_t0,wide,DEoptim,1779,6.835426893334123e-304
91,DFT_CRT,time_and_value_scaling_t0,wide,DEoptim,1780,6.835426893334123e-304
91,DFT_CRT,time_and_value_scaling_t0,wide,DEoptim,1781,6.835426893334123e-304
91,DFT_CRT,time_and_value_scaling_t0,wide,DEoptim,1782,6.835426893334123e-304
91,DFT_CRT,time_and_value_scaling_t0,wide,DEoptim,1783,6.8354268934402224e-304
91,DFT_CRT,time_and_value_scaling_t0,wide,DEoptim,1784,1.946939634094298e-308
91,DFT_CRT,time_and_value_scaling_t0,wide,DEoptim,1785,6.835426893652422e-304
91,DFT_CRT,time_and_value_scaling_t0,wide,DEoptim,1786,7.091755401834152e-304
91,DFT_CRT,time_and_value_scaling_t0,wide,DEoptim,1787,6.8354268934402224e-304
91,DFT_CRT,time_and_value_scaling_t0,wide,DEoptim,1788,2.0860067502509983e-308
91,DFT_CRT,time_and_value_scaling_t0,wide,DEoptim,1789,6.835426893652422e-304
91,DFT_CRT,time_and_value_scaling_t0,wide,DEoptim,1790,1.390671161567e-309
91,DFT_CRT,time_and_value_scaling_t0,wide,DEoptim,1791,1.3295489211159269e-125
91,DFT_CRT,time_and_value_scaling_t0,wide,DEoptim,1792,4.2439916007e-314
91,DFT_CRT,time_and_value_scaling_t0,wide,DEoptim,1793,5.17766973121e-312
91,DFT_CRT,time_and_value_scaling_t0,wide,DEoptim,1794,1.27319747537e-313
91,DFT_CRT,time_and_value_scaling_t0,wide,DEoptim,1795,1.255e-321
91,DFT_CRT,time_and_value_scaling_t0,wide,DEoptim,1796,1.90980916355e-313
91,DFT_CRT,time_and_value_scaling_t0,wide,DEoptim,1797,9286017401655093e227
91,DFT_CRT,time_and_value_scaling_t0,wide,DEoptim,1798,2.427484823655e-312
91,DFT_CRT,time_and_value_scaling_t0,wide,DEoptim,1799,5.38986930906e-312
91,DFT_CRT,time_and_value_scaling_t0,wide,DEoptim,1800,5.411337938343e-312
91,DFT_CRT,time_and_value_scaling_t0,wide,DEoptim,1801,5.38986930905e-312
91,DFT_CRT,time_and_value_scaling_t0,wide,DEoptim,1802,5.38986930906e-312
91,DFT_CRT,time_and_value_scaling_t0,wide,DEoptim,1803,3.6073928567e-313
91,DFT_CRT,time_and_value_scaling_t0,wide,DEoptim,1804,5.38986930908e-312
91,DFT_CRT,time_and_value_scaling_t0,wide,DEoptim,1805,5.562705866225913e-309
91,DFT_CRT,time_and_value_scaling_t0,wide,DEoptim,1806,3.3682439189996e-310
91,DFT_CRT,time_and_value_scaling_t0,wide,DEoptim,1807,1.37980654311979e-309
91,DFT_CRT,time_and_value_scaling_t0,wide,DEoptim,1808,9.7781566356293e-311
91,DFT_CRT,time_and_value_scaling_t0,wide,DEoptim,1809,1.379806543124848e-309
91,DFT_CRT,time_and_value_scaling_t0,wide,DEoptim,1810,2.0527694427391904e-289
91,DFT_CRT,time_and_value_scaling_t0,wide,DEoptim,1811,3633865318745232e165
91,DFT_CRT,time_and_value_scaling_t0,wide,DEoptim,1812,4.778311586091917e-299
91,DFT_CRT,time_and_value_scaling_t0,wide,DEoptim,1813,2.105417699e-314
91,DFT_CRT,time_and_value_scaling_t0,wide,DEoptim,1814,2.113803882e-314
91,DFT_CRT,time_and_value_scaling_t0,wide,DEoptim,1815,4.778314248086561e-299
91,DFT_CRT,time_and_value_scaling_t0,wide,DEoptim,1816,2.105417699e-314
91,DFT_CRT,time_and_value_scaling_t0,wide,DEoptim,1817,7.291122399818043e-304
91,DFT_CRT,time_and_value_scaling_t0,wide,DEoptim,1818,3.03865e-319
91,DFT_CRT,time_and_value_scaling_t0,wide,DEoptim,1819,-8371160993642713e283
91,DFT_CRT,time_and_value_scaling_t0,wide,DEoptim,1820,-8371160993642713e283
91,DFT_CRT,time_and_value_scaling_t0,wide,DEoptim,1821,-8371161056012723e283
91,DFT_CRT,time_and_value_scaling_t0,wide,DEoptim,1822,-8371161180752742e283
91,DFT_CRT,time_and_value_scaling_t0,wide,DEoptim,1823,-13715310171984222e288
91,DFT_CRT,time_and_value_scaling_t0,wide,DEoptim,1824,-8371161056012723e283
91,DFT_CRT,time_and_value_scaling_t0,wide,DEoptim,1825,3.626047695793045e-217
91,DFT_CRT,time_and_value_scaling_t0,wide,DEoptim,1826,-8371161180752742e283
91,DFT_CRT,time_and_value_scaling_t0,wide,DEoptim,1827,-17829903223579488e288
91,DFT_CRT,time_and_value_scaling_t0,wide,DEoptim,1828,-8371161056012723e283
91,DFT_CRT,time_and_value_scaling_t0,wide,DEoptim,1829,7.291122019556398e-304
91,DFT_CRT,time_and_value_scaling_t0,wide,DEoptim,1830,5.776622196445113e-275
91,DFT_CRT,time_and_value_scaling_t0,wide,DEoptim,1831,1.7315450877678944e-306
91,DFT_CRT,time_and_value_scaling_t0,wide,DEoptim,1832,6.8354268934402224e-304
91,DFT_CRT,time_and_value_scaling_t0,wide,DEoptim,1833,2.7813423310344988e-308
91,DFT_CRT,time_and_value_scaling_t0,wide,DEoptim,1834,6.835426893652422e-304
91,DFT_CRT,time_and_value_scaling_t0,wide,DEoptim,1835,1.390671161567e-309
91,DFT_CRT,time_and_value_scaling_t0,wide,DEoptim,1836,11793632578555854e153
91,DFT_CRT,time_and_value_scaling_t0,wide,DEoptim,1837,11444788695746135e227
91,DFT_CRT,time_and_value_scaling_t0,wide,DEoptim,1838,-8371160993642713e283
91,DFT_CRT,time_and_value_scaling_t0,wide,DEoptim,1839,-8371160993642713e283
91,DFT_CRT,time_and_value_scaling_t0,wide,DEoptim,1840,-8371161056012723e283
91,DFT_CRT,time_and_value_scaling_t0,wide,DEoptim,1841,1.5573756267167286e-207
91,DFT_CRT,time_and_value_scaling_t0,wide,DEoptim,1842,-8371161180752742e283
91,DFT_CRT,time_and_value_scaling_t0,wide,DEoptim,1843,7.291122019556398e-304
91,DFT_CRT,time_and_value_scaling_t0,wide,DEoptim,1844,3.131513167506889e-294
91,DFT_CRT,time_and_value_scaling_t0,wide,DEoptim,1845,2.78134236018706e-309
91,DFT_CRT,time_and_value_scaling_t0,wide,DEoptim,1846,8.224288e-317
91,DFT_CRT,time_and_value_scaling_t0,wide,DEoptim,1847,1.2516125334258437e-308
91,DFT_CRT,time_and_value_scaling_t0,wide,DEoptim,1848,20699932792890788e145
91,DFT_CRT,time_and_value_scaling_t0,wide,DEoptim,1849,4.243991639e-314
91,DFT_CRT,time_and_value_scaling_t0,wide,DEoptim,1850,3.1315130625141966e-294
91,DFT_CRT,time_and_value_scaling_t0,wide,DEoptim,1851,4.243991708e-314
91,DFT_CRT,time_and_value_scaling_t0,wide,DEoptim,1852,1.27319748713e-313
91,DFT_CRT,time_and_value_scaling_t0,wide,DEoptim,1853,2.376364457869084e-212
91,DFT_CRT,time_and_value_scaling_t0,wide,DEoptim,1854,4.243991708e-314
91,DFT_CRT,time_and_value_scaling_t0,wide,DEoptim,1855,5.17766973121e-312
91,DFT_CRT,time_and_value_scaling_t0,wide,DEoptim,1856,1.27319747567e-313
91,DFT_CRT,time_and_value_scaling_t0,wide,DEoptim,1857,1.8827498946117344e-183
91,DFT_CRT,time_and_value_scaling_t0,wide,DEoptim,1858,4.243991708e-314
91,DFT_CRT,time_and_value_scaling_t0,wide,DEoptim,1859,1.255e-321
91,DFT_CRT,time_and_value_scaling_t0,wide,DEoptim,1860,1.90980916355e-313
91,DFT_CRT,time_and_value_scaling_t0,wide,DEoptim,1861,1.8208889407522047e-306
91,DFT_CRT,time_and_value_scaling_t0,wide,DEoptim,1862,6.8354268934402224e-304
91,DFT_CRT,time_and_value_scaling_t0,wide,DEoptim,1863,3.198543679504599e-308
91,DFT_CRT,time_and_value_scaling_t0,wide,DEoptim,1864,6.835426893652422e-304
91,DFT_CRT,time_and_value_scaling_t0,wide,DEoptim,1865,1.390671161567e-309
91,DFT_CRT,time_and_value_scaling_t0,wide,DEoptim,1866,18337039692166194e225
91,DFT_CRT,time_and_value_scaling_t0,wide,DEoptim,1867,2.427479656934e-312
91,DFT_CRT,time_and_value_scaling_t0,wide,DEoptim,1868,5.411255047892e-312
91,DFT_CRT,time_and_value_scaling_t0,wide,DEoptim,1869,5.411255047883e-312
91,DFT_CRT,time_and_value_scaling_t0,wide,DEoptim,1870,5.411337938353e-312
91,DFT_CRT,time_and_value_scaling_t0,wide,DEoptim,1871,5.41481933769e-312
91,DFT_CRT,time_and_value_scaling_t0,wide,DEoptim,1872,5.411420828814e-312
91,DFT_CRT,time_and_value_scaling_t0,wide,DEoptim,1873,5.38986930905e-312
91,DFT_CRT,time_and_value_scaling_t0,wide,DEoptim,1874,5.411503719274e-312
91,DFT_CRT,time_and_value_scaling_t0,wide,DEoptim,1875,5.411503719264e-312
91,DFT_CRT,time_and_value_scaling_t0,wide,DEoptim,1876,5.411586609735e-312
91,DFT_CRT,time_and_value_scaling_t0,wide,DEoptim,1877,5.411586609725e-312
91,DFT_CRT,time_and_value_scaling_t0,wide,DEoptim,1878,5.411669500195e-312
91,DFT_CRT,time_and_value_scaling_t0,wide,DEoptim,1879,5.411669500186e-312
91,DFT_CRT,time_and_value_scaling_t0,wide,DEoptim,1880,5.411752390656e-312
91,DFT_CRT,time_and_value_scaling_t0,wide,DEoptim,1881,5.411752390646e-312
91,DFT_CRT,time_and_value_scaling_t0,wide,DEoptim,1882,5.411835281117e-312
91,DFT_CRT,time_and_value_scaling_t0,wide,DEoptim,1883,5.411835281107e-312
91,DFT_CRT,time_and_value_scaling_t0,wide,DEoptim,1884,5.41200106204e-312
91,DFT_CRT,time_and_value_scaling_t0,wide,DEoptim,1885,5.41200106203e-312
91,DFT_CRT,time_and_value_scaling_t0,wide,DEoptim,1886,5.4120839525e-312
91,DFT_CRT,time_and_value_scaling_t0,wide,DEoptim,1887,5.41208395249e-312
91,DFT_CRT,time_and_value_scaling_t0,wide,DEoptim,1888,5.41216684296e-312
91,DFT_CRT,time_and_value_scaling_t0,wide,DEoptim,1889,5.41216684295e-312
91,DFT_CRT,time_and_value_scaling_t0,wide,DEoptim,1890,5.41224973342e-312
91,DFT_CRT,time_and_value_scaling_t0,wide,DEoptim,1891,5.41224973341e-312
91,DFT_CRT,time_and_value_scaling_t0,wide,DEoptim,1892,5.41241551434e-312
91,DFT_CRT,time_and_value_scaling_t0,wide,DEoptim,1893,5.41241551433e-312
91,DFT_CRT,time_and_value_scaling_t0,wide,DEoptim,1894,5.4124984048e-312
91,DFT_CRT,time_and_value_scaling_t0,wide,DEoptim,1895,5.41249840479e-312
91,DFT_CRT,time_and_value_scaling_t0,wide,DEoptim,1896,5.41258129526e-312
91,DFT_CRT,time_and_value_scaling_t0,wide,DEoptim,1897,5.41258129525e-312
91,DFT_CRT,time_and_value_scaling_t0,wide,DEoptim,1898,5.38986930905e-312
91,DFT_CRT,time_and_value_scaling_t0,wide,DEoptim,1899,5.38986930905e-312
91,DFT_CRT,time_and_value_scaling_t0,wide,DEoptim,1900,5.38986930906e-312
91,DFT_CRT,time_and_value_scaling_t0,wide,DEoptim,1901,5.09278991037e-313
91,DFT_CRT,time_and_value_scaling_t0,wide,DEoptim,1902,5.38986930908e-312
91,DFT_CRT,time_and_value_scaling_t0,wide,DEoptim,1903,5.413244418937e-312
91,DFT_CRT,time_and_value_scaling_t0,wide,DEoptim,1904,5.38986930906e-312
91,DFT_CRT,time_and_value_scaling_t0,wide,DEoptim,1905,5.414570666306e-312
91,DFT_CRT,time_and_value_scaling_t0,wide,DEoptim,1906,5.38986930906e-312
91,DFT_CRT,time_and_value_scaling_t0,wide,DEoptim,1907,5.30498948947e-313
91,DFT_CRT,time_and_value_scaling_t0,wide,DEoptim,1908,5.38986930908e-312
91,DFT_CRT,time_and_value_scaling_t0,wide,DEoptim,1909,5.411918171567e-312
91,DFT_CRT,time_and_value_scaling_t0,wide,DEoptim,1910,5.38986930906e-312
91,DFT_CRT,time_and_value_scaling_t0,wide,DEoptim,1911,5.414570666306e-312
91,DFT_CRT,time_and_value_scaling_t0,wide,DEoptim,1912,5.38986930906e-312
91,DFT_CRT,time_and_value_scaling_t0,wide,DEoptim,1913,5.41490222815e-312
91,DFT_CRT,time_and_value_scaling_t0,wide,DEoptim,1914,5.38986930905e-312
91,DFT_CRT,time_and_value_scaling_t0,wide,DEoptim,1915,5.38986930905e-312
91,DFT_CRT,time_and_value_scaling_t0,wide,DEoptim,1916,5.38986930905e-312
91,DFT_CRT,time_and_value_scaling_t0,wide,DEoptim,1917,5.38986930905e-312
91,DFT_CRT,time_and_value_scaling_t0,wide,DEoptim,1918,5.38986930906e-312
91,DFT_CRT,time_and_value_scaling_t0,wide,DEoptim,1919,5.51718906856e-313
91,DFT_CRT,time_and_value_scaling_t0,wide,DEoptim,1920,5.38986930908e-312
91,DFT_CRT,time_and_value_scaling_t0,wide,DEoptim,1921,5.4137417617e-312
91,DFT_CRT,time_and_value_scaling_t0,wide,DEoptim,1922,5.38986930906e-312
91,DFT_CRT,time_and_value_scaling_t0,wide,DEoptim,1923,5.72938864766e-313
91,DFT_CRT,time_and_value_scaling_t0,wide,DEoptim,1924,5.38986930908e-312
91,DFT_CRT,time_and_value_scaling_t0,wide,DEoptim,1925,5.414404885385e-312
91,DFT_CRT,time_and_value_scaling_t0,wide,DEoptim,1926,5.38986930906e-312
91,DFT_CRT,time_and_value_scaling_t0,wide,DEoptim,1927,5.94158822676e-313
91,DFT_CRT,time_and_value_scaling_t0,wide,DEoptim,1928,5.38986930908e-312
91,DFT_CRT,time_and_value_scaling_t0,wide,DEoptim,1929,5.414487775845e-312
91,DFT_CRT,time_and_value_scaling_t0,wide,DEoptim,1930,5.38986930906e-312
91,DFT_CRT,time_and_value_scaling_t0,wide,DEoptim,1931,5.411420828804e-312
91,DFT_CRT,time_and_value_scaling_t0,wide,DEoptim,1932,5.38986930905e-312
91,DFT_CRT,time_and_value_scaling_t0,wide,DEoptim,1933,5.38986930906e-312
91,DFT_CRT,time_and_value_scaling_t0,wide,DEoptim,1934,2.97079410735e-313
91,DFT_CRT,time_and_value_scaling_t0,wide,DEoptim,1935,7.7789495e-317
91,DFT_CRT,time_and_value_scaling_t0,wide,DEoptim,1936,0
91,DFT_CRT,time_and_value_scaling_t0,wide,DEoptim,1937,4.2439917074e-314
91,DFT_CRT,time_and_value_scaling_t0,wide,DEoptim,1938,1.27319748713e-313
91,DFT_CRT,time_and_value_scaling_t0,wide,DEoptim,1939,2.376364457869084e-212
91,DFT_CRT,time_and_value_scaling_t0,wide,DEoptim,1940,4.243991708e-314
91,DFT_CRT,time_and_value_scaling_t0,wide,DEoptim,1941,5.17766973121e-312
91,DFT_CRT,time_and_value_scaling_t0,wide,DEoptim,1942,1.273197476e-313
91,DFT_CRT,time_and_value_scaling_t0,wide,DEoptim,1943,1.255e-321
91,DFT_CRT,time_and_value_scaling_t0,wide,DEoptim,1944,1.90980916355e-313
91,DFT_CRT,time_and_value_scaling_t0,wide,DEoptim,1945,471520738168839e166
91,DFT_CRT,time_and_value_scaling_t0,wide,DEoptim,1946,4.77831153220178e-299
91,DFT_CRT,time_and_value_scaling_t0,wide,DEoptim,1947,2.105417699e-314
91,DFT_CRT,time_and_value_scaling_t0,wide,DEoptim,1948,4.778314268807561e-299
91,DFT_CRT,time_and_value_scaling_t0,wide,DEoptim,1949,2.105417699e-314
91,DFT_CRT,time_and_value_scaling_t0,wide,DEoptim,1950,2.1138362613e-314
91,DFT_CRT,time_and_value_scaling_t0,wide,DEoptim,1951,4.778314248086561e-299
91,DFT_CRT,time_and_value_scaling_t0,wide,DEoptim,1952,-5727786203457123e235
91,DFT_CRT,time_and_value_scaling_t0,wide,DEoptim,1953,8.81442664849132e-280
91,DFT_CRT,time_and_value_scaling_t0,wide,DEoptim,1954,2.105417699e-314
91,DFT_CRT,time_and_value_scaling_t0,wide,DEoptim,1955,4.778314267695025e-299
91,DFT_CRT,time_and_value_scaling_t0,wide,DEoptim,1956,2.105417699e-314
91,DFT_CRT,time_and_value_scaling_t0,wide,DEoptim,1957,4.778314268807561e-299
91,DFT_CRT,time_and_value_scaling_t0,wide,DEoptim,1958,2.105417699e-314
91,DFT_CRT,time_and_value_scaling_t0,wide,DEoptim,1959,2.1138362613e-314
91,DFT_CRT,time_and_value_scaling_t0,wide,DEoptim,1960,2.105417699e-314
91,DFT_CRT,time_and_value_scaling_t0,wide,DEoptim,1961,2.105417699e-314
91,DFT_CRT,time_and_value_scaling_t0,wide,DEoptim,1962,4.778314248086561e-299
91,DFT_CRT,time_and_value_scaling_t0,wide,DEoptim,1963,-5727786203457123e235
91,DFT_CRT,time_and_value_scaling_t0,wide,DEoptim,1964,8.814426681327615e-280
91,DFT_CRT,time_and_value_scaling_t0,wide,DEoptim,1965,2.105417699e-314
91,DFT_CRT,time_and_value_scaling_t0,wide,DEoptim,1966,2.4834631584438887e-265
91,DFT_CRT,time_and_value_scaling_t0,wide,DEoptim,1967,6125013944001697e242
91,DFT_CRT,time_and_value_scaling_t0,wide,DEoptim,1968,1.0864618589434e-311
91,DFT_CRT,time_and_value_scaling_t0,wide,DEoptim,1969,1.32548345118981e-309
91,DFT_CRT,time_and_value_scaling_t0,wide,DEoptim,1970,3.25938553897e-311
91,DFT_CRT,time_and_value_scaling_t0,wide,DEoptim,1971,3.2126e-319
91,DFT_CRT,time_and_value_scaling_t0,wide,DEoptim,1972,4.8891114586947e-311
91,DFT_CRT,time_and_value_scaling_t0,wide,DEoptim,1973,9286810876070093e184
91,DFT_CRT,time_and_value_scaling_t0,wide,DEoptim,1974,2.78134235597396e-309
91,DFT_CRT,time_and_value_scaling_t0,wide,DEoptim,1975,8.224288e-317
91,DFT_CRT,time_and_value_scaling_t0,wide,DEoptim,1976,8.261979e-317
91,DFT_CRT,time_and_value_scaling_t0,wide,DEoptim,1977,8.224288e-317
91,DFT_CRT,time_and_value_scaling_t0,wide,DEoptim,1978,8.224288e-317
91,DFT_CRT,time_and_value_scaling_t0,wide,DEoptim,1979,8.224288e-317
91,DFT_CRT,time_and_value_scaling_t0,wide,DEoptim,1980,2.78134240537688e-309
91,DFT_CRT,time_and_value_scaling_t0,wide,DEoptim,1981,4.556951275697422e-304
91,DFT_CRT,time_and_value_scaling_t0,wide,DEoptim,1982,8.344026980087104e-309
91,DFT_CRT,time_and_value_scaling_t0,wide,DEoptim,1983,8.224288e-317
91,DFT_CRT,time_and_value_scaling_t0,wide,DEoptim,1984,2.781342405741145e-309
91,DFT_CRT,time_and_value_scaling_t0,wide,DEoptim,1985,8.224288e-317
91,DFT_CRT,time_and_value_scaling_t0,wide,DEoptim,1986,2.78134240572091e-309
91,DFT_CRT,time_and_value_scaling_t0,wide,DEoptim,1987,8.344027051644884e-309
91,DFT_CRT,time_and_value_scaling_t0,wide,DEoptim,1988,8.224288e-317
91,DFT_CRT,time_and_value_scaling_t0,wide,DEoptim,1989,2.78134240572597e-309
91,DFT_CRT,time_and_value_scaling_t0,wide,DEoptim,1990,4.556951275697422e-304
91,DFT_CRT,time_and_value_scaling_t0,wide,DEoptim,1991,8.344026980410894e-309
91,DFT_CRT,time_and_value_scaling_t0,wide,DEoptim,1992,8.224288e-317
91,DFT_CRT,time_and_value_scaling_t0,wide,DEoptim,1993,2.781342405733556e-309
91,DFT_CRT,time_and_value_scaling_t0,wide,DEoptim,1994,8.224288e-317
91,DFT_CRT,time_and_value_scaling_t0,wide,DEoptim,1995,1.2516125334258437e-308
91,DFT_CRT,time_and_value_scaling_t0,wide,DEoptim,1996,10258450233746086e184
91,DFT_CRT,time_and_value_scaling_t0,wide,DEoptim,1997,6011240935354546e160
91,DFT_CRT,time_and_value_scaling_t0,wide,DEoptim,1998,1.0864618575507e-311
91,DFT_CRT,time_and_value_scaling_t0,wide,DEoptim,1999,3.2126e-319
91,DFT_CRT,time_and_value_scaling_t0,wide,DEoptim,2000,2.052769442741057e-289
91,DFT_CRT,time_and_value_scaling_t0,wide,DEoptim,2001,3.423012691484445e-86
91,DFT_CRT,time_and_value_scaling_t0,wide,DEoptim,2002,4.24237135e-315
91,DFT_CRT,time_and_value_scaling_t0,wide,DEoptim,2003,4.778314248086561e-299
91,DFT_CRT,time_and_value_scaling_t0,wide,DEoptim,2004,-5727786203457123e235
91,DFT_CRT,time_and_value_scaling_t0,wide,DEoptim,2005,8.814426812672793e-280
91,DFT_CRT,time_and_value_scaling_t0,wide,DEoptim,2006,2.105417699e-314
91,DFT_CRT,time_and_value_scaling_t0,wide,DEoptim,2007,2.4834631584438887e-265
91,DFT_CRT,time_and_value_scaling_t0,wide,DEoptim,2008,6011239999032429e160
91,DFT_CRT,time_and_value_scaling_t0,wide,DEoptim,2009,17088767680849698e198
91,DFT_CRT,time_and_value_scaling_t0,wide,DEoptim,2010,4.778311532132504e-299
91,DFT_CRT,time_and_value_scaling_t0,wide,DEoptim,2011,2.105417699e-314
91,DFT_CRT,time_and_value_scaling_t0,wide,DEoptim,2012,4.778314269433363e-299
91,DFT_CRT,time_and_value_scaling_t0,wide,DEoptim,2013,2.4834631584438887e-265
91,DFT_CRT,time_and_value_scaling_t0,wide,DEoptim,2014,6991961543269425e213
91,DFT_CRT,time_and_value_scaling_t0,wide,DEoptim,2015,5.63e-322
91,DFT_CRT,time_and_value_scaling_t0,wide,DEoptim,2016,2.121995796e-314
91,DFT_CRT,time_and_value_scaling_t0,wide,DEoptim,2017,5e-324
91,DFT_CRT,time_and_value_scaling_t0,wide,DEoptim,2018,1.255e-321
91,DFT_CRT,time_and_value_scaling_t0,wide,DEoptim,2019,1.255e-321
91,DFT_CRT,time_and_value_scaling_t0,wide,DEoptim,2020,4.2439917074e-314
91,DFT_CRT,time_and_value_scaling_t0,wide,DEoptim,2021,5.17766973121e-312
91,DFT_CRT,time_and_value_scaling_t0,wide,DEoptim,2022,1.27319747636e-313
91,DFT_CRT,time_and_value_scaling_t0,wide,DEoptim,2023,1.8827498946117344e-183
91,DFT_CRT,time_and_value_scaling_t0,wide,DEoptim,2024,4.243991708e-314
91,DFT_CRT,time_and_value_scaling_t0,wide,DEoptim,2025,1.255e-321
91,DFT_CRT,time_and_value_scaling_t0,wide,DEoptim,2026,1.90980916355e-313
91,DFT_CRT,time_and_value_scaling_t0,wide,DEoptim,2027,38184439506617004e164
91,DFT_CRT,time_and_value_scaling_t0,wide,DEoptim,2028,6.2686842344349e-310
91,DFT_CRT,time_and_value_scaling_t0,wide,DEoptim,2029,1.37980654311979e-309
91,DFT_CRT,time_and_value_scaling_t0,wide,DEoptim,2030,2.00995441628844e-310
91,DFT_CRT,time_and_value_scaling_t0,wide,DEoptim,2031,1.379806543124848e-309
91,DFT_CRT,time_and_value_scaling_t0,wide,DEoptim,2032,1.385451051921226e-309
91,DFT_CRT,time_and_value_scaling_t0,wide,DEoptim,2033,1.37980654311726e-309
91,DFT_CRT,time_and_value_scaling_t0,wide,DEoptim,2034,1.37980654311726e-309
91,DFT_CRT,time_and_value_scaling_t0,wide,DEoptim,2035,1.37980654311979e-309
91,DFT_CRT,time_and_value_scaling_t0,wide,DEoptim,2036,2.06427750853715e-310
91,DFT_CRT,time_and_value_scaling_t0,wide,DEoptim,2037,1.379806543124848e-309
91,DFT_CRT,time_and_value_scaling_t0,wide,DEoptim,2038,1.38572691137405e-309
91,DFT_CRT,time_and_value_scaling_t0,wide,DEoptim,2039,1.37980654311979e-309
91,DFT_CRT,time_and_value_scaling_t0,wide,DEoptim,2040,1.379806543124848e-309
91,DFT_CRT,time_and_value_scaling_t0,wide,DEoptim,2041,1.38591789099524e-309
91,DFT_CRT,time_and_value_scaling_t0,wide,DEoptim,2042,1.37980654311979e-309
91,DFT_CRT,time_and_value_scaling_t0,wide,DEoptim,2043,1.385472271879136e-309
91,DFT_CRT,time_and_value_scaling_t0,wide,DEoptim,2044,1.37980654311979e-309
91,DFT_CRT,time_and_value_scaling_t0,wide,DEoptim,2045,1.379806543124848e-309
91,DFT_CRT,time_and_value_scaling_t0,wide,DEoptim,2046,2.0527694427391904e-289
91,DFT_CRT,time_and_value_scaling_t0,wide,DEoptim,2047,12159074500618835e208
91,DFT_CRT,time_and_value_scaling_t0,wide,DEoptim,2048,4.778311639077029e-299
91,DFT_CRT,time_and_value_scaling_t0,wide,DEoptim,2049,2.105417699e-314
91,DFT_CRT,time_and_value_scaling_t0,wide,DEoptim,2050,4.778314269641964e-299
91,DFT_CRT,time_and_value_scaling_t0,wide,DEoptim,2051,2.4834631584438887e-265
91,DFT_CRT,time_and_value_scaling_t0,wide,DEoptim,2052,2912356662273727e242
91,DFT_CRT,time_and_value_scaling_t0,wide,DEoptim,2053,2.15303096728e-312
91,DFT_CRT,time_and_value_scaling_t0,wide,DEoptim,2054,2.12199579097e-313
91,DFT_CRT,time_and_value_scaling_t0,wide,DEoptim,2055,2.1219957915e-314
91,DFT_CRT,time_and_value_scaling_t0,wide,DEoptim,2056,5.38986930905e-312
91,DFT_CRT,time_and_value_scaling_t0,wide,DEoptim,2057,5.38986930905e-312
91,DFT_CRT,time_and_value_scaling_t0,wide,DEoptim,2058,5.413161528486e-312
91,DFT_CRT,time_and_value_scaling_t0,wide,DEoptim,2059,2.12199579097e-313
91,DFT_CRT,time_and_value_scaling_t0,wide,DEoptim,2060,2.1219957915e-314
91,DFT_CRT,time_and_value_scaling_t0,wide,DEoptim,2061,5.38986930905e-312
91,DFT_CRT,time_and_value_scaling_t0,wide,DEoptim,2062,5.38986930906e-312
91,DFT_CRT,time_and_value_scaling_t0,wide,DEoptim,2063,8.2757835968e-313
91,DFT_CRT,time_and_value_scaling_t0,wide,DEoptim,2064,5.38986930908e-312
91,DFT_CRT,time_and_value_scaling_t0,wide,DEoptim,2065,5.4137417617e-312
91,DFT_CRT,time_and_value_scaling_t0,wide,DEoptim,2066,5.38986930906e-312
91,DFT_CRT,time_and_value_scaling_t0,wide,DEoptim,2067,8.4879831759e-313
91,DFT_CRT,time_and_value_scaling_t0,wide,DEoptim,2068,5.38986930908e-312
91,DFT_CRT,time_and_value_scaling_t0,wide,DEoptim,2069,5.562705866225913e-309
91,DFT_CRT,time_and_value_scaling_t0,wide,DEoptim,2070,1.792874243787e-310
91,DFT_CRT,time_and_value_scaling_t0,wide,DEoptim,2071,1.37980654311979e-309
91,DFT_CRT,time_and_value_scaling_t0,wide,DEoptim,2072,2.2272467852833e-310
91,DFT_CRT,time_and_value_scaling_t0,wide,DEoptim,2073,1.379806543124848e-309
91,DFT_CRT,time_and_value_scaling_t0,wide,DEoptim,2074,1.386023990784787e-309
91,DFT_CRT,time_and_value_scaling_t0,wide,DEoptim,2075,1.37980654311979e-309
91,DFT_CRT,time_and_value_scaling_t0,wide,DEoptim,2076,1.385387392047497e-309
91,DFT_CRT,time_and_value_scaling_t0,wide,DEoptim,2077,1.37980654311726e-309
91,DFT_CRT,time_and_value_scaling_t0,wide,DEoptim,2078,1.37980654311726e-309
91,DFT_CRT,time_and_value_scaling_t0,wide,DEoptim,2079,1.37980654311979e-309
91,DFT_CRT,time_and_value_scaling_t0,wide,DEoptim,2080,1.379806543124848e-309
91,DFT_CRT,time_and_value_scaling_t0,wide,DEoptim,2081,1.385663251500323e-309
91,DFT_CRT,time_and_value_scaling_t0,wide,DEoptim,2082,1.37980654311979e-309
91,DFT_CRT,time_and_value_scaling_t0,wide,DEoptim,2083,2.281569877532e-310
91,DFT_CRT,time_and_value_scaling_t0,wide,DEoptim,2084,1.379806543124848e-309
91,DFT_CRT,time_and_value_scaling_t0,wide,DEoptim,2085,1.38591789099524e-309
91,DFT_CRT,time_and_value_scaling_t0,wide,DEoptim,2086,1.37980654311979e-309
91,DFT_CRT,time_and_value_scaling_t0,wide,DEoptim,2087,2.3358929697807e-310
91,DFT_CRT,time_and_value_scaling_t0,wide,DEoptim,2088,1.379806543124848e-309
91,DFT_CRT,time_and_value_scaling_t0,wide,DEoptim,2089,1.38644838994298e-309
91,DFT_CRT,time_and_value_scaling_t0,wide,DEoptim,2090,1.37980654311979e-309
91,DFT_CRT,time_and_value_scaling_t0,wide,DEoptim,2091,2.3902160620294e-310
91,DFT_CRT,time_and_value_scaling_t0,wide,DEoptim,2092,1.379806543124848e-309
91,DFT_CRT,time_and_value_scaling_t0,wide,DEoptim,2093,2.0527694427391904e-289
91,DFT_CRT,time_and_value_scaling_t0,wide,DEoptim,2094,4793409611450659e184
91,DFT_CRT,time_and_value_scaling_t0,wide,DEoptim,2095,14299055199727593e232
91,DFT_CRT,time_and_value_scaling_t0,wide,DEoptim,2096,-8371161056012723e283
91,DFT_CRT,time_and_value_scaling_t0,wide,DEoptim,2097,-7886303348890927e288
91,DFT_CRT,time_and_value_scaling_t0,wide,DEoptim,2098,-8371160993642713e283
91,DFT_CRT,time_and_value_scaling_t0,wide,DEoptim,2099,-8371160993642713e283
91,DFT_CRT,time_and_value_scaling_t0,wide,DEoptim,2100,-8371161056012723e283
91,DFT_CRT,time_and_value_scaling_t0,wide,DEoptim,2101,6.136372409400628e-92
91,DFT_CRT,time_and_value_scaling_t0,wide,DEoptim,2102,-8371161180752742e283
91,DFT_CRT,time_and_value_scaling_t0,wide,DEoptim,2103,7.291122019556398e-304
91,DFT_CRT,time_and_value_scaling_t0,wide,DEoptim,2104,1.6259745982106468e-260
91,DFT_CRT,time_and_value_scaling_t0,wide,DEoptim,2105,15076159506132967e145
91,DFT_CRT,time_and_value_scaling_t0,wide,DEoptim,2106,1.086461857806e-311
91,DFT_CRT,time_and_value_scaling_t0,wide,DEoptim,2107,3.2126e-319
91,DFT_CRT,time_and_value_scaling_t0,wide,DEoptim,2108,1.0864618772303e-311
91,DFT_CRT,time_and_value_scaling_t0,wide,DEoptim,2109,3.22803e-319
91,DFT_CRT,time_and_value_scaling_t0,wide,DEoptim,2110,5.43230923752e-312
91,DFT_CRT,time_and_value_scaling_t0,wide,DEoptim,2111,1.265e-321
91,DFT_CRT,time_and_value_scaling_t0,wide,DEoptim,2112,3.2126e-319
91,DFT_CRT,time_and_value_scaling_t0,wide,DEoptim,2113,1.0864618771003e-311
91,DFT_CRT,time_and_value_scaling_t0,wide,DEoptim,2114,1.32548345118981e-309
91,DFT_CRT,time_and_value_scaling_t0,wide,DEoptim,2115,3.259385540741e-311
91,DFT_CRT,time_and_value_scaling_t0,wide,DEoptim,2116,3.2126e-319
91,DFT_CRT,time_and_value_scaling_t0,wide,DEoptim,2117,1.0864618772397e-311
91,DFT_CRT,time_and_value_scaling_t0,wide,DEoptim,2118,3.2126e-319
91,DFT_CRT,time_and_value_scaling_t0,wide,DEoptim,2119,1.0864618772303e-311
91,DFT_CRT,time_and_value_scaling_t0,wide,DEoptim,2120,1.32548345118981e-309
91,DFT_CRT,time_and_value_scaling_t0,wide,DEoptim,2121,3.2593855408673e-311
91,DFT_CRT,time_and_value_scaling_t0,wide,DEoptim,2122,3.2126e-319
91,DFT_CRT,time_and_value_scaling_t0,wide,DEoptim,2123,4.8891114586947e-311
91,DFT_CRT,time_and_value_scaling_t0,wide,DEoptim,2124,11733908802404e201
91,DFT_CRT,time_and_value_scaling_t0,wide,DEoptim,2125,14877659631966717e179
91,DFT_CRT,time_and_value_scaling_t0,wide,DEoptim,2126,-8371161056012723e283
91,DFT_CRT,time_and_value_scaling_t0,wide,DEoptim,2127,-7886303348890927e288
91,DFT_CRT,time_and_value_scaling_t0,wide,DEoptim,2128,-8371160993642713e283
91,DFT_CRT,time_and_value_scaling_t0,wide,DEoptim,2129,-8371160993642713e283
91,DFT_CRT,time_and_value_scaling_t0,wide,DEoptim,2130,-8371160993642713e283
91,DFT_CRT,time_and_value_scaling_t0,wide,DEoptim,2131,-8371160993642713e283
91,DFT_CRT,time_and_value_scaling_t0,wide,DEoptim,2132,-8371161056012723e283
91,DFT_CRT,time_and_value_scaling_t0,wide,DEoptim,2133,1.7272352810239537e-77
91,DFT_CRT,time_and_value_scaling_t0,wide,DEoptim,2134,-8371161180752742e283
91,DFT_CRT,time_and_value_scaling_t0,wide,DEoptim,2135,-17829903223579488e288
91,DFT_CRT,time_and_value_scaling_t0,wide,DEoptim,2136,-8371161056012723e283
91,DFT_CRT,time_and_value_scaling_t0,wide,DEoptim,2137,7.291122019556398e-304
91,DFT_CRT,time_and_value_scaling_t0,wide,DEoptim,2138,8.44254279834657e-227
91,DFT_CRT,time_and_value_scaling_t0,wide,DEoptim,2139,4239743044643825e160
91,DFT_CRT,time_and_value_scaling_t0,wide,DEoptim,2140,53771203651573735e212
91,DFT_CRT,time_and_value_scaling_t0,wide,DEoptim,2141,4.243991631e-314
91,DFT_CRT,time_and_value_scaling_t0,wide,DEoptim,2142,5.17766973121e-312
91,DFT_CRT,time_and_value_scaling_t0,wide,DEoptim,2143,1.273197477e-313
91,DFT_CRT,time_and_value_scaling_t0,wide,DEoptim,2144,1.255e-321
91,DFT_CRT,time_and_value_scaling_t0,wide,DEoptim,2145,1.90980916355e-313
91,DFT_CRT,time_and_value_scaling_t0,wide,DEoptim,2146,4824071356773968e213
91,DFT_CRT,time_and_value_scaling_t0,wide,DEoptim,2147,4.2439916363e-314
91,DFT_CRT,time_and_value_scaling_t0,wide,DEoptim,2148,4.2439917074e-314
91,DFT_CRT,time_and_value_scaling_t0,wide,DEoptim,2149,1.90980916355e-313
91,DFT_CRT,time_and_value_scaling_t0,wide,DEoptim,2150,2.15220204569e-312
91,DFT_CRT,time_and_value_scaling_t0,wide,DEoptim,2151,5.326209435323e-312
91,DFT_CRT,time_and_value_scaling_t0,wide,DEoptim,2152,5.38986930905e-312
91,DFT_CRT,time_and_value_scaling_t0,wide,DEoptim,2153,5.38986930906e-312
91,DFT_CRT,time_and_value_scaling_t0,wide,DEoptim,2154,5.38986930908e-312
91,DFT_CRT,time_and_value_scaling_t0,wide,DEoptim,2155,5.412747076173e-312
91,DFT_CRT,time_and_value_scaling_t0,wide,DEoptim,2156,5.38986930906e-312
91,DFT_CRT,time_and_value_scaling_t0,wide,DEoptim,2157,5.38986930908e-312
91,DFT_CRT,time_and_value_scaling_t0,wide,DEoptim,2158,5.4137417617e-312
91,DFT_CRT,time_and_value_scaling_t0,wide,DEoptim,2159,5.38986930906e-312
91,DFT_CRT,time_and_value_scaling_t0,wide,DEoptim,2160,5.38986930908e-312
91,DFT_CRT,time_and_value_scaling_t0,wide,DEoptim,2161,5.414156214003e-312
91,DFT_CRT,time_and_value_scaling_t0,wide,DEoptim,2162,5.38986930906e-312
91,DFT_CRT,time_and_value_scaling_t0,wide,DEoptim,2163,5.411669500186e-312
91,DFT_CRT,time_and_value_scaling_t0,wide,DEoptim,2164,5.38986930905e-312
91,DFT_CRT,time_and_value_scaling_t0,wide,DEoptim,2165,5.38986930906e-312
91,DFT_CRT,time_and_value_scaling_t0,wide,DEoptim,2166,5.41631136598e-312
91,DFT_CRT,time_and_value_scaling_t0,wide,DEoptim,2167,5.38986930906e-312
91,DFT_CRT,time_and_value_scaling_t0,wide,DEoptim,2168,5.38986930908e-312
91,DFT_CRT,time_and_value_scaling_t0,wide,DEoptim,2169,5.562705866225913e-309
91,DFT_CRT,time_and_value_scaling_t0,wide,DEoptim,2170,17100794279260178e198
91,DFT_CRT,time_and_value_scaling_t0,wide,DEoptim,2171,5.67429751202047e-310
91,DFT_CRT,time_and_value_scaling_t0,wide,DEoptim,2172,1.37980654311979e-309
91,DFT_CRT,time_and_value_scaling_t0,wide,DEoptim,2173,1.385387392047497e-309
91,DFT_CRT,time_and_value_scaling_t0,wide,DEoptim,2174,1.37980654311979e-309
91,DFT_CRT,time_and_value_scaling_t0,wide,DEoptim,2175,1.38657570969044e-309
91,DFT_CRT,time_and_value_scaling_t0,wide,DEoptim,2176,1.37980654311726e-309
91,DFT_CRT,time_and_value_scaling_t0,wide,DEoptim,2177,1.37980654311726e-309
91,DFT_CRT,time_and_value_scaling_t0,wide,DEoptim,2178,1.37980654311726e-309
91,DFT_CRT,time_and_value_scaling_t0,wide,DEoptim,2179,1.37980654311979e-309
91,DFT_CRT,time_and_value_scaling_t0,wide,DEoptim,2180,1.37980654311726e-309
91,DFT_CRT,time_and_value_scaling_t0,wide,DEoptim,2181,1.37980654311726e-309
91,DFT_CRT,time_and_value_scaling_t0,wide,DEoptim,2182,1.37980654311726e-309
91,DFT_CRT,time_and_value_scaling_t0,wide,DEoptim,2183,1.37980654311979e-309
91,DFT_CRT,time_and_value_scaling_t0,wide,DEoptim,2184,2.7161546155217e-310
91,DFT_CRT,time_and_value_scaling_t0,wide,DEoptim,2185,1.379806543124848e-309
91,DFT_CRT,time_and_value_scaling_t0,wide,DEoptim,2186,1.38591789099524e-309
91,DFT_CRT,time_and_value_scaling_t0,wide,DEoptim,2187,1.37980654311979e-309
91,DFT_CRT,time_and_value_scaling_t0,wide,DEoptim,2188,2.7704777077704e-310
91,DFT_CRT,time_and_value_scaling_t0,wide,DEoptim,2189,1.379806543124848e-309
91,DFT_CRT,time_and_value_scaling_t0,wide,DEoptim,2190,1.38644838994298e-309
91,DFT_CRT,time_and_value_scaling_t0,wide,DEoptim,2191,1.37980654311979e-309
91,DFT_CRT,time_and_value_scaling_t0,wide,DEoptim,2192,2.8248008000191e-310
91,DFT_CRT,time_and_value_scaling_t0,wide,DEoptim,2193,1.379806543124848e-309
91,DFT_CRT,time_and_value_scaling_t0,wide,DEoptim,2194,1.386023990784787e-309
91,DFT_CRT,time_and_value_scaling_t0,wide,DEoptim,2195,1.37980654311979e-309
91,DFT_CRT,time_and_value_scaling_t0,wide,DEoptim,2196,1.38534495213168e-309
91,DFT_CRT,time_and_value_scaling_t0,wide,DEoptim,2197,1.37980654311726e-309
91,DFT_CRT,time_and_value_scaling_t0,wide,DEoptim,2198,1.37980654311726e-309
91,DFT_CRT,time_and_value_scaling_t0,wide,DEoptim,2199,1.37980654311979e-309
91,DFT_CRT,time_and_value_scaling_t0,wide,DEoptim,2200,1.379806543124848e-309
91,DFT_CRT,time_and_value_scaling_t0,wide,DEoptim,2201,1.385663251500323e-309
91,DFT_CRT,time_and_value_scaling_t0,wide,DEoptim,2202,1.37980654311979e-309
91,DFT_CRT,time_and_value_scaling_t0,wide,DEoptim,2203,2.8791238922678e-310
91,DFT_CRT,time_and_value_scaling_t0,wide,DEoptim,2204,1.379806543124848e-309
91,DFT_CRT,time_and_value_scaling_t0,wide,DEoptim,2205,1.38591789099524e-309
91,DFT_CRT,time_and_value_scaling_t0,wide,DEoptim,2206,1.37980654311979e-309
91,DFT_CRT,time_and_value_scaling_t0,wide,DEoptim,2207,2.9334469845165e-310
91,DFT_CRT,time_and_value_scaling_t0,wide,DEoptim,2208,1.379806543124848e-309
91,DFT_CRT,time_and_value_scaling_t0,wide,DEoptim,2209,1.38644838994298e-309
91,DFT_CRT,time_and_value_scaling_t0,wide,DEoptim,2210,1.37980654311979e-309
91,DFT_CRT,time_and_value_scaling_t0,wide,DEoptim,2211,2.98777007676524e-310
91,DFT_CRT,time_and_value_scaling_t0,wide,DEoptim,2212,1.379806543124848e-309
91,DFT_CRT,time_and_value_scaling_t0,wide,DEoptim,2213,1.38646960990089e-309
91,DFT_CRT,time_and_value_scaling_t0,wide,DEoptim,2214,1.37980654311979e-309
91,DFT_CRT,time_and_value_scaling_t0,wide,DEoptim,2215,1.38534495213168e-309
91,DFT_CRT,time_and_value_scaling_t0,wide,DEoptim,2216,1.37980654311726e-309
91,DFT_CRT,time_and_value_scaling_t0,wide,DEoptim,2217,1.37980654311726e-309
91,DFT_CRT,time_and_value_scaling_t0,wide,DEoptim,2218,1.37980654311979e-309
91,DFT_CRT,time_and_value_scaling_t0,wide,DEoptim,2219,3.04209316901395e-310
91,DFT_CRT,time_and_value_scaling_t0,wide,DEoptim,2220,1.379806543124848e-309
91,DFT_CRT,time_and_value_scaling_t0,wide,DEoptim,2221,1.3864908298588e-309
91,DFT_CRT,time_and_value_scaling_t0,wide,DEoptim,2222,1.37980654311979e-309
91,DFT_CRT,time_and_value_scaling_t0,wide,DEoptim,2223,1.38534495213168e-309
91,DFT_CRT,time_and_value_scaling_t0,wide,DEoptim,2224,1.3864271699876e-309
91,DFT_CRT,time_and_value_scaling_t0,wide,DEoptim,2225,5.432309224871e-311
91,DFT_CRT,time_and_value_scaling_t0,wide,DEoptim,2226,5.432309226136e-312
91,DFT_CRT,time_and_value_scaling_t0,wide,DEoptim,2227,1.37980654311726e-309
91,DFT_CRT,time_and_value_scaling_t0,wide,DEoptim,2228,1.37980654311726e-309
91,DFT_CRT,time_and_value_scaling_t0,wide,DEoptim,2229,1.37980654311979e-309
91,DFT_CRT,time_and_value_scaling_t0,wide,DEoptim,2230,3.09641626126266e-310
91,DFT_CRT,time_and_value_scaling_t0,wide,DEoptim,2231,1.379806543124848e-309
91,DFT_CRT,time_and_value_scaling_t0,wide,DEoptim,2232,1.38579057124778e-309
91,DFT_CRT,time_and_value_scaling_t0,wide,DEoptim,2233,1.37980654311979e-309
91,DFT_CRT,time_and_value_scaling_t0,wide,DEoptim,2234,1.38534495213168e-309
91,DFT_CRT,time_and_value_scaling_t0,wide,DEoptim,2235,1.37980654311979e-309
91,DFT_CRT,time_and_value_scaling_t0,wide,DEoptim,2236,3.15073935351137e-310
91,DFT_CRT,time_and_value_scaling_t0,wide,DEoptim,2237,1.379806543124848e-309
91,DFT_CRT,time_and_value_scaling_t0,wide,DEoptim,2238,1.38651204981671e-309
91,DFT_CRT,time_and_value_scaling_t0,wide,DEoptim,2239,1.37980654311979e-309
91,DFT_CRT,time_and_value_scaling_t0,wide,DEoptim,2240,1.38534495213168e-309
91,DFT_CRT,time_and_value_scaling_t0,wide,DEoptim,2241,1.37980654311726e-309
91,DFT_CRT,time_and_value_scaling_t0,wide,DEoptim,2242,1.37980654311726e-309
91,DFT_CRT,time_and_value_scaling_t0,wide,DEoptim,2243,1.37980654311726e-309
91,DFT_CRT,time_and_value_scaling_t0,wide,DEoptim,2244,1.37980654311726e-309
91,DFT_CRT,time_and_value_scaling_t0,wide,DEoptim,2245,1.37980654311979e-309
91,DFT_CRT,time_and_value_scaling_t0,wide,DEoptim,2246,3.2050624457601e-310
91,DFT_CRT,time_and_value_scaling_t0,wide,DEoptim,2247,1.379806543124848e-309
91,DFT_CRT,time_and_value_scaling_t0,wide,DEoptim,2248,1.38579057124778e-309
91,DFT_CRT,time_and_value_scaling_t0,wide,DEoptim,2249,1.37980654311979e-309
91,DFT_CRT,time_and_value_scaling_t0,wide,DEoptim,2250,2.0527694427391904e-289
91,DFT_CRT,time_and_value_scaling_t0,wide,DEoptim,2251,468137486421088e166
91,DFT_CRT,time_and_value_scaling_t0,wide,DEoptim,2252,16155791707778689e193
91,DFT_CRT,time_and_value_scaling_t0,wide,DEoptim,2253,2.78134236082709e-309
91,DFT_CRT,time_and_value_scaling_t0,wide,DEoptim,2254,4.556951275697422e-304
91,DFT_CRT,time_and_value_scaling_t0,wide,DEoptim,2255,8.344026988829457e-309
91,DFT_CRT,time_and_value_scaling_t0,wide,DEoptim,2256,8.224288e-317
91,DFT_CRT,time_and_value_scaling_t0,wide,DEoptim,2257,1.2516125334258437e-308
91,DFT_CRT,time_and_value_scaling_t0,wide,DEoptim,2258,5.960775914293111e-308
91,DFT_CRT,time_and_value_scaling_t0,wide,DEoptim,2259,6.8354268934402224e-304
91,DFT_CRT,time_and_value_scaling_t0,wide,DEoptim,2260,1.6131785505779198e-307
91,DFT_CRT,time_and_value_scaling_t0,wide,DEoptim,2261,6.835426893652422e-304
91,DFT_CRT,time_and_value_scaling_t0,wide,DEoptim,2262,1.390671161567e-309
91,DFT_CRT,time_and_value_scaling_t0,wide,DEoptim,2263,8233684877311708e235
91,DFT_CRT,time_and_value_scaling_t0,wide,DEoptim,2264,6.21436367426923e-310
91,DFT_CRT,time_and_value_scaling_t0,wide,DEoptim,2265,1.37980654311979e-309
91,DFT_CRT,time_and_value_scaling_t0,wide,DEoptim,2266,3.3680317225062e-310
91,DFT_CRT,time_and_value_scaling_t0,wide,DEoptim,2267,1.379806543124848e-309
91,DFT_CRT,time_and_value_scaling_t0,wide,DEoptim,2268,3.4223548147549e-310
91,DFT_CRT,time_and_value_scaling_t0,wide,DEoptim,2269,1.379806543124848e-309
91,DFT_CRT,time_and_value_scaling_t0,wide,DEoptim,2270,2.0527694427391904e-289
91,DFT_CRT,time_and_value_scaling_t0,wide,DEoptim,2271,3.2826474418519685e-28
91,DFT_CRT,time_and_value_scaling_t0,wide,DEoptim,2272,-8371161056012723e283
91,DFT_CRT,time_and_value_scaling_t0,wide,DEoptim,2273,7.291122019556398e-304
91,DFT_CRT,time_and_value_scaling_t0,wide,DEoptim,2274,1.3449746641435458e-284
91,DFT_CRT,time_and_value_scaling_t0,wide,DEoptim,2275,2.449283411106e-312
91,DFT_CRT,time_and_value_scaling_t0,wide,DEoptim,2276,5.38986930906e-312
91,DFT_CRT,time_and_value_scaling_t0,wide,DEoptim,2277,5.562705866225913e-309
91,DFT_CRT,time_and_value_scaling_t0,wide,DEoptim,2278,17100784005557245e198
91,DFT_CRT,time_and_value_scaling_t0,wide,DEoptim,2279,2.471494796323e-312
91,DFT_CRT,time_and_value_scaling_t0,wide,DEoptim,2280,5.38986930905e-312
91,DFT_CRT,time_and_value_scaling_t0,wide,DEoptim,2281,5.38986930906e-312
91,DFT_CRT,time_and_value_scaling_t0,wide,DEoptim,2282,5.411255047883e-312
91,DFT_CRT,time_and_value_scaling_t0,wide,DEoptim,2283,5.38986930905e-312
91,DFT_CRT,time_and_value_scaling_t0,wide,DEoptim,2284,5.38986930905e-312
91,DFT_CRT,time_and_value_scaling_t0,wide,DEoptim,2285,5.38986930906e-312
91,DFT_CRT,time_and_value_scaling_t0,wide,DEoptim,2286,1.358077307423e-312
91,DFT_CRT,time_and_value_scaling_t0,wide,DEoptim,2287,5.38986930908e-312
91,DFT_CRT,time_and_value_scaling_t0,wide,DEoptim,2288,5.411918171567e-312
91,DFT_CRT,time_and_value_scaling_t0,wide,DEoptim,2289,5.38986930906e-312
91,DFT_CRT,time_and_value_scaling_t0,wide,DEoptim,2290,3.39519326554e-313
91,DFT_CRT,time_and_value_scaling_t0,wide,DEoptim,2291,1.90980916355e-313
91,DFT_CRT,time_and_value_scaling_t0,wide,DEoptim,2292,1.0864618593935e-311
91,DFT_CRT,time_and_value_scaling_t0,wide,DEoptim,2293,3.2126e-319
91,DFT_CRT,time_and_value_scaling_t0,wide,DEoptim,2294,2.052769442741057e-289
91,DFT_CRT,time_and_value_scaling_t0,wide,DEoptim,2295,15895420365734263e203
91,DFT_CRT,time_and_value_scaling_t0,wide,DEoptim,2296,4.2439916313e-314
91,DFT_CRT,time_and_value_scaling_t0,wide,DEoptim,2297,1.255e-321
91,DFT_CRT,time_and_value_scaling_t0,wide,DEoptim,2298,5.56270586622599e-309
91,DFT_CRT,time_and_value_scaling_t0,wide,DEoptim,2299,20698834441042932e145
91,DFT_CRT,time_and_value_scaling_t0,wide,DEoptim,2300,6.0008842308318e-310
91,DFT_CRT,time_and_value_scaling_t0,wide,DEoptim,2301,1.37980654311726e-309
91,DFT_CRT,time_and_value_scaling_t0,wide,DEoptim,2302,1.37980654311726e-309
91,DFT_CRT,time_and_value_scaling_t0,wide,DEoptim,2303,1.37980654311726e-309
91,DFT_CRT,time_and_value_scaling_t0,wide,DEoptim,2304,1.37980654311979e-309
91,DFT_CRT,time_and_value_scaling_t0,wide,DEoptim,2305,3.53100099925234e-310
91,DFT_CRT,time_and_value_scaling_t0,wide,DEoptim,2306,1.379806543124848e-309
91,DFT_CRT,time_and_value_scaling_t0,wide,DEoptim,2307,1.38579057124778e-309
91,DFT_CRT,time_and_value_scaling_t0,wide,DEoptim,2308,1.37980654311979e-309
91,DFT_CRT,time_and_value_scaling_t0,wide,DEoptim,2309,2.0527694427391904e-289
91,DFT_CRT,time_and_value_scaling_t0,wide,DEoptim,2310,16565848356690254e227
91,DFT_CRT,time_and_value_scaling_t0,wide,DEoptim,2311,3758285696203482e184
91,DFT_CRT,time_and_value_scaling_t0,wide,DEoptim,2312,4.778311799770985e-299
91,DFT_CRT,time_and_value_scaling_t0,wide,DEoptim,2313,-5727786203457123e235
91,DFT_CRT,time_and_value_scaling_t0,wide,DEoptim,2314,8.81442783059792e-280
91,DFT_CRT,time_and_value_scaling_t0,wide,DEoptim,2315,2.105417699e-314
91,DFT_CRT,time_and_value_scaling_t0,wide,DEoptim,2316,4.7783142700591655e-299
91,DFT_CRT,time_and_value_scaling_t0,wide,DEoptim,2317,2.105417699e-314
91,DFT_CRT,time_and_value_scaling_t0,wide,DEoptim,2318,2.113771503e-314
91,DFT_CRT,time_and_value_scaling_t0,wide,DEoptim,2319,2.105417699e-314
91,DFT_CRT,time_and_value_scaling_t0,wide,DEoptim,2320,4.778314248086561e-299
91,DFT_CRT,time_and_value_scaling_t0,wide,DEoptim,2321,-5727786203457123e235
91,DFT_CRT,time_and_value_scaling_t0,wide,DEoptim,2322,8.814427863434214e-280
91,DFT_CRT,time_and_value_scaling_t0,wide,DEoptim,2323,2.105417699e-314
91,DFT_CRT,time_and_value_scaling_t0,wide,DEoptim,2324,4.778314268112226e-299
91,DFT_CRT,time_and_value_scaling_t0,wide,DEoptim,2325,-5727786203457123e235
91,DFT_CRT,time_and_value_scaling_t0,wide,DEoptim,2326,8.814427896270508e-280
91,DFT_CRT,time_and_value_scaling_t0,wide,DEoptim,2327,2.105417699e-314
91,DFT_CRT,time_and_value_scaling_t0,wide,DEoptim,2328,2.4834631584438887e-265
91,DFT_CRT,time_and_value_scaling_t0,wide,DEoptim,2329,26637340909780692e217
91,DFT_CRT,time_and_value_scaling_t0,wide,DEoptim,2330,4.2439916353e-314
91,DFT_CRT,time_and_value_scaling_t0,wide,DEoptim,2331,1.255e-321
91,DFT_CRT,time_and_value_scaling_t0,wide,DEoptim,2332,1.90980916355e-313
91,DFT_CRT,time_and_value_scaling_t0,wide,DEoptim,2333,46520481904302476e135
91,DFT_CRT,time_and_value_scaling_t0,wide,DEoptim,2334,4764903076861964e165
91,DFT_CRT,time_and_value_scaling_t0,wide,DEoptim,2335,2.78134236211716e-309
91,DFT_CRT,time_and_value_scaling_t0,wide,DEoptim,2336,4.556951275697422e-304
91,DFT_CRT,time_and_value_scaling_t0,wide,DEoptim,2337,8.344026991743575e-309
91,DFT_CRT,time_and_value_scaling_t0,wide,DEoptim,2338,8.224288e-317
91,DFT_CRT,time_and_value_scaling_t0,wide,DEoptim,2339,1.2516125334258437e-308
91,DFT_CRT,time_and_value_scaling_t0,wide,DEoptim,2340,6203093963229489e208
91,DFT_CRT,time_and_value_scaling_t0,wide,DEoptim,2341,2.78134235597522e-309
91,DFT_CRT,time_and_value_scaling_t0,wide,DEoptim,2342,8.224288e-317
91,DFT_CRT,time_and_value_scaling_t0,wide,DEoptim,2343,8.25692e-317
91,DFT_CRT,time_and_value_scaling_t0,wide,DEoptim,2344,8.224288e-317
91,DFT_CRT,time_and_value_scaling_t0,wide,DEoptim,2345,2.78134240537688e-309
91,DFT_CRT,time_and_value_scaling_t0,wide,DEoptim,2346,8.344027051644884e-309
91,DFT_CRT,time_and_value_scaling_t0,wide,DEoptim,2347,8.224288e-317
91,DFT_CRT,time_and_value_scaling_t0,wide,DEoptim,2348,2.78134240572597e-309
91,DFT_CRT,time_and_value_scaling_t0,wide,DEoptim,2349,4.556951275697422e-304
91,DFT_CRT,time_and_value_scaling_t0,wide,DEoptim,2350,8.344026992067366e-309
91,DFT_CRT,time_and_value_scaling_t0,wide,DEoptim,2351,8.224288e-317
91,DFT_CRT,time_and_value_scaling_t0,wide,DEoptim,2352,2.781342405733556e-309
91,DFT_CRT,time_and_value_scaling_t0,wide,DEoptim,2353,8.224288e-317
91,DFT_CRT,time_and_value_scaling_t0,wide,DEoptim,2354,1.2516125334258437e-308
91,DFT_CRT,time_and_value_scaling_t0,wide,DEoptim,2355,982391602513954e238
91,DFT_CRT,time_and_value_scaling_t0,wide,DEoptim,2356,14413957676055173e198
91,DFT_CRT,time_and_value_scaling_t0,wide,DEoptim,2357,1.7308225478470044e-306
91,DFT_CRT,time_and_value_scaling_t0,wide,DEoptim,2358,6.8354268934402224e-304
91,DFT_CRT,time_and_value_scaling_t0,wide,DEoptim,2359,2.5588349436036792e-307
91,DFT_CRT,time_and_value_scaling_t0,wide,DEoptim,2360,6.835426893652422e-304
91,DFT_CRT,time_and_value_scaling_t0,wide,DEoptim,2361,7.117566258592836e-304
91,DFT_CRT,time_and_value_scaling_t0,wide,DEoptim,2362,6.8354268934402224e-304
91,DFT_CRT,time_and_value_scaling_t0,wide,DEoptim,2363,2.6700886365290393e-307
91,DFT_CRT,time_and_value_scaling_t0,wide,DEoptim,2364,6.835426893652422e-304
91,DFT_CRT,time_and_value_scaling_t0,wide,DEoptim,2365,1.390671161567e-309
91,DFT_CRT,time_and_value_scaling_t0,wide,DEoptim,2366,770150089639962e169
91,DFT_CRT,time_and_value_scaling_t0,wide,DEoptim,2367,38098505406110138e164
91,DFT_CRT,time_and_value_scaling_t0,wide,DEoptim,2368,982208445167753e238
91,DFT_CRT,time_and_value_scaling_t0,wide,DEoptim,2369,4743648707086552e155
91,DFT_CRT,time_and_value_scaling_t0,wide,DEoptim,2370,4.778311781757713e-299
91,DFT_CRT,time_and_value_scaling_t0,wide,DEoptim,2371,-5727786203457123e235
91,DFT_CRT,time_and_value_scaling_t0,wide,DEoptim,2372,8.81442806045198e-280
91,DFT_CRT,time_and_value_scaling_t0,wide,DEoptim,2373,2.105417699e-314
91,DFT_CRT,time_and_value_scaling_t0,wide,DEoptim,2374,4.778314271032635e-299
91,DFT_CRT,time_and_value_scaling_t0,wide,DEoptim,2375,2.105417699e-314
91,DFT_CRT,time_and_value_scaling_t0,wide,DEoptim,2376,2.113771503e-314
91,DFT_CRT,time_and_value_scaling_t0,wide,DEoptim,2377,2.105417699e-314
91,DFT_CRT,time_and_value_scaling_t0,wide,DEoptim,2378,2.105417699e-314
91,DFT_CRT,time_and_value_scaling_t0,wide,DEoptim,2379,2.105417699e-314
91,DFT_CRT,time_and_value_scaling_t0,wide,DEoptim,2380,4.778314248086561e-299
91,DFT_CRT,time_and_value_scaling_t0,wide,DEoptim,2381,-5727786203457123e235
91,DFT_CRT,time_and_value_scaling_t0,wide,DEoptim,2382,8.814428093288275e-280
91,DFT_CRT,time_and_value_scaling_t0,wide,DEoptim,2383,2.105417699e-314
91,DFT_CRT,time_and_value_scaling_t0,wide,DEoptim,2384,4.778314268112226e-299
91,DFT_CRT,time_and_value_scaling_t0,wide,DEoptim,2385,-5727786203457123e235
91,DFT_CRT,time_and_value_scaling_t0,wide,DEoptim,2386,8.814428126124569e-280
91,DFT_CRT,time_and_value_scaling_t0,wide,DEoptim,2387,2.105417699e-314
91,DFT_CRT,time_and_value_scaling_t0,wide,DEoptim,2388,2.4834631584438887e-265
91,DFT_CRT,time_and_value_scaling_t0,wide,DEoptim,2389,3684213958931073e165
91,DFT_CRT,time_and_value_scaling_t0,wide,DEoptim,2390,1.7315423345599303e-306
91,DFT_CRT,time_and_value_scaling_t0,wide,DEoptim,2391,6.8354268934402224e-304
91,DFT_CRT,time_and_value_scaling_t0,wide,DEoptim,2392,7.130026672200476e-304
91,DFT_CRT,time_and_value_scaling_t0,wide,DEoptim,2393,6.835426893334123e-304
91,DFT_CRT,time_and_value_scaling_t0,wide,DEoptim,2394,6.8354268934402224e-304
91,DFT_CRT,time_and_value_scaling_t0,wide,DEoptim,2395,6.835426893652422e-304
91,DFT_CRT,time_and_value_scaling_t0,wide,DEoptim,2396,7.081075047313318e-304
91,DFT_CRT,time_and_value_scaling_t0,wide,DEoptim,2397,6.8354268934402224e-304
91,DFT_CRT,time_and_value_scaling_t0,wide,DEoptim,2398,3.1151034082304796e-307
91,DFT_CRT,time_and_value_scaling_t0,wide,DEoptim,2399,6.835426893652422e-304
91,DFT_CRT,time_and_value_scaling_t0,wide,DEoptim,2400,1.390671161567e-309
91,DFT_CRT,time_and_value_scaling_t0,wide,DEoptim,2401,10924874847975002e230
91,DFT_CRT,time_and_value_scaling_t0,wide,DEoptim,2402,2.781342359539545e-309
91,DFT_CRT,time_and_value_scaling_t0,wide,DEoptim,2403,8.224288e-317
91,DFT_CRT,time_and_value_scaling_t0,wide,DEoptim,2404,1.390671166747655e-309
91,DFT_CRT,time_and_value_scaling_t0,wide,DEoptim,2405,5980763701026142e82
91,DFT_CRT,time_and_value_scaling_t0,wide,DEoptim,2406,1.2784949204853076e-152
91,DFT_CRT,time_and_value_scaling_t0,wide,DEoptim,2407,2451254380554399e183
91,DFT_CRT,time_and_value_scaling_t0,wide,DEoptim,2408,17101035248109517e198
91,DFT_CRT,time_and_value_scaling_t0,wide,DEoptim,2409,7201280289525049e237
91,DFT_CRT,time_and_value_scaling_t0,wide,DEoptim,2410,7339561231926069e208
91,DFT_CRT,time_and_value_scaling_t0,wide,DEoptim,2411,4266146281936862e165
91,DFT_CRT,time_and_value_scaling_t0,wide,DEoptim,2412,3170452087079596e165
91,DFT_CRT,time_and_value_scaling_t0,wide,DEoptim,2413,2.78134233363244e-309
91,DFT_CRT,time_and_value_scaling_t0,wide,DEoptim,2414,8.224288e-317
91,DFT_CRT,time_and_value_scaling_t0,wide,DEoptim,2415,1.390671166747655e-309
91,DFT_CRT,time_and_value_scaling_t0,wide,DEoptim,2416,13208868487863932e153
91,DFT_CRT,time_and_value_scaling_t0,wide,DEoptim,2417,11444788695746135e227
91,DFT_CRT,time_and_value_scaling_t0,wide,DEoptim,2418,2.781342333569236e-309
91,DFT_CRT,time_and_value_scaling_t0,wide,DEoptim,2419,8.224288e-317
91,DFT_CRT,time_and_value_scaling_t0,wide,DEoptim,2420,2.781342405793e-309
91,DFT_CRT,time_and_value_scaling_t0,wide,DEoptim,2421,8.224288e-317
91,DFT_CRT,time_and_value_scaling_t0,wide,DEoptim,2422,1.390671166747655e-309
91,DFT_CRT,time_and_value_scaling_t0,wide,DEoptim,2423,4.661462957390851e-154
91,DFT_CRT,time_and_value_scaling_t0,wide,DEoptim,2424,752737130061433e238
91,DFT_CRT,time_and_value_scaling_t0,wide,DEoptim,2425,36248228516724986e212
91,DFT_CRT,time_and_value_scaling_t0,wide,DEoptim,2426,1.0218941522297946e-152
91,DFT_CRT,time_and_value_scaling_t0,wide,DEoptim,2427,-8371161056012723e283
91,DFT_CRT,time_and_value_scaling_t0,wide,DEoptim,2428,1.2882297539194267e-231
91,DFT_CRT,time_and_value_scaling_t0,wide,DEoptim,2429,2.4834631584438887e-265
91,DFT_CRT,time_and_value_scaling_t0,wide,DEoptim,2430,12862569251509028e232
91,DFT_CRT,time_and_value_scaling_t0,wide,DEoptim,2431,1490054706679254e180
91,DFT_CRT,time_and_value_scaling_t0,wide,DEoptim,2432,10980118689084671e232
91,DFT_CRT,time_and_value_scaling_t0,wide,DEoptim,2433,5267485055767239e155
91,DFT_CRT,time_and_value_scaling_t0,wide,DEoptim,2434,2.12548667866526e-310
91,DFT_CRT,time_and_value_scaling_t0,wide,DEoptim,2435,1.37980654311979e-309
91,DFT_CRT,time_and_value_scaling_t0,wide,DEoptim,2436,1.386830349185354e-309
91,DFT_CRT,time_and_value_scaling_t0,wide,DEoptim,2437,1.37980654311979e-309
91,DFT_CRT,time_and_value_scaling_t0,wide,DEoptim,2438,8.691694759794e-311
91,DFT_CRT,time_and_value_scaling_t0,wide,DEoptim,2439,4.8891114586947e-311
91,DFT_CRT,time_and_value_scaling_t0,wide,DEoptim,2440,4.77831029906774e-299
91,DFT_CRT,time_and_value_scaling_t0,wide,DEoptim,2441,2.105417699e-314
91,DFT_CRT,time_and_value_scaling_t0,wide,DEoptim,2442,7.291122454141135e-304
91,DFT_CRT,time_and_value_scaling_t0,wide,DEoptim,2443,9.775796690960072e-150
91,DFT_CRT,time_and_value_scaling_t0,wide,DEoptim,2444,2.195298492473608e-152
91,DFT_CRT,time_and_value_scaling_t0,wide,DEoptim,2445,17101035244969347e198
91,DFT_CRT,time_and_value_scaling_t0,wide,DEoptim,2446,3442102581559143e160
91,DFT_CRT,time_and_value_scaling_t0,wide,DEoptim,2447,14299055199687548e232
91,DFT_CRT,time_and_value_scaling_t0,wide,DEoptim,2448,4.243991602e-314
91,DFT_CRT,time_and_value_scaling_t0,wide,DEoptim,2449,1.90980916355e-313
91,DFT_CRT,time_and_value_scaling_t0,wide,DEoptim,2450,2.5218696350101e-310
91,DFT_CRT,time_and_value_scaling_t0,wide,DEoptim,2451,5.432309224871e-311
91,DFT_CRT,time_and_value_scaling_t0,wide,DEoptim,2452,1.265e-321
91,DFT_CRT,time_and_value_scaling_t0,wide,DEoptim,2453,1.37980654311726e-309
91,DFT_CRT,time_and_value_scaling_t0,wide,DEoptim,2454,1.37980654311726e-309
91,DFT_CRT,time_and_value_scaling_t0,wide,DEoptim,2455,1.37980654311726e-309
91,DFT_CRT,time_and_value_scaling_t0,wide,DEoptim,2456,1.37980654311979e-309
91,DFT_CRT,time_and_value_scaling_t0,wide,DEoptim,2457,4.1828781062369e-310
91,DFT_CRT,time_and_value_scaling_t0,wide,DEoptim,2458,1.379806543124848e-309
91,DFT_CRT,time_and_value_scaling_t0,wide,DEoptim,2459,2.0527694427391904e-289
91,DFT_CRT,time_and_value_scaling_t0,wide,DEoptim,2460,5270881796918551e184
91,DFT_CRT,time_and_value_scaling_t0,wide,DEoptim,2461,2.264163923767476e-306
91,DFT_CRT,time_and_value_scaling_t0,wide,DEoptim,2462,6.8354268934402224e-304
91,DFT_CRT,time_and_value_scaling_t0,wide,DEoptim,2463,7.065054515532066e-304
91,DFT_CRT,time_and_value_scaling_t0,wide,DEoptim,2464,6.8354268934402224e-304
91,DFT_CRT,time_and_value_scaling_t0,wide,DEoptim,2465,7.130026672200476e-304
91,DFT_CRT,time_and_value_scaling_t0,wide,DEoptim,2466,1.390671162214583e-309
91,DFT_CRT,time_and_value_scaling_t0,wide,DEoptim,2467,7402983152536585e211
91,DFT_CRT,time_and_value_scaling_t0,wide,DEoptim,2468,5293719297246581e165
91,DFT_CRT,time_and_value_scaling_t0,wide,DEoptim,2469,1.6259745436952323e-260
91,DFT_CRT,time_and_value_scaling_t0,wide,DEoptim,2470,7.291122046717944e-304
91,DFT_CRT,time_and_value_scaling_t0,wide,DEoptim,2471,-8371160993642713e283
91,DFT_CRT,time_and_value_scaling_t0,wide,DEoptim,2472,-8371161056012723e283
91,DFT_CRT,time_and_value_scaling_t0,wide,DEoptim,2473,5391994234591163e52
91,DFT_CRT,time_and_value_scaling_t0,wide,DEoptim,2474,-8371161180752742e283
91,DFT_CRT,time_and_value_scaling_t0,wide,DEoptim,2475,-17829903223579488e288
91,DFT_CRT,time_and_value_scaling_t0,wide,DEoptim,2476,-8371161056012723e283
91,DFT_CRT,time_and_value_scaling_t0,wide,DEoptim,2477,-6034736475673058e289
91,DFT_CRT,time_and_value_scaling_t0,wide,DEoptim,2478,-8371161056012723e283
91,DFT_CRT,time_and_value_scaling_t0,wide,DEoptim,2479,3.5336973415816646e+72
91,DFT_CRT,time_and_value_scaling_t0,wide,DEoptim,2480,-8371161180752742e283
91,DFT_CRT,time_and_value_scaling_t0,wide,DEoptim,2481,-8914951611789744e288
91,DFT_CRT,time_and_value_scaling_t0,wide,DEoptim,2482,-8371161056012723e283
91,DFT_CRT,time_and_value_scaling_t0,wide,DEoptim,2483,-6034736475673058e289
91,DFT_CRT,time_and_value_scaling_t0,wide,DEoptim,2484,-8371161056012723e283
91,DFT_CRT,time_and_value_scaling_t0,wide,DEoptim,2485,-1481253498574296e290
91,DFT_CRT,time_and_value_scaling_t0,wide,DEoptim,2486,-8371160993642713e283
91,DFT_CRT,time_and_value_scaling_t0,wide,DEoptim,2487,-8371160993642713e283
91,DFT_CRT,time_and_value_scaling_t0,wide,DEoptim,2488,-8371161056012723e283
91,DFT_CRT,time_and_value_scaling_t0,wide,DEoptim,2489,23158438897789597e61
91,DFT_CRT,time_and_value_scaling_t0,wide,DEoptim,2490,-8371161180752742e283
91,DFT_CRT,time_and_value_scaling_t0,wide,DEoptim,2491,-17829903223579488e288
91,DFT_CRT,time_and_value_scaling_t0,wide,DEoptim,2492,-8371161056012723e283
91,DFT_CRT,time_and_value_scaling_t0,wide,DEoptim,2493,-61718895773929e290
91,DFT_CRT,time_and_value_scaling_t0,wide,DEoptim,2494,-8371161056012723e283
91,DFT_CRT,time_and_value_scaling_t0,wide,DEoptim,2495,-1481253498574296e290
91,DFT_CRT,time_and_value_scaling_t0,wide,DEoptim,2496,-8371160993642713e283
91,DFT_CRT,time_and_value_scaling_t0,wide,DEoptim,2497,-8371161056012723e283
91,DFT_CRT,time_and_value_scaling_t0,wide,DEoptim,2498,1517711451605539e67
91,DFT_CRT,time_and_value_scaling_t0,wide,DEoptim,2499,-8371161180752742e283
91,DFT_CRT,time_and_value_scaling_t0,wide,DEoptim,2500,-21944496275174755e288
91,DFT_CRT,time_and_value_scaling_t0,wide,DEoptim,2501,-8371161056012723e283
91,DFT_CRT,time_and_value_scaling_t0,wide,DEoptim,2502,-8371161180752742e283
91,DFT_CRT,time_and_value_scaling_t0,wide,DEoptim,2503,-28802151361166866e288
91,DFT_CRT,time_and_value_scaling_t0,wide,DEoptim,2504,-8371161056012723e283
91,DFT_CRT,time_and_value_scaling_t0,wide,DEoptim,2505,-7886303348890927e288
91,DFT_CRT,time_and_value_scaling_t0,wide,DEoptim,2506,-8371160993642713e283
91,DFT_CRT,time_and_value_scaling_t0,wide,DEoptim,2507,-8371161056012723e283
91,DFT_CRT,time_and_value_scaling_t0,wide,DEoptim,2508,-8371161180752742e283
91,DFT_CRT,time_and_value_scaling_t0,wide,DEoptim,2509,-13715310171984222e288
91,DFT_CRT,time_and_value_scaling_t0,wide,DEoptim,2510,-8371161056012723e283
91,DFT_CRT,time_and_value_scaling_t0,wide,DEoptim,2511,994647376924206e72
91,DFT_CRT,time_and_value_scaling_t0,wide,DEoptim,2512,-8371161180752742e283
91,DFT_CRT,time_and_value_scaling_t0,wide,DEoptim,2513,-17829903223579488e288
91,DFT_CRT,time_and_value_scaling_t0,wide,DEoptim,2514,-8371161056012723e283
91,DFT_CRT,time_and_value_scaling_t0,wide,DEoptim,2515,-7886303348890927e288
91,DFT_CRT,time_and_value_scaling_t0,wide,DEoptim,2516,-8371161056012723e283
91,DFT_CRT,time_and_value_scaling_t0,wide,DEoptim,2517,6518521049410477e76
91,DFT_CRT,time_and_value_scaling_t0,wide,DEoptim,2518,-8371161180752742e283
91,DFT_CRT,time_and_value_scaling_t0,wide,DEoptim,2519,7.291122019556398e-304
91,DFT_CRT,time_and_value_scaling_t0,wide,DEoptim,2520,5.776622196445113e-275
91,DFT_CRT,time_and_value_scaling_t0,wide,DEoptim,2521,9.535450748586024e-307
91,DFT_CRT,time_and_value_scaling_t0,wide,DEoptim,2522,6.8354268934402224e-304
91,DFT_CRT,time_and_value_scaling_t0,wide,DEoptim,2523,4.450147729655198e-307
91,DFT_CRT,time_and_value_scaling_t0,wide,DEoptim,2524,6.835426893652422e-304
91,DFT_CRT,time_and_value_scaling_t0,wide,DEoptim,2525,7.116676229049433e-304
91,DFT_CRT,time_and_value_scaling_t0,wide,DEoptim,2526,6.8354268934402224e-304
91,DFT_CRT,time_and_value_scaling_t0,wide,DEoptim,2527,7.130026672200476e-304
91,DFT_CRT,time_and_value_scaling_t0,wide,DEoptim,2528,6.835426893334123e-304
91,DFT_CRT,time_and_value_scaling_t0,wide,DEoptim,2529,6.835426893334123e-304
91,DFT_CRT,time_and_value_scaling_t0,wide,DEoptim,2530,6.835426893334123e-304
91,DFT_CRT,time_and_value_scaling_t0,wide,DEoptim,2531,6.8354268934402224e-304
91,DFT_CRT,time_and_value_scaling_t0,wide,DEoptim,2532,4.672655115505918e-307
91,DFT_CRT,time_and_value_scaling_t0,wide,DEoptim,2533,6.835426893652422e-304
91,DFT_CRT,time_and_value_scaling_t0,wide,DEoptim,2534,7.091755401834152e-304
91,DFT_CRT,time_and_value_scaling_t0,wide,DEoptim,2535,6.8354268934402224e-304
91,DFT_CRT,time_and_value_scaling_t0,wide,DEoptim,2536,4.895162501356638e-307
91,DFT_CRT,time_and_value_scaling_t0,wide,DEoptim,2537,6.835426893652422e-304
91,DFT_CRT,time_and_value_scaling_t0,wide,DEoptim,2538,1.390671161567e-309
91,DFT_CRT,time_and_value_scaling_t0,wide,DEoptim,2539,1365609355968259e231
91,DFT_CRT,time_and_value_scaling_t0,wide,DEoptim,2540,14877659631958066e179
91,DFT_CRT,time_and_value_scaling_t0,wide,DEoptim,2541,-8371161056012723e283
91,DFT_CRT,time_and_value_scaling_t0,wide,DEoptim,2542,-7886303348890927e288
91,DFT_CRT,time_and_value_scaling_t0,wide,DEoptim,2543,-8371161056012723e283
91,DFT_CRT,time_and_value_scaling_t0,wide,DEoptim,2544,12024548953756368e95
91,DFT_CRT,time_and_value_scaling_t0,wide,DEoptim,2545,-8371161180752742e283
91,DFT_CRT,time_and_value_scaling_t0,wide,DEoptim,2546,-1975004664765728e290
91,DFT_CRT,time_and_value_scaling_t0,wide,DEoptim,2547,-8371161056012723e283
91,DFT_CRT,time_and_value_scaling_t0,wide,DEoptim,2548,-12618085358225484e289
91,DFT_CRT,time_and_value_scaling_t0,wide,DEoptim,2549,-8371160993642713e283
91,DFT_CRT,time_and_value_scaling_t0,wide,DEoptim,2550,-8371160993642713e283
91,DFT_CRT,time_and_value_scaling_t0,wide,DEoptim,2551,-8371161056012723e283
91,DFT_CRT,time_and_value_scaling_t0,wide,DEoptim,2552,7880408402333773e100
91,DFT_CRT,time_and_value_scaling_t0,wide,DEoptim,2553,-8371161180752742e283
91,DFT_CRT,time_and_value_scaling_t0,wide,DEoptim,2554,-17829903223579488e288
91,DFT_CRT,time_and_value_scaling_t0,wide,DEoptim,2555,-8371161056012723e283
91,DFT_CRT,time_and_value_scaling_t0,wide,DEoptim,2556,-7886303348890927e288
91,DFT_CRT,time_and_value_scaling_t0,wide,DEoptim,2557,-8371161056012723e283
91,DFT_CRT,time_and_value_scaling_t0,wide,DEoptim,2558,-8371160993642713e283
91,DFT_CRT,time_and_value_scaling_t0,wide,DEoptim,2559,-8371160993642713e283
91,DFT_CRT,time_and_value_scaling_t0,wide,DEoptim,2560,-8371160993642713e283
91,DFT_CRT,time_and_value_scaling_t0,wide,DEoptim,2561,-8371160993642713e283
91,DFT_CRT,time_and_value_scaling_t0,wide,DEoptim,2562,-8371160993642713e283
91,DFT_CRT,time_and_value_scaling_t0,wide,DEoptim,2563,-8371160993642713e283
91,DFT_CRT,time_and_value_scaling_t0,wide,DEoptim,2564,-8371160993642713e283
91,DFT_CRT,time_and_value_scaling_t0,wide,DEoptim,2565,-8371161056012723e283
91,DFT_CRT,time_and_value_scaling_t0,wide,DEoptim,2566,5164504450553462e105
91,DFT_CRT,time_and_value_scaling_t0,wide,DEoptim,2567,-8371161180752742e283
91,DFT_CRT,time_and_value_scaling_t0,wide,DEoptim,2568,7.291122019556398e-304
91,DFT_CRT,time_and_value_scaling_t0,wide,DEoptim,2569,1.3449746641435458e-284
91,DFT_CRT,time_and_value_scaling_t0,wide,DEoptim,2570,2.15145895753e-312
91,DFT_CRT,time_and_value_scaling_t0,wide,DEoptim,2571,5.38986930906e-312
91,DFT_CRT,time_and_value_scaling_t0,wide,DEoptim,2572,5.411752390646e-312
91,DFT_CRT,time_and_value_scaling_t0,wide,DEoptim,2573,5.38986930905e-312
91,DFT_CRT,time_and_value_scaling_t0,wide,DEoptim,2574,5.38986930906e-312
91,DFT_CRT,time_and_value_scaling_t0,wide,DEoptim,2575,1.909796213074e-312
91,DFT_CRT,time_and_value_scaling_t0,wide,DEoptim,2576,5.38986930908e-312
91,DFT_CRT,time_and_value_scaling_t0,wide,DEoptim,2577,5.413244418937e-312
91,DFT_CRT,time_and_value_scaling_t0,wide,DEoptim,2578,5.38986930906e-312
91,DFT_CRT,time_and_value_scaling_t0,wide,DEoptim,2579,5.562705866225913e-309
91,DFT_CRT,time_and_value_scaling_t0,wide,DEoptim,2580,562600882185823e161
91,DFT_CRT,time_and_value_scaling_t0,wide,DEoptim,2581,1.086461857681e-311
91,DFT_CRT,time_and_value_scaling_t0,wide,DEoptim,2582,1.32548345118981e-309
91,DFT_CRT,time_and_value_scaling_t0,wide,DEoptim,2583,3.2593855464324e-311
91,DFT_CRT,time_and_value_scaling_t0,wide,DEoptim,2584,3.2126e-319
91,DFT_CRT,time_and_value_scaling_t0,wide,DEoptim,2585,4.8891114586947e-311
91,DFT_CRT,time_and_value_scaling_t0,wide,DEoptim,2586,9.107948145086717e-307
91,DFT_CRT,time_and_value_scaling_t0,wide,DEoptim,2587,6.8354268934402224e-304
91,DFT_CRT,time_and_value_scaling_t0,wide,DEoptim,2588,6.230206816460959e-307
91,DFT_CRT,time_and_value_scaling_t0,wide,DEoptim,2589,6.835426893652422e-304
91,DFT_CRT,time_and_value_scaling_t0,wide,DEoptim,2590,7.136256879004296e-304
91,DFT_CRT,time_and_value_scaling_t0,wide,DEoptim,2591,6.8354268934402224e-304
91,DFT_CRT,time_and_value_scaling_t0,wide,DEoptim,2592,6.452714202311679e-307
91,DFT_CRT,time_and_value_scaling_t0,wide,DEoptim,2593,6.835426893652422e-304
91,DFT_CRT,time_and_value_scaling_t0,wide,DEoptim,2594,6.675221588162399e-307
91,DFT_CRT,time_and_value_scaling_t0,wide,DEoptim,2595,6.835426893652422e-304
91,DFT_CRT,time_and_value_scaling_t0,wide,DEoptim,2596,7.123796465396656e-304
91,DFT_CRT,time_and_value_scaling_t0,wide,DEoptim,2597,6.8354268934402224e-304
91,DFT_CRT,time_and_value_scaling_t0,wide,DEoptim,2598,7.124686494940059e-304
91,DFT_CRT,time_and_value_scaling_t0,wide,DEoptim,2599,6.8354268934402224e-304
91,DFT_CRT,time_and_value_scaling_t0,wide,DEoptim,2600,1.390671161567e-309
91,DFT_CRT,time_and_value_scaling_t0,wide,DEoptim,2601,5576948925132552e168
91,DFT_CRT,time_and_value_scaling_t0,wide,DEoptim,2602,14877659631957423e179
91,DFT_CRT,time_and_value_scaling_t0,wide,DEoptim,2603,7347283643711464e213
91,DFT_CRT,time_and_value_scaling_t0,wide,DEoptim,2604,8.409644775e-315
91,DFT_CRT,time_and_value_scaling_t0,wide,DEoptim,2605,4.778314248086561e-299
91,DFT_CRT,time_and_value_scaling_t0,wide,DEoptim,2606,2.105417699e-314
91,DFT_CRT,time_and_value_scaling_t0,wide,DEoptim,2607,2.113771503e-314
91,DFT_CRT,time_and_value_scaling_t0,wide,DEoptim,2608,2.105417699e-314
91,DFT_CRT,time_and_value_scaling_t0,wide,DEoptim,2609,2.105417699e-314
91,DFT_CRT,time_and_value_scaling_t0,wide,DEoptim,2610,2.105417699e-314
91,DFT_CRT,time_and_value_scaling_t0,wide,DEoptim,2611,4.778314248086561e-299
91,DFT_CRT,time_and_value_scaling_t0,wide,DEoptim,2612,-5727786203457123e235
91,DFT_CRT,time_and_value_scaling_t0,wide,DEoptim,2613,8.814428782850457e-280
91,DFT_CRT,time_and_value_scaling_t0,wide,DEoptim,2614,2.105417699e-314
91,DFT_CRT,time_and_value_scaling_t0,wide,DEoptim,2615,4.778314267486424e-299
91,DFT_CRT,time_and_value_scaling_t0,wide,DEoptim,2616,8.814434003821268e-280
91,DFT_CRT,time_and_value_scaling_t0,wide,DEoptim,2617,2.105417699e-314
91,DFT_CRT,time_and_value_scaling_t0,wide,DEoptim,2618,4.778314271867038e-299
91,DFT_CRT,time_and_value_scaling_t0,wide,DEoptim,2619,2.105417699e-314
91,DFT_CRT,time_and_value_scaling_t0,wide,DEoptim,2620,2.116458967e-314
91,DFT_CRT,time_and_value_scaling_t0,wide,DEoptim,2621,4.778314248086561e-299
91,DFT_CRT,time_and_value_scaling_t0,wide,DEoptim,2622,2.114516222e-314
91,DFT_CRT,time_and_value_scaling_t0,wide,DEoptim,2623,7.291122291171859e-304
91,DFT_CRT,time_and_value_scaling_t0,wide,DEoptim,2624,8.289046e-317
91,DFT_CRT,time_and_value_scaling_t0,wide,DEoptim,2625,4.778314248086561e-299
91,DFT_CRT,time_and_value_scaling_t0,wide,DEoptim,2626,-5727786203457123e235
91,DFT_CRT,time_and_value_scaling_t0,wide,DEoptim,2627,8.814428815686752e-280
91,DFT_CRT,time_and_value_scaling_t0,wide,DEoptim,2628,2.105417699e-314
91,DFT_CRT,time_and_value_scaling_t0,wide,DEoptim,2629,4.778314267695025e-299
91,DFT_CRT,time_and_value_scaling_t0,wide,DEoptim,2630,2.105417699e-314
91,DFT_CRT,time_and_value_scaling_t0,wide,DEoptim,2631,4.778314266026219e-299
91,DFT_CRT,time_and_value_scaling_t0,wide,DEoptim,2632,-5727786203457123e235
91,DFT_CRT,time_and_value_scaling_t0,wide,DEoptim,2633,8.814428848523046e-280
91,DFT_CRT,time_and_value_scaling_t0,wide,DEoptim,2634,2.105417699e-314
91,DFT_CRT,time_and_value_scaling_t0,wide,DEoptim,2635,4.778314271032635e-299
91,DFT_CRT,time_and_value_scaling_t0,wide,DEoptim,2636,2.105417699e-314
91,DFT_CRT,time_and_value_scaling_t0,wide,DEoptim,2637,2.113771503e-314
91,DFT_CRT,time_and_value_scaling_t0,wide,DEoptim,2638,2.105417699e-314
91,DFT_CRT,time_and_value_scaling_t0,wide,DEoptim,2639,4.778314248086561e-299
91,DFT_CRT,time_and_value_scaling_t0,wide,DEoptim,2640,-5727786203457123e235
91,DFT_CRT,time_and_value_scaling_t0,wide,DEoptim,2641,8.81442888135934e-280
91,DFT_CRT,time_and_value_scaling_t0,wide,DEoptim,2642,2.105417699e-314
91,DFT_CRT,time_and_value_scaling_t0,wide,DEoptim,2643,4.778314267695025e-299
91,DFT_CRT,time_and_value_scaling_t0,wide,DEoptim,2644,2.105417699e-314
91,DFT_CRT,time_and_value_scaling_t0,wide,DEoptim,2645,2.4834631584438887e-265
91,DFT_CRT,time_and_value_scaling_t0,wide,DEoptim,2646,5826601220190441e237
91,DFT_CRT,time_and_value_scaling_t0,wide,DEoptim,2647,6.3263992464233e-310
91,DFT_CRT,time_and_value_scaling_t0,wide,DEoptim,2648,1.37980654311979e-309
91,DFT_CRT,time_and_value_scaling_t0,wide,DEoptim,2649,1.38528129225795e-309
91,DFT_CRT,time_and_value_scaling_t0,wide,DEoptim,2650,1.37980654311726e-309
91,DFT_CRT,time_and_value_scaling_t0,wide,DEoptim,2651,1.37980654311979e-309
91,DFT_CRT,time_and_value_scaling_t0,wide,DEoptim,2652,5.3779861357085e-310
91,DFT_CRT,time_and_value_scaling_t0,wide,DEoptim,2653,1.379806543124848e-309
91,DFT_CRT,time_and_value_scaling_t0,wide,DEoptim,2654,1.38579057124778e-309
91,DFT_CRT,time_and_value_scaling_t0,wide,DEoptim,2655,1.37980654311979e-309
91,DFT_CRT,time_and_value_scaling_t0,wide,DEoptim,2656,2.0527694427391904e-289
91,DFT_CRT,time_and_value_scaling_t0,wide,DEoptim,2657,7820259454457163e208
91,DFT_CRT,time_and_value_scaling_t0,wide,DEoptim,2658,4941422626736525e242
91,DFT_CRT,time_and_value_scaling_t0,wide,DEoptim,2659,4.243991639e-314
91,DFT_CRT,time_and_value_scaling_t0,wide,DEoptim,2660,5.17766973121e-312
91,DFT_CRT,time_and_value_scaling_t0,wide,DEoptim,2661,1.2731974795e-313
91,DFT_CRT,time_and_value_scaling_t0,wide,DEoptim,2662,7.105427357601403e-15
91,DFT_CRT,time_and_value_scaling_t0,wide,DEoptim,2663,4.243991708e-314
91,DFT_CRT,time_and_value_scaling_t0,wide,DEoptim,2664,5.17766973121e-312
91,DFT_CRT,time_and_value_scaling_t0,wide,DEoptim,2665,1.27319747957e-313
91,DFT_CRT,time_and_value_scaling_t0,wide,DEoptim,2666,1.255e-321
91,DFT_CRT,time_and_value_scaling_t0,wide,DEoptim,2667,1.90980916355e-313
91,DFT_CRT,time_and_value_scaling_t0,wide,DEoptim,2668,11181625257151026e184
91,DFT_CRT,time_and_value_scaling_t0,wide,DEoptim,2669,28567980769360734e135
91,DFT_CRT,time_and_value_scaling_t0,wide,DEoptim,2670,2.78134236084602e-309
91,DFT_CRT,time_and_value_scaling_t0,wide,DEoptim,2671,8.224288e-317
91,DFT_CRT,time_and_value_scaling_t0,wide,DEoptim,2672,2.7813424057032e-309
91,DFT_CRT,time_and_value_scaling_t0,wide,DEoptim,2673,8.224288e-317
91,DFT_CRT,time_and_value_scaling_t0,wide,DEoptim,2674,1.390671166747655e-309
91,DFT_CRT,time_and_value_scaling_t0,wide,DEoptim,2675,3210532166808778e192
91,DFT_CRT,time_and_value_scaling_t0,wide,DEoptim,2676,2.78134236082709e-309
91,DFT_CRT,time_and_value_scaling_t0,wide,DEoptim,2677,8.224288e-317
91,DFT_CRT,time_and_value_scaling_t0,wide,DEoptim,2678,1.390671166747655e-309
91,DFT_CRT,time_and_value_scaling_t0,wide,DEoptim,2679,1241021759342422e202
91,DFT_CRT,time_and_value_scaling_t0,wide,DEoptim,2680,4.94e-322
91,DFT_CRT,time_and_value_scaling_t0,wide,DEoptim,2681,1.255e-321
91,DFT_CRT,time_and_value_scaling_t0,wide,DEoptim,2682,1.255e-321
91,DFT_CRT,time_and_value_scaling_t0,wide,DEoptim,2683,4.2439917074e-314
91,DFT_CRT,time_and_value_scaling_t0,wide,DEoptim,2684,5.17766973121e-312
91,DFT_CRT,time_and_value_scaling_t0,wide,DEoptim,2685,1.2731974796e-313
91,DFT_CRT,time_and_value_scaling_t0,wide,DEoptim,2686,1.8827498946117344e-183
91,DFT_CRT,time_and_value_scaling_t0,wide,DEoptim,2687,4.243991708e-314
91,DFT_CRT,time_and_value_scaling_t0,wide,DEoptim,2688,1.3684555315672814e-48
91,DFT_CRT,time_and_value_scaling_t0,wide,DEoptim,2689,4.243991708e-314
91,DFT_CRT,time_and_value_scaling_t0,wide,DEoptim,2690,5.17766973121e-312
91,DFT_CRT,time_and_value_scaling_t0,wide,DEoptim,2691,1.27319747967e-313
91,DFT_CRT,time_and_value_scaling_t0,wide,DEoptim,2692,1.625974543695324e-260
91,DFT_CRT,time_and_value_scaling_t0,wide,DEoptim,2693,4.243991708e-314
91,DFT_CRT,time_and_value_scaling_t0,wide,DEoptim,2694,1.3684555315672814e-48
91,DFT_CRT,time_and_value_scaling_t0,wide,DEoptim,2695,4.243991708e-314
91,DFT_CRT,time_and_value_scaling_t0,wide,DEoptim,2696,5164499756174108e105
91,DFT_CRT,time_and_value_scaling_t0,wide,DEoptim,2697,1.26e-321
91,DFT_CRT,time_and_value_scaling_t0,wide,DEoptim,2698,1.255e-321
91,DFT_CRT,time_and_value_scaling_t0,wide,DEoptim,2699,4.2439917074e-314
91,DFT_CRT,time_and_value_scaling_t0,wide,DEoptim,2700,5.17766973121e-312
91,DFT_CRT,time_and_value_scaling_t0,wide,DEoptim,2701,1.2731974797e-313
91,DFT_CRT,time_and_value_scaling_t0,wide,DEoptim,2702,1.8827498946117344e-183
91,DFT_CRT,time_and_value_scaling_t0,wide,DEoptim,2703,4.243991708e-314
91,DFT_CRT,time_and_value_scaling_t0,wide,DEoptim,2704,1.255e-321
91,DFT_CRT,time_and_value_scaling_t0,wide,DEoptim,2705,1.90980916355e-313
91,DFT_CRT,time_and_value_scaling_t0,wide,DEoptim,2706,7337037131900527e208
91,DFT_CRT,time_and_value_scaling_t0,wide,DEoptim,2707,2.78134236084228e-309
91,DFT_CRT,time_and_value_scaling_t0,wide,DEoptim,2708,4.556951275697422e-304
91,DFT_CRT,time_and_value_scaling_t0,wide,DEoptim,2709,8.344027003400046e-309
91,DFT_CRT,time_and_value_scaling_t0,wide,DEoptim,2710,8.224288e-317
91,DFT_CRT,time_and_value_scaling_t0,wide,DEoptim,2711,2.781342405777825e-309
91,DFT_CRT,time_and_value_scaling_t0,wide,DEoptim,2712,4.556951275697422e-304
91,DFT_CRT,time_and_value_scaling_t0,wide,DEoptim,2713,8.344027003723837e-309
91,DFT_CRT,time_and_value_scaling_t0,wide,DEoptim,2714,8.224288e-317
91,DFT_CRT,time_and_value_scaling_t0,wide,DEoptim,2715,2.781342405814504e-309
91,DFT_CRT,time_and_value_scaling_t0,wide,DEoptim,2716,8.224288e-317
91,DFT_CRT,time_and_value_scaling_t0,wide,DEoptim,2717,2.7813424057032e-309
91,DFT_CRT,time_and_value_scaling_t0,wide,DEoptim,2718,8.224288e-317
91,DFT_CRT,time_and_value_scaling_t0,wide,DEoptim,2719,1.390671166747655e-309
91,DFT_CRT,time_and_value_scaling_t0,wide,DEoptim,2720,469219801849456e241
91,DFT_CRT,time_and_value_scaling_t0,wide,DEoptim,2721,2.781342341395874e-309
91,DFT_CRT,time_and_value_scaling_t0,wide,DEoptim,2722,8.224288e-317
91,DFT_CRT,time_and_value_scaling_t0,wide,DEoptim,2723,1.390671166747655e-309
91,DFT_CRT,time_and_value_scaling_t0,wide,DEoptim,2724,1241021759342422e202
91,DFT_CRT,time_and_value_scaling_t0,wide,DEoptim,2725,4.94e-322
91,DFT_CRT,time_and_value_scaling_t0,wide,DEoptim,2726,1.255e-321
91,DFT_CRT,time_and_value_scaling_t0,wide,DEoptim,2727,1.255e-321
91,DFT_CRT,time_and_value_scaling_t0,wide,DEoptim,2728,4.2439917074e-314
91,DFT_CRT,time_and_value_scaling_t0,wide,DEoptim,2729,5.17766973121e-312
91,DFT_CRT,time_and_value_scaling_t0,wide,DEoptim,2730,1.27319747987e-313
91,DFT_CRT,time_and_value_scaling_t0,wide,DEoptim,2731,1.8827498946117344e-183
91,DFT_CRT,time_and_value_scaling_t0,wide,DEoptim,2732,4.243991708e-314
91,DFT_CRT,time_and_value_scaling_t0,wide,DEoptim,2733,1.3684555315672814e-48
91,DFT_CRT,time_and_value_scaling_t0,wide,DEoptim,2734,4.243991708e-314
91,DFT_CRT,time_and_value_scaling_t0,wide,DEoptim,2735,5.17766973121e-312
91,DFT_CRT,time_and_value_scaling_t0,wide,DEoptim,2736,1.2731974799e-313
91,DFT_CRT,time_and_value_scaling_t0,wide,DEoptim,2737,1.625974543695324e-260
91,DFT_CRT,time_and_value_scaling_t0,wide,DEoptim,2738,4.243991708e-314
91,DFT_CRT,time_and_value_scaling_t0,wide,DEoptim,2739,1.3684555315672814e-48
91,DFT_CRT,time_and_value_scaling_t0,wide,DEoptim,2740,4.243991708e-314
91,DFT_CRT,time_and_value_scaling_t0,wide,DEoptim,2741,2218135755296777e115
91,DFT_CRT,time_and_value_scaling_t0,wide,DEoptim,2742,1.26e-321
91,DFT_CRT,time_and_value_scaling_t0,wide,DEoptim,2743,1.255e-321
91,DFT_CRT,time_and_value_scaling_t0,wide,DEoptim,2744,4.2439917074e-314
91,DFT_CRT,time_and_value_scaling_t0,wide,DEoptim,2745,5.17766973121e-312
91,DFT_CRT,time_and_value_scaling_t0,wide,DEoptim,2746,1.27319747996e-313
91,DFT_CRT,time_and_value_scaling_t0,wide,DEoptim,2747,1.8827498946117344e-183
91,DFT_CRT,time_and_value_scaling_t0,wide,DEoptim,2748,4.243991708e-314
91,DFT_CRT,time_and_value_scaling_t0,wide,DEoptim,2749,1.255e-321
91,DFT_CRT,time_and_value_scaling_t0,wide,DEoptim,2750,1.90980916355e-313
91,DFT_CRT,time_and_value_scaling_t0,wide,DEoptim,2751,4934329056972538e242
91,DFT_CRT,time_and_value_scaling_t0,wide,DEoptim,2752,4.243991639e-314
91,DFT_CRT,time_and_value_scaling_t0,wide,DEoptim,2753,5.17766973121e-312
91,DFT_CRT,time_and_value_scaling_t0,wide,DEoptim,2754,1.27319748e-313
91,DFT_CRT,time_and_value_scaling_t0,wide,DEoptim,2755,4.198672567229667e-140
91,DFT_CRT,time_and_value_scaling_t0,wide,DEoptim,2756,4.243991708e-314
91,DFT_CRT,time_and_value_scaling_t0,wide,DEoptim,2757,1.27319748713e-313
91,DFT_CRT,time_and_value_scaling_t0,wide,DEoptim,2758,562949953421343.75
91,DFT_CRT,time_and_value_scaling_t0,wide,DEoptim,2759,4.243991708e-314
91,DFT_CRT,time_and_value_scaling_t0,wide,DEoptim,2760,1.27319748713e-313
91,DFT_CRT,time_and_value_scaling_t0,wide,DEoptim,2761,1.27319748713e-313
91,DFT_CRT,time_and_value_scaling_t0,wide,DEoptim,2762,3689348814742118e4
91,DFT_CRT,time_and_value_scaling_t0,wide,DEoptim,2763,4.243991708e-314
91,DFT_CRT,time_and_value_scaling_t0,wide,DEoptim,2764,24178516392293947e8
91,DFT_CRT,time_and_value_scaling_t0,wide,DEoptim,2765,4.243991708e-314
91,DFT_CRT,time_and_value_scaling_t0,wide,DEoptim,2766,1584563250285376e14
91,DFT_CRT,time_and_value_scaling_t0,wide,DEoptim,2767,1.26e-321
91,DFT_CRT,time_and_value_scaling_t0,wide,DEoptim,2768,4.2439917074e-314
91,DFT_CRT,time_and_value_scaling_t0,wide,DEoptim,2769,4.77830972673675e-299
91,DFT_CRT,time_and_value_scaling_t0,wide,DEoptim,2770,1.26e-321
91,DFT_CRT,time_and_value_scaling_t0,wide,DEoptim,2771,1.255e-321
91,DFT_CRT,time_and_value_scaling_t0,wide,DEoptim,2772,4.2439917074e-314
91,DFT_CRT,time_and_value_scaling_t0,wide,DEoptim,2773,1.255e-321
91,DFT_CRT,time_and_value_scaling_t0,wide,DEoptim,2774,5.56270586622599e-309
91,DFT_CRT,time_and_value_scaling_t0,wide,DEoptim,2775,9.089787960565386e-307
91,DFT_CRT,time_and_value_scaling_t0,wide,DEoptim,2776,6.835426893334123e-304
91,DFT_CRT,time_and_value_scaling_t0,wide,DEoptim,2777,6.835426893334123e-304
91,DFT_CRT,time_and_value_scaling_t0,wide,DEoptim,2778,6.8354268934402224e-304
91,DFT_CRT,time_and_value_scaling_t0,wide,DEoptim,2779,1.3795457948026239e-306
91,DFT_CRT,time_and_value_scaling_t0,wide,DEoptim,2780,6.835426893652422e-304
91,DFT_CRT,time_and_value_scaling_t0,wide,DEoptim,2781,7.091755401834152e-304
91,DFT_CRT,time_and_value_scaling_t0,wide,DEoptim,2782,6.8354268934402224e-304
91,DFT_CRT,time_and_value_scaling_t0,wide,DEoptim,2783,1.424047274500927e-306
91,DFT_CRT,time_and_value_scaling_t0,wide,DEoptim,2784,6.835426893652422e-304
91,DFT_CRT,time_and_value_scaling_t0,wide,DEoptim,2785,7.094425490464361e-304
91,DFT_CRT,time_and_value_scaling_t0,wide,DEoptim,2786,6.8354268934402224e-304
91,DFT_CRT,time_and_value_scaling_t0,wide,DEoptim,2787,6.835426893652422e-304
91,DFT_CRT,time_and_value_scaling_t0,wide,DEoptim,2788,7.122906435853253e-304
91,DFT_CRT,time_and_value_scaling_t0,wide,DEoptim,2789,6.8354268934402224e-304
91,DFT_CRT,time_and_value_scaling_t0,wide,DEoptim,2790,6.835426893652422e-304
91,DFT_CRT,time_and_value_scaling_t0,wide,DEoptim,2791,6.835426893652422e-304
91,DFT_CRT,time_and_value_scaling_t0,wide,DEoptim,2792,7.123796465396656e-304
91,DFT_CRT,time_and_value_scaling_t0,wide,DEoptim,2793,6.8354268934402224e-304
91,DFT_CRT,time_and_value_scaling_t0,wide,DEoptim,2794,7.124686494940059e-304
91,DFT_CRT,time_and_value_scaling_t0,wide,DEoptim,2795,6.8354268934402224e-304
91,DFT_CRT,time_and_value_scaling_t0,wide,DEoptim,2796,7.125576524483462e-304
91,DFT_CRT,time_and_value_scaling_t0,wide,DEoptim,2797,6.835426893334123e-304
91,DFT_CRT,time_and_value_scaling_t0,wide,DEoptim,2798,6.8354268934402224e-304
91,DFT_CRT,time_and_value_scaling_t0,wide,DEoptim,2799,7.065054515532066e-304
91,DFT_CRT,time_and_value_scaling_t0,wide,DEoptim,2800,6.835426893334123e-304
91,DFT_CRT,time_and_value_scaling_t0,wide,DEoptim,2801,6.835426893334123e-304
91,DFT_CRT,time_and_value_scaling_t0,wide,DEoptim,2802,6.8354268934402224e-304
91,DFT_CRT,time_and_value_scaling_t0,wide,DEoptim,2803,2.2250738585072014e-308
91,DFT_CRT,time_and_value_scaling_t0,wide,DEoptim,2804,1.2516125334258437e-308
91,DFT_CRT,time_and_value_scaling_t0,wide,DEoptim,2805,9.449836298e-315
91,DFT_CRT,time_and_value_scaling_t0,wide,DEoptim,2806,4.778314248086561e-299
91,DFT_CRT,time_and_value_scaling_t0,wide,DEoptim,2807,8.814434003821268e-280
91,DFT_CRT,time_and_value_scaling_t0,wide,DEoptim,2808,2.105417699e-314
91,DFT_CRT,time_and_value_scaling_t0,wide,DEoptim,2809,4.778314267277823e-299
91,DFT_CRT,time_and_value_scaling_t0,wide,DEoptim,2810,-5727786203457123e235
91,DFT_CRT,time_and_value_scaling_t0,wide,DEoptim,2811,8.814429373903757e-280
91,DFT_CRT,time_and_value_scaling_t0,wide,DEoptim,2812,2.105417699e-314
91,DFT_CRT,time_and_value_scaling_t0,wide,DEoptim,2813,4.778314267695025e-299
91,DFT_CRT,time_and_value_scaling_t0,wide,DEoptim,2814,2.105417699e-314
91,DFT_CRT,time_and_value_scaling_t0,wide,DEoptim,2815,2.4834631584438887e-265
91,DFT_CRT,time_and_value_scaling_t0,wide,DEoptim,2816,7356499172015504e208
91,DFT_CRT,time_and_value_scaling_t0,wide,DEoptim,2817,6.3263992464233e-310
91,DFT_CRT,time_and_value_scaling_t0,wide,DEoptim,2818,1.37980654311979e-309
91,DFT_CRT,time_and_value_scaling_t0,wide,DEoptim,2819,6.1928325194392e-310
91,DFT_CRT,time_and_value_scaling_t0,wide,DEoptim,2820,1.379806543124848e-309
91,DFT_CRT,time_and_value_scaling_t0,wide,DEoptim,2821,1.38653326977462e-309
91,DFT_CRT,time_and_value_scaling_t0,wide,DEoptim,2822,1.37980654311979e-309
91,DFT_CRT,time_and_value_scaling_t0,wide,DEoptim,2823,6.2471556116879e-310
91,DFT_CRT,time_and_value_scaling_t0,wide,DEoptim,2824,1.379806543124848e-309
91,DFT_CRT,time_and_value_scaling_t0,wide,DEoptim,2825,1.387148648554e-309
91,DFT_CRT,time_and_value_scaling_t0,wide,DEoptim,2826,1.37980654311979e-309
91,DFT_CRT,time_and_value_scaling_t0,wide,DEoptim,2827,1.38528129225795e-309
91,DFT_CRT,time_and_value_scaling_t0,wide,DEoptim,2828,1.37980654311979e-309
91,DFT_CRT,time_and_value_scaling_t0,wide,DEoptim,2829,8.691694759794e-311
91,DFT_CRT,time_and_value_scaling_t0,wide,DEoptim,2830,4.8891114586947e-311
91,DFT_CRT,time_and_value_scaling_t0,wide,DEoptim,2831,5.9979143128893e-310
91,DFT_CRT,time_and_value_scaling_t0,wide,DEoptim,2832,1.37980654311979e-309
91,DFT_CRT,time_and_value_scaling_t0,wide,DEoptim,2833,8.691694759794e-311
91,DFT_CRT,time_and_value_scaling_t0,wide,DEoptim,2834,4.8891114586947e-311
91,DFT_CRT,time_and_value_scaling_t0,wide,DEoptim,2835,2.6552115e-317
91,DFT_CRT,time_and_value_scaling_t0,wide,DEoptim,2836,8.224288e-317
91,DFT_CRT,time_and_value_scaling_t0,wide,DEoptim,2837,8.224288e-317
91,DFT_CRT,time_and_value_scaling_t0,wide,DEoptim,2838,2.78134240537688e-309
91,DFT_CRT,time_and_value_scaling_t0,wide,DEoptim,2839,4.556951275697422e-304
91,DFT_CRT,time_and_value_scaling_t0,wide,DEoptim,2840,8.344027006961745e-309
91,DFT_CRT,time_and_value_scaling_t0,wide,DEoptim,2841,8.224288e-317
91,DFT_CRT,time_and_value_scaling_t0,wide,DEoptim,2842,2.781342405801856e-309
91,DFT_CRT,time_and_value_scaling_t0,wide,DEoptim,2843,8.224288e-317
91,DFT_CRT,time_and_value_scaling_t0,wide,DEoptim,2844,2.7813424057032e-309
91,DFT_CRT,time_and_value_scaling_t0,wide,DEoptim,2845,8.224288e-317
91,DFT_CRT,time_and_value_scaling_t0,wide,DEoptim,2846,2.7813424058183e-309
91,DFT_CRT,time_and_value_scaling_t0,wide,DEoptim,2847,8.266912e-317
91,DFT_CRT,time_and_value_scaling_t0,wide,DEoptim,2848,1.39067116480491e-309
91,DFT_CRT,time_and_value_scaling_t0,wide,DEoptim,2849,3.2379e-319
91,DFT_CRT,time_and_value_scaling_t0,wide,DEoptim,2850,2.78134240537688e-309
91,DFT_CRT,time_and_value_scaling_t0,wide,DEoptim,2851,4.556951275697422e-304
91,DFT_CRT,time_and_value_scaling_t0,wide,DEoptim,2852,8.344027007285536e-309
91,DFT_CRT,time_and_value_scaling_t0,wide,DEoptim,2853,8.224288e-317
91,DFT_CRT,time_and_value_scaling_t0,wide,DEoptim,2854,2.781342405733556e-309
91,DFT_CRT,time_and_value_scaling_t0,wide,DEoptim,2855,8.224288e-317
91,DFT_CRT,time_and_value_scaling_t0,wide,DEoptim,2856,2.78134240576897e-309
91,DFT_CRT,time_and_value_scaling_t0,wide,DEoptim,2857,4.556951275697422e-304
91,DFT_CRT,time_and_value_scaling_t0,wide,DEoptim,2858,8.344027007609327e-309
91,DFT_CRT,time_and_value_scaling_t0,wide,DEoptim,2859,8.224288e-317
91,DFT_CRT,time_and_value_scaling_t0,wide,DEoptim,2860,2.78134240571332e-309
91,DFT_CRT,time_and_value_scaling_t0,wide,DEoptim,2861,8.224288e-317
91,DFT_CRT,time_and_value_scaling_t0,wide,DEoptim,2862,2.78134240576897e-309
91,DFT_CRT,time_and_value_scaling_t0,wide,DEoptim,2863,8.224288e-317
91,DFT_CRT,time_and_value_scaling_t0,wide,DEoptim,2864,8.2684297e-317
91,DFT_CRT,time_and_value_scaling_t0,wide,DEoptim,2865,8.224288e-317
91,DFT_CRT,time_and_value_scaling_t0,wide,DEoptim,2866,2.78134240537688e-309
91,DFT_CRT,time_and_value_scaling_t0,wide,DEoptim,2867,4.556951275697422e-304
91,DFT_CRT,time_and_value_scaling_t0,wide,DEoptim,2868,8.34402700793312e-309
91,DFT_CRT,time_and_value_scaling_t0,wide,DEoptim,2869,8.224288e-317
91,DFT_CRT,time_and_value_scaling_t0,wide,DEoptim,2870,2.781342405733556e-309
91,DFT_CRT,time_and_value_scaling_t0,wide,DEoptim,2871,8.224288e-317
91,DFT_CRT,time_and_value_scaling_t0,wide,DEoptim,2872,1.2516125334258437e-308
91,DFT_CRT,time_and_value_scaling_t0,wide,DEoptim,2873,497749682352356e137
91,DFT_CRT,time_and_value_scaling_t0,wide,DEoptim,2874,2.781342355651515e-309
91,DFT_CRT,time_and_value_scaling_t0,wide,DEoptim,2875,4.556951275697422e-304
91,DFT_CRT,time_and_value_scaling_t0,wide,DEoptim,2876,8.34402700825691e-309
91,DFT_CRT,time_and_value_scaling_t0,wide,DEoptim,2877,4.556951275697422e-304
91,DFT_CRT,time_and_value_scaling_t0,wide,DEoptim,2878,8.3440270085807e-309
91,DFT_CRT,time_and_value_scaling_t0,wide,DEoptim,2879,8.224288e-317
91,DFT_CRT,time_and_value_scaling_t0,wide,DEoptim,2880,2.78134240578668e-309
91,DFT_CRT,time_and_value_scaling_t0,wide,DEoptim,2881,8.224288e-317
91,DFT_CRT,time_and_value_scaling_t0,wide,DEoptim,2882,1.2516125334258437e-308
91,DFT_CRT,time_and_value_scaling_t0,wide,DEoptim,2883,2177703216439965e228
91,DFT_CRT,time_and_value_scaling_t0,wide,DEoptim,2884,-8371161056012723e283
91,DFT_CRT,time_and_value_scaling_t0,wide,DEoptim,2885,7.291122019556398e-304
91,DFT_CRT,time_and_value_scaling_t0,wide,DEoptim,2886,2.052268469457315e-289
91,DFT_CRT,time_and_value_scaling_t0,wide,DEoptim,2887,9.15209093e-315
91,DFT_CRT,time_and_value_scaling_t0,wide,DEoptim,2888,4.778314248086561e-299
91,DFT_CRT,time_and_value_scaling_t0,wide,DEoptim,2889,2.105417699e-314
91,DFT_CRT,time_and_value_scaling_t0,wide,DEoptim,2890,4.778314272353773e-299
91,DFT_CRT,time_and_value_scaling_t0,wide,DEoptim,2891,2.4834631584438887e-265
91,DFT_CRT,time_and_value_scaling_t0,wide,DEoptim,2892,582660113825388e238
91,DFT_CRT,time_and_value_scaling_t0,wide,DEoptim,2893,1.6259745436952323e-260
91,DFT_CRT,time_and_value_scaling_t0,wide,DEoptim,2894,8.289046e-317
91,DFT_CRT,time_and_value_scaling_t0,wide,DEoptim,2895,-10286482669862976e288
91,DFT_CRT,time_and_value_scaling_t0,wide,DEoptim,2896,-10286482628988166e288
91,DFT_CRT,time_and_value_scaling_t0,wide,DEoptim,2897,-3977439966225348e289
91,DFT_CRT,time_and_value_scaling_t0,wide,DEoptim,2898,1.2882297539194267e-231
91,DFT_CRT,time_and_value_scaling_t0,wide,DEoptim,2899,2.4834631584438887e-265
91,DFT_CRT,time_and_value_scaling_t0,wide,DEoptim,2900,9.090331271062701e-307
91,DFT_CRT,time_and_value_scaling_t0,wide,DEoptim,2901,6.835426893334123e-304
91,DFT_CRT,time_and_value_scaling_t0,wide,DEoptim,2902,6.835426893334123e-304
91,DFT_CRT,time_and_value_scaling_t0,wide,DEoptim,2903,6.8354268934402224e-304
91,DFT_CRT,time_and_value_scaling_t0,wide,DEoptim,2904,2.3140768179038075e-306
91,DFT_CRT,time_and_value_scaling_t0,wide,DEoptim,2905,6.835426893652422e-304
91,DFT_CRT,time_and_value_scaling_t0,wide,DEoptim,2906,7.086415224573735e-304
91,DFT_CRT,time_and_value_scaling_t0,wide,DEoptim,2907,6.8354268934402224e-304
91,DFT_CRT,time_and_value_scaling_t0,wide,DEoptim,2908,7.111336051789016e-304
91,DFT_CRT,time_and_value_scaling_t0,wide,DEoptim,2909,6.8354268934402224e-304
91,DFT_CRT,time_and_value_scaling_t0,wide,DEoptim,2910,2.4030797722440956e-306
91,DFT_CRT,time_and_value_scaling_t0,wide,DEoptim,2911,6.835426893652422e-304
91,DFT_CRT,time_and_value_scaling_t0,wide,DEoptim,2912,7.072174751879289e-304
91,DFT_CRT,time_and_value_scaling_t0,wide,DEoptim,2913,6.8354268934402224e-304
91,DFT_CRT,time_and_value_scaling_t0,wide,DEoptim,2914,7.111336051789016e-304
91,DFT_CRT,time_and_value_scaling_t0,wide,DEoptim,2915,6.8354268934402224e-304
91,DFT_CRT,time_and_value_scaling_t0,wide,DEoptim,2916,7.146937233525131e-304
91,DFT_CRT,time_and_value_scaling_t0,wide,DEoptim,2917,6.835426893334123e-304
91,DFT_CRT,time_and_value_scaling_t0,wide,DEoptim,2918,6.835426893334123e-304
91,DFT_CRT,time_and_value_scaling_t0,wide,DEoptim,2919,6.8354268934402224e-304
91,DFT_CRT,time_and_value_scaling_t0,wide,DEoptim,2920,2.4920827265843836e-306
91,DFT_CRT,time_and_value_scaling_t0,wide,DEoptim,2921,6.835426893652422e-304
91,DFT_CRT,time_and_value_scaling_t0,wide,DEoptim,2922,7.086415224573735e-304
91,DFT_CRT,time_and_value_scaling_t0,wide,DEoptim,2923,6.8354268934402224e-304
91,DFT_CRT,time_and_value_scaling_t0,wide,DEoptim,2924,7.1415970562647136e-304
91,DFT_CRT,time_and_value_scaling_t0,wide,DEoptim,2925,6.8354268934402224e-304
91,DFT_CRT,time_and_value_scaling_t0,wide,DEoptim,2926,7.146937233525131e-304
91,DFT_CRT,time_and_value_scaling_t0,wide,DEoptim,2927,6.835426893334123e-304
91,DFT_CRT,time_and_value_scaling_t0,wide,DEoptim,2928,6.8354268934402224e-304
91,DFT_CRT,time_and_value_scaling_t0,wide,DEoptim,2929,2.5810856809246717e-306
91,DFT_CRT,time_and_value_scaling_t0,wide,DEoptim,2930,6.835426893652422e-304
91,DFT_CRT,time_and_value_scaling_t0,wide,DEoptim,2931,7.086415224573735e-304
91,DFT_CRT,time_and_value_scaling_t0,wide,DEoptim,2932,6.8354268934402224e-304
91,DFT_CRT,time_and_value_scaling_t0,wide,DEoptim,2933,1.390671161567e-309
91,DFT_CRT,time_and_value_scaling_t0,wide,DEoptim,2934,1654695679075071e202
91,DFT_CRT,time_and_value_scaling_t0,wide,DEoptim,2935,7.767559767437532e-307
91,DFT_CRT,time_and_value_scaling_t0,wide,DEoptim,2936,6.8354268934402224e-304
91,DFT_CRT,time_and_value_scaling_t0,wide,DEoptim,2937,2.6700886352649598e-306
91,DFT_CRT,time_and_value_scaling_t0,wide,DEoptim,2938,6.835426893652422e-304
91,DFT_CRT,time_and_value_scaling_t0,wide,DEoptim,2939,1.390671161567e-309
91,DFT_CRT,time_and_value_scaling_t0,wide,DEoptim,2940,4075359992696022e216
91,DFT_CRT,time_and_value_scaling_t0,wide,DEoptim,2941,4.77831153269339e-299
91,DFT_CRT,time_and_value_scaling_t0,wide,DEoptim,2942,2.105417699e-314
91,DFT_CRT,time_and_value_scaling_t0,wide,DEoptim,2943,7.291122454141135e-304
91,DFT_CRT,time_and_value_scaling_t0,wide,DEoptim,2944,7.29112226401197e-304
91,DFT_CRT,time_and_value_scaling_t0,wide,DEoptim,2945,4.243991587e-314
91,DFT_CRT,time_and_value_scaling_t0,wide,DEoptim,2946,1.255e-321
91,DFT_CRT,time_and_value_scaling_t0,wide,DEoptim,2947,5.56270586622599e-309
91,DFT_CRT,time_and_value_scaling_t0,wide,DEoptim,2948,4.475841772081806e-91
91,DFT_CRT,time_and_value_scaling_t0,wide,DEoptim,2949,4.243991587e-314
91,DFT_CRT,time_and_value_scaling_t0,wide,DEoptim,2950,1.255e-321
91,DFT_CRT,time_and_value_scaling_t0,wide,DEoptim,2951,5.56270586622599e-309
91,DFT_CRT,time_and_value_scaling_t0,wide,DEoptim,2952,5831624778079079e237
91,DFT_CRT,time_and_value_scaling_t0,wide,DEoptim,2953,7.24149971816e-313
91,DFT_CRT,time_and_value_scaling_t0,wide,DEoptim,2954,5.38986930906e-312
91,DFT_CRT,time_and_value_scaling_t0,wide,DEoptim,2955,5.411255047883e-312
91,DFT_CRT,time_and_value_scaling_t0,wide,DEoptim,2956,5.38986930906e-312
91,DFT_CRT,time_and_value_scaling_t0,wide,DEoptim,2957,3.39519326554e-313
91,DFT_CRT,time_and_value_scaling_t0,wide,DEoptim,2958,1.90980916355e-313
91,DFT_CRT,time_and_value_scaling_t0,wide,DEoptim,2959,2.781342326414924e-309
91,DFT_CRT,time_and_value_scaling_t0,wide,DEoptim,2960,8.224288e-317
91,DFT_CRT,time_and_value_scaling_t0,wide,DEoptim,2961,1.390671166747655e-309
91,DFT_CRT,time_and_value_scaling_t0,wide,DEoptim,2962,27459190642824057e143
91,DFT_CRT,time_and_value_scaling_t0,wide,DEoptim,2963,2.5992337917072667e-144
91,DFT_CRT,time_and_value_scaling_t0,wide,DEoptim,2964,-8371161056012723e283
91,DFT_CRT,time_and_value_scaling_t0,wide,DEoptim,2965,5486129055520452e288
91,DFT_CRT,time_and_value_scaling_t0,wide,DEoptim,2966,-8371161180752742e283
91,DFT_CRT,time_and_value_scaling_t0,wide,DEoptim,2967,7.291122019556398e-304
91,DFT_CRT,time_and_value_scaling_t0,wide,DEoptim,2968,4.778309886942885e-299
91,DFT_CRT,time_and_value_scaling_t0,wide,DEoptim,2969,1.086461856529e-311
91,DFT_CRT,time_and_value_scaling_t0,wide,DEoptim,2970,1.32548345118981e-309
91,DFT_CRT,time_and_value_scaling_t0,wide,DEoptim,2971,3.259385551112e-311
91,DFT_CRT,time_and_value_scaling_t0,wide,DEoptim,2972,3.2126e-319
91,DFT_CRT,time_and_value_scaling_t0,wide,DEoptim,2973,4.8891114586947e-311
91,DFT_CRT,time_and_value_scaling_t0,wide,DEoptim,2974,7281947122337958e208
91,DFT_CRT,time_and_value_scaling_t0,wide,DEoptim,2975,1.409e-319
91,DFT_CRT,time_and_value_scaling_t0,wide,DEoptim,2976,1.0864618771003e-311
91,DFT_CRT,time_and_value_scaling_t0,wide,DEoptim,2977,3.2126e-319
91,DFT_CRT,time_and_value_scaling_t0,wide,DEoptim,2978,2.052769442741057e-289
91,DFT_CRT,time_and_value_scaling_t0,wide,DEoptim,2979,14693956668992548e232
91,DFT_CRT,time_and_value_scaling_t0,wide,DEoptim,2980,1.44687e-319
91,DFT_CRT,time_and_value_scaling_t0,wide,DEoptim,2981,1.0864618771003e-311
91,DFT_CRT,time_and_value_scaling_t0,wide,DEoptim,2982,3.2126e-319
91,DFT_CRT,time_and_value_scaling_t0,wide,DEoptim,2983,2.052769442741057e-289
91,DFT_CRT,time_and_value_scaling_t0,wide,DEoptim,2984,7.320061178162528e-260
91,DFT_CRT,time_and_value_scaling_t0,wide,DEoptim,2985,-8371161056012723e283
91,DFT_CRT,time_and_value_scaling_t0,wide,DEoptim,2986,1.2882297539194267e-231
91,DFT_CRT,time_and_value_scaling_t0,wide,DEoptim,2987,2.4834631584438887e-265
91,DFT_CRT,time_and_value_scaling_t0,wide,DEoptim,2988,5285557634420731e165
91,DFT_CRT,time_and_value_scaling_t0,wide,DEoptim,2989,2.78134233418365e-309
91,DFT_CRT,time_and_value_scaling_t0,wide,DEoptim,2990,4.556951275697422e-304
91,DFT_CRT,time_and_value_scaling_t0,wide,DEoptim,2991,8.344027011171026e-309
91,DFT_CRT,time_and_value_scaling_t0,wide,DEoptim,2992,8.224288e-317
91,DFT_CRT,time_and_value_scaling_t0,wide,DEoptim,2993,1.2516125334258437e-308
91,DFT_CRT,time_and_value_scaling_t0,wide,DEoptim,2994,9.547618844560168e-307
91,DFT_CRT,time_and_value_scaling_t0,wide,DEoptim,2995,6.835426893334123e-304
91,DFT_CRT,time_and_value_scaling_t0,wide,DEoptim,2996,6.8354268934402224e-304
91,DFT_CRT,time_and_value_scaling_t0,wide,DEoptim,2997,2.2250738585072014e-308
91,DFT_CRT,time_and_value_scaling_t0,wide,DEoptim,2998,1.2516125334258437e-308
91,DFT_CRT,time_and_value_scaling_t0,wide,DEoptim,2999,2.1501850234e-313
91,DFT_CRT,time_and_value_scaling_t0,wide,DEoptim,3000,5.38986930906e-312
91,DFT_CRT,time_and_value_scaling_t0,wide,DEoptim,3001,3.39519326554e-313
91,DFT_CRT,time_and_value_scaling_t0,wide,DEoptim,3002,1.90980916355e-313
91,DFT_CRT,time_and_value_scaling_t0,wide,DEoptim,3003,2.1594427735e-313
91,DFT_CRT,time_and_value_scaling_t0,wide,DEoptim,3004,5.562705866225923e-309
91,DFT_CRT,time_and_value_scaling_t0,wide,DEoptim,3005,26640296994983124e217
91,DFT_CRT,time_and_value_scaling_t0,wide,DEoptim,3006,1.2882297539194267e-231
91,DFT_CRT,time_and_value_scaling_t0,wide,DEoptim,3007,2.4834631584438887e-265
91,DFT_CRT,time_and_value_scaling_t0,wide,DEoptim,3008,0
91,DFT_CRT,time_and_value_scaling_t0,wide,DEoptim,3009,2.105417699e-314
91,DFT_CRT,time_and_value_scaling_t0,wide,DEoptim,3010,4.778314248086561e-299
91,DFT_CRT,time_and_value_scaling_t0,wide,DEoptim,3011,-5727786203457123e235
91,DFT_CRT,time_and_value_scaling_t0,wide,DEoptim,3012,8.814429932120762e-280
91,DFT_CRT,time_and_value_scaling_t0,wide,DEoptim,3013,2.105417699e-314
91,DFT_CRT,time_and_value_scaling_t0,wide,DEoptim,3014,4.778314268112226e-299
91,DFT_CRT,time_and_value_scaling_t0,wide,DEoptim,3015,-5727786203457123e235
91,DFT_CRT,time_and_value_scaling_t0,wide,DEoptim,3016,8.814429964957056e-280
91,DFT_CRT,time_and_value_scaling_t0,wide,DEoptim,3017,2.105417699e-314
91,DFT_CRT,time_and_value_scaling_t0,wide,DEoptim,3018,4.778314269850565e-299
91,DFT_CRT,time_and_value_scaling_t0,wide,DEoptim,3019,-5727786203457123e235
91,DFT_CRT,time_and_value_scaling_t0,wide,DEoptim,3020,8.81442999779335e-280
91,DFT_CRT,time_and_value_scaling_t0,wide,DEoptim,3021,2.105417699e-314
91,DFT_CRT,time_and_value_scaling_t0,wide,DEoptim,3022,4.778314268320827e-299
91,DFT_CRT,time_and_value_scaling_t0,wide,DEoptim,3023,2.105417699e-314
91,DFT_CRT,time_and_value_scaling_t0,wide,DEoptim,3024,4.778314267138756e-299
91,DFT_CRT,time_and_value_scaling_t0,wide,DEoptim,3025,2.105417699e-314
91,DFT_CRT,time_and_value_scaling_t0,wide,DEoptim,3026,7.291122454141135e-304
91,DFT_CRT,time_and_value_scaling_t0,wide,DEoptim,3027,1.6259745982106468e-260
91,DFT_CRT,time_and_value_scaling_t0,wide,DEoptim,3028,24634780872971486e163
91,DFT_CRT,time_and_value_scaling_t0,wide,DEoptim,3029,1.2576e-319
91,DFT_CRT,time_and_value_scaling_t0,wide,DEoptim,3030,3.2126e-319
91,DFT_CRT,time_and_value_scaling_t0,wide,DEoptim,3031,1.0864618771003e-311
91,DFT_CRT,time_and_value_scaling_t0,wide,DEoptim,3032,1.32548345118981e-309
91,DFT_CRT,time_and_value_scaling_t0,wide,DEoptim,3033,3.2593855517446e-311
91,DFT_CRT,time_and_value_scaling_t0,wide,DEoptim,3034,3.2126e-319
91,DFT_CRT,time_and_value_scaling_t0,wide,DEoptim,3035,1.0864618772397e-311
91,DFT_CRT,time_and_value_scaling_t0,wide,DEoptim,3036,3.2126e-319
91,DFT_CRT,time_and_value_scaling_t0,wide,DEoptim,3037,1.086461877275e-311
91,DFT_CRT,time_and_value_scaling_t0,wide,DEoptim,3038,1.32548345118981e-309
91,DFT_CRT,time_and_value_scaling_t0,wide,DEoptim,3039,3.259385551871e-311
91,DFT_CRT,time_and_value_scaling_t0,wide,DEoptim,3040,3.2126e-319
91,DFT_CRT,time_and_value_scaling_t0,wide,DEoptim,3041,4.8891114586947e-311
91,DFT_CRT,time_and_value_scaling_t0,wide,DEoptim,3042,1.9964597263806575e-306
91,DFT_CRT,time_and_value_scaling_t0,wide,DEoptim,3043,6.8354268934402224e-304
91,DFT_CRT,time_and_value_scaling_t0,wide,DEoptim,3044,7.150497351698742e-304
91,DFT_CRT,time_and_value_scaling_t0,wide,DEoptim,3045,1.390671162214583e-309
91,DFT_CRT,time_and_value_scaling_t0,wide,DEoptim,3046,6443753382407023e235
91,DFT_CRT,time_and_value_scaling_t0,wide,DEoptim,3047,5.532904662818202e-222
91,DFT_CRT,time_and_value_scaling_t0,wide,DEoptim,3048,1.26e-321
91,DFT_CRT,time_and_value_scaling_t0,wide,DEoptim,3049,1.255e-321
91,DFT_CRT,time_and_value_scaling_t0,wide,DEoptim,3050,1.255e-321
91,DFT_CRT,time_and_value_scaling_t0,wide,DEoptim,3051,4.2439917074e-314
91,DFT_CRT,time_and_value_scaling_t0,wide,DEoptim,3052,5.17766973121e-312
91,DFT_CRT,time_and_value_scaling_t0,wide,DEoptim,3053,1.27319748125e-313
91,DFT_CRT,time_and_value_scaling_t0,wide,DEoptim,3054,1.255e-321
91,DFT_CRT,time_and_value_scaling_t0,wide,DEoptim,3055,1.90980916355e-313
91,DFT_CRT,time_and_value_scaling_t0,wide,DEoptim,3056,4.77831179837667e-299
91,DFT_CRT,time_and_value_scaling_t0,wide,DEoptim,3057,2.105417699e-314
91,DFT_CRT,time_and_value_scaling_t0,wide,DEoptim,3058,4.778314272701441e-299
91,DFT_CRT,time_and_value_scaling_t0,wide,DEoptim,3059,2.1157466273e-314
91,DFT_CRT,time_and_value_scaling_t0,wide,DEoptim,3060,4.778314272006105e-299
91,DFT_CRT,time_and_value_scaling_t0,wide,DEoptim,3061,2.4834631584438887e-265
91,DFT_CRT,time_and_value_scaling_t0,wide,DEoptim,3062,4263362834749569e165
91,DFT_CRT,time_and_value_scaling_t0,wide,DEoptim,3063,1.27024e-319
91,DFT_CRT,time_and_value_scaling_t0,wide,DEoptim,3064,5.43230923752e-312
91,DFT_CRT,time_and_value_scaling_t0,wide,DEoptim,3065,1.265e-321
91,DFT_CRT,time_and_value_scaling_t0,wide,DEoptim,3066,3.2126e-319
91,DFT_CRT,time_and_value_scaling_t0,wide,DEoptim,3067,3.2126e-319
91,DFT_CRT,time_and_value_scaling_t0,wide,DEoptim,3068,1.0864618771003e-311
91,DFT_CRT,time_and_value_scaling_t0,wide,DEoptim,3069,1.32548345118981e-309
91,DFT_CRT,time_and_value_scaling_t0,wide,DEoptim,3070,3.259385552124e-311
91,DFT_CRT,time_and_value_scaling_t0,wide,DEoptim,3071,3.2126e-319
91,DFT_CRT,time_and_value_scaling_t0,wide,DEoptim,3072,1.0864618772397e-311
91,DFT_CRT,time_and_value_scaling_t0,wide,DEoptim,3073,3.2126e-319
91,DFT_CRT,time_and_value_scaling_t0,wide,DEoptim,3074,4.8891114586947e-311
91,DFT_CRT,time_and_value_scaling_t0,wide,DEoptim,3075,6696946967466936e136
91,DFT_CRT,time_and_value_scaling_t0,wide,DEoptim,3076,2.44870284646e-312
91,DFT_CRT,time_and_value_scaling_t0,wide,DEoptim,3077,5.38986930906e-312
91,DFT_CRT,time_and_value_scaling_t0,wide,DEoptim,3078,2.90713423483e-312
91,DFT_CRT,time_and_value_scaling_t0,wide,DEoptim,3079,5.38986930908e-312
91,DFT_CRT,time_and_value_scaling_t0,wide,DEoptim,3080,5.562705866225913e-309
91,DFT_CRT,time_and_value_scaling_t0,wide,DEoptim,3081,15075256555342e148
91,DFT_CRT,time_and_value_scaling_t0,wide,DEoptim,3082,6349139128481736e136
91,DFT_CRT,time_and_value_scaling_t0,wide,DEoptim,3083,4.778310730693624e-299
91,DFT_CRT,time_and_value_scaling_t0,wide,DEoptim,3084,2.105417699e-314
91,DFT_CRT,time_and_value_scaling_t0,wide,DEoptim,3085,4.778314272006105e-299
91,DFT_CRT,time_and_value_scaling_t0,wide,DEoptim,3086,2.105417699e-314
91,DFT_CRT,time_and_value_scaling_t0,wide,DEoptim,3087,2.1142895685e-314
91,DFT_CRT,time_and_value_scaling_t0,wide,DEoptim,3088,2.105417699e-314
91,DFT_CRT,time_and_value_scaling_t0,wide,DEoptim,3089,4.778314248086561e-299
91,DFT_CRT,time_and_value_scaling_t0,wide,DEoptim,3090,-5727786203457123e235
91,DFT_CRT,time_and_value_scaling_t0,wide,DEoptim,3091,8.814430194811117e-280
91,DFT_CRT,time_and_value_scaling_t0,wide,DEoptim,3092,2.105417699e-314
91,DFT_CRT,time_and_value_scaling_t0,wide,DEoptim,3093,4.778314267695025e-299
91,DFT_CRT,time_and_value_scaling_t0,wide,DEoptim,3094,2.105417699e-314
91,DFT_CRT,time_and_value_scaling_t0,wide,DEoptim,3095,2.4834631584438887e-265
91,DFT_CRT,time_and_value_scaling_t0,wide,DEoptim,3096,19781984858065602e198
91,DFT_CRT,time_and_value_scaling_t0,wide,DEoptim,3097,6939751782646922e203
91,DFT_CRT,time_and_value_scaling_t0,wide,DEoptim,3098,2.427484845156e-312
91,DFT_CRT,time_and_value_scaling_t0,wide,DEoptim,3099,5.38986930906e-312
91,DFT_CRT,time_and_value_scaling_t0,wide,DEoptim,3100,2.949574150647e-312
91,DFT_CRT,time_and_value_scaling_t0,wide,DEoptim,3101,5.38986930908e-312
91,DFT_CRT,time_and_value_scaling_t0,wide,DEoptim,3102,5.562705866225913e-309
91,DFT_CRT,time_and_value_scaling_t0,wide,DEoptim,3103,9302067346186696e227
91,DFT_CRT,time_and_value_scaling_t0,wide,DEoptim,3104,4652677700026981e136
91,DFT_CRT,time_and_value_scaling_t0,wide,DEoptim,3105,20647814314359153e145
91,DFT_CRT,time_and_value_scaling_t0,wide,DEoptim,3106,4.778311763058359e-299
91,DFT_CRT,time_and_value_scaling_t0,wide,DEoptim,3107,2.105417699e-314
91,DFT_CRT,time_and_value_scaling_t0,wide,DEoptim,3108,2.117203686e-314
91,DFT_CRT,time_and_value_scaling_t0,wide,DEoptim,3109,2.105417699e-314
91,DFT_CRT,time_and_value_scaling_t0,wide,DEoptim,3110,4.778314248086561e-299
91,DFT_CRT,time_and_value_scaling_t0,wide,DEoptim,3111,-5727786203457123e235
91,DFT_CRT,time_and_value_scaling_t0,wide,DEoptim,3112,8.814430260483706e-280
91,DFT_CRT,time_and_value_scaling_t0,wide,DEoptim,3113,2.105417699e-314
91,DFT_CRT,time_and_value_scaling_t0,wide,DEoptim,3114,4.778314267695025e-299
91,DFT_CRT,time_and_value_scaling_t0,wide,DEoptim,3115,2.105417699e-314
91,DFT_CRT,time_and_value_scaling_t0,wide,DEoptim,3116,2.4834631584438887e-265
91,DFT_CRT,time_and_value_scaling_t0,wide,DEoptim,3117,33427160876565393e135
91,DFT_CRT,time_and_value_scaling_t0,wide,DEoptim,3118,693977536131186e204
91,DFT_CRT,time_and_value_scaling_t0,wide,DEoptim,3119,7.767559767437532e-307
91,DFT_CRT,time_and_value_scaling_t0,wide,DEoptim,3120,6.8354268934402224e-304
91,DFT_CRT,time_and_value_scaling_t0,wide,DEoptim,3121,5.1621713618493434e-306
91,DFT_CRT,time_and_value_scaling_t0,wide,DEoptim,3122,6.835426893652422e-304
91,DFT_CRT,time_and_value_scaling_t0,wide,DEoptim,3123,5.3401772705299195e-306
91,DFT_CRT,time_and_value_scaling_t0,wide,DEoptim,3124,6.835426893652422e-304
91,DFT_CRT,time_and_value_scaling_t0,wide,DEoptim,3125,7.087305254117138e-304
91,DFT_CRT,time_and_value_scaling_t0,wide,DEoptim,3126,6.8354268934402224e-304
91,DFT_CRT,time_and_value_scaling_t0,wide,DEoptim,3127,1.390671161567e-309
91,DFT_CRT,time_and_value_scaling_t0,wide,DEoptim,3128,9179699108996441e211
91,DFT_CRT,time_and_value_scaling_t0,wide,DEoptim,3129,38088495175185594e164
91,DFT_CRT,time_and_value_scaling_t0,wide,DEoptim,3130,5.2940358280704e-310
91,DFT_CRT,time_and_value_scaling_t0,wide,DEoptim,3131,1.37980654311979e-309
91,DFT_CRT,time_and_value_scaling_t0,wide,DEoptim,3132,2.0527694427391904e-289
91,DFT_CRT,time_and_value_scaling_t0,wide,DEoptim,3133,2983983913120926e165
91,DFT_CRT,time_and_value_scaling_t0,wide,DEoptim,3134,5.73e-322
91,DFT_CRT,time_and_value_scaling_t0,wide,DEoptim,3135,1.255e-321
91,DFT_CRT,time_and_value_scaling_t0,wide,DEoptim,3136,1.255e-321
91,DFT_CRT,time_and_value_scaling_t0,wide,DEoptim,3137,4.2439917074e-314
91,DFT_CRT,time_and_value_scaling_t0,wide,DEoptim,3138,5.17766973121e-312
91,DFT_CRT,time_and_value_scaling_t0,wide,DEoptim,3139,1.27319748164e-313
91,DFT_CRT,time_and_value_scaling_t0,wide,DEoptim,3140,6.68887130434731e-198
91,DFT_CRT,time_and_value_scaling_t0,wide,DEoptim,3141,4.243991708e-314
91,DFT_CRT,time_and_value_scaling_t0,wide,DEoptim,3142,1.27319748713e-313
91,DFT_CRT,time_and_value_scaling_t0,wide,DEoptim,3143,1.27319748713e-313
91,DFT_CRT,time_and_value_scaling_t0,wide,DEoptim,3144,1.2338789709327463e-178
91,DFT_CRT,time_and_value_scaling_t0,wide,DEoptim,3145,4.243991708e-314
91,DFT_CRT,time_and_value_scaling_t0,wide,DEoptim,3146,20349165139405e223
91,DFT_CRT,time_and_value_scaling_t0,wide,DEoptim,3147,4.243991708e-314
91,DFT_CRT,time_and_value_scaling_t0,wide,DEoptim,3148,1.255e-321
91,DFT_CRT,time_and_value_scaling_t0,wide,DEoptim,3149,1.90980916355e-313
91,DFT_CRT,time_and_value_scaling_t0,wide,DEoptim,3150,4781116095041287e165
91,DFT_CRT,time_and_value_scaling_t0,wide,DEoptim,3151,-8371160993642713e283
91,DFT_CRT,time_and_value_scaling_t0,wide,DEoptim,3152,-8371161056012723e283
91,DFT_CRT,time_and_value_scaling_t0,wide,DEoptim,3153,-7022238808055922e290
91,DFT_CRT,time_and_value_scaling_t0,wide,DEoptim,3154,-8371160993642713e283
91,DFT_CRT,time_and_value_scaling_t0,wide,DEoptim,3155,-17144137796729896e288
91,DFT_CRT,time_and_value_scaling_t0,wide,DEoptim,3156,1.6259745436952323e-260
91,DFT_CRT,time_and_value_scaling_t0,wide,DEoptim,3157,7.291122046717944e-304
91,DFT_CRT,time_and_value_scaling_t0,wide,DEoptim,3158,-8371160993642713e283
91,DFT_CRT,time_and_value_scaling_t0,wide,DEoptim,3159,-8371161056012723e283
91,DFT_CRT,time_and_value_scaling_t0,wide,DEoptim,3160,-1.288230924882699e-231
91,DFT_CRT,time_and_value_scaling_t0,wide,DEoptim,3161,-8371161180752742e283
91,DFT_CRT,time_and_value_scaling_t0,wide,DEoptim,3162,-8.442550189311256e-227
91,DFT_CRT,time_and_value_scaling_t0,wide,DEoptim,3163,-8371161180752742e283
91,DFT_CRT,time_and_value_scaling_t0,wide,DEoptim,3164,-185156687321787e290
91,DFT_CRT,time_and_value_scaling_t0,wide,DEoptim,3165,-8371161056012723e283
91,DFT_CRT,time_and_value_scaling_t0,wide,DEoptim,3166,-7461128733559417e290
91,DFT_CRT,time_and_value_scaling_t0,wide,DEoptim,3167,-8371161056012723e283
91,DFT_CRT,time_and_value_scaling_t0,wide,DEoptim,3168,-8338908584566407e290
91,DFT_CRT,time_and_value_scaling_t0,wide,DEoptim,3169,-8371160993642713e283
91,DFT_CRT,time_and_value_scaling_t0,wide,DEoptim,3170,-8371161056012723e283
91,DFT_CRT,time_and_value_scaling_t0,wide,DEoptim,3171,-5.532909692067025e-222
91,DFT_CRT,time_and_value_scaling_t0,wide,DEoptim,3172,-8371161180752742e283
91,DFT_CRT,time_and_value_scaling_t0,wide,DEoptim,3173,7.291122019556398e-304
91,DFT_CRT,time_and_value_scaling_t0,wide,DEoptim,3174,5.776622196445113e-275
91,DFT_CRT,time_and_value_scaling_t0,wide,DEoptim,3175,1.8201840547194088e-306
91,DFT_CRT,time_and_value_scaling_t0,wide,DEoptim,3176,6.8354268934402224e-304
91,DFT_CRT,time_and_value_scaling_t0,wide,DEoptim,3177,6.764224550087165e-306
91,DFT_CRT,time_and_value_scaling_t0,wide,DEoptim,3178,6.835426893652422e-304
91,DFT_CRT,time_and_value_scaling_t0,wide,DEoptim,3179,7.152277410785548e-304
91,DFT_CRT,time_and_value_scaling_t0,wide,DEoptim,3180,6.8354268934402224e-304
91,DFT_CRT,time_and_value_scaling_t0,wide,DEoptim,3181,7.161177706219577e-304
91,DFT_CRT,time_and_value_scaling_t0,wide,DEoptim,3182,6.8354268934402224e-304
91,DFT_CRT,time_and_value_scaling_t0,wide,DEoptim,3183,2.2250738585072014e-308
91,DFT_CRT,time_and_value_scaling_t0,wide,DEoptim,3184,1.2516125334258437e-308
91,DFT_CRT,time_and_value_scaling_t0,wide,DEoptim,3185,29746768773052565e212
91,DFT_CRT,time_and_value_scaling_t0,wide,DEoptim,3186,38088495175185594e164
91,DFT_CRT,time_and_value_scaling_t0,wide,DEoptim,3187,5.2940358280704e-310
91,DFT_CRT,time_and_value_scaling_t0,wide,DEoptim,3188,1.37980654311726e-309
91,DFT_CRT,time_and_value_scaling_t0,wide,DEoptim,3189,1.37980654311726e-309
91,DFT_CRT,time_and_value_scaling_t0,wide,DEoptim,3190,1.37980654311726e-309
91,DFT_CRT,time_and_value_scaling_t0,wide,DEoptim,3191,1.37980654311979e-309
91,DFT_CRT,time_and_value_scaling_t0,wide,DEoptim,3192,8.03981765589536e-310
91,DFT_CRT,time_and_value_scaling_t0,wide,DEoptim,3193,1.379806543124848e-309
91,DFT_CRT,time_and_value_scaling_t0,wide,DEoptim,3194,1.38579057124778e-309
91,DFT_CRT,time_and_value_scaling_t0,wide,DEoptim,3195,1.37980654311979e-309
91,DFT_CRT,time_and_value_scaling_t0,wide,DEoptim,3196,2.0527694427391904e-289
91,DFT_CRT,time_and_value_scaling_t0,wide,DEoptim,3197,13955365239157865e179
91,DFT_CRT,time_and_value_scaling_t0,wide,DEoptim,3198,11440726939668888e227
91,DFT_CRT,time_and_value_scaling_t0,wide,DEoptim,3199,3338249044906554e136
91,DFT_CRT,time_and_value_scaling_t0,wide,DEoptim,3200,6186207300998975e208
91,DFT_CRT,time_and_value_scaling_t0,wide,DEoptim,3201,4.778311780855945e-299
91,DFT_CRT,time_and_value_scaling_t0,wide,DEoptim,3202,-5727786203457123e235
91,DFT_CRT,time_and_value_scaling_t0,wide,DEoptim,3203,8.814430556010355e-280
91,DFT_CRT,time_and_value_scaling_t0,wide,DEoptim,3204,2.105417699e-314
91,DFT_CRT,time_and_value_scaling_t0,wide,DEoptim,3205,2.4834631584438887e-265
91,DFT_CRT,time_and_value_scaling_t0,wide,DEoptim,3206,8894924834779542e237
91,DFT_CRT,time_and_value_scaling_t0,wide,DEoptim,3207,-8371160993642713e283
91,DFT_CRT,time_and_value_scaling_t0,wide,DEoptim,3208,-8371160993642713e283
91,DFT_CRT,time_and_value_scaling_t0,wide,DEoptim,3209,-8371161056012723e283
91,DFT_CRT,time_and_value_scaling_t0,wide,DEoptim,3210,-1.0206416907250753e-202
91,DFT_CRT,time_and_value_scaling_t0,wide,DEoptim,3211,-8371161180752742e283
91,DFT_CRT,time_and_value_scaling_t0,wide,DEoptim,3212,-21944496275174755e288
91,DFT_CRT,time_and_value_scaling_t0,wide,DEoptim,3213,-8371161056012723e283
91,DFT_CRT,time_and_value_scaling_t0,wide,DEoptim,3214,-6.688877384335853e-198
91,DFT_CRT,time_and_value_scaling_t0,wide,DEoptim,3215,-8371161180752742e283
91,DFT_CRT,time_and_value_scaling_t0,wide,DEoptim,3216,-3017368237836529e289
91,DFT_CRT,time_and_value_scaling_t0,wide,DEoptim,3217,-8371161056012723e283
91,DFT_CRT,time_and_value_scaling_t0,wide,DEoptim,3218,-932641091694927e290
91,DFT_CRT,time_and_value_scaling_t0,wide,DEoptim,3219,-8371161056012723e283
91,DFT_CRT,time_and_value_scaling_t0,wide,DEoptim,3220,-4.383622682598345e-193
91,DFT_CRT,time_and_value_scaling_t0,wide,DEoptim,3221,-8371161180752742e283
91,DFT_CRT,time_and_value_scaling_t0,wide,DEoptim,3222,7.291122019556398e-304
91,DFT_CRT,time_and_value_scaling_t0,wide,DEoptim,3223,2.376364537543317e-212
91,DFT_CRT,time_and_value_scaling_t0,wide,DEoptim,3224,8423400395940995e261
91,DFT_CRT,time_and_value_scaling_t0,wide,DEoptim,3225,60143386751215654e159
91,DFT_CRT,time_and_value_scaling_t0,wide,DEoptim,3226,4.778311513849528e-299
91,DFT_CRT,time_and_value_scaling_t0,wide,DEoptim,3227,-5727786203457123e235
91,DFT_CRT,time_and_value_scaling_t0,wide,DEoptim,3228,8.814430687355533e-280
91,DFT_CRT,time_and_value_scaling_t0,wide,DEoptim,3229,2.105417699e-314
91,DFT_CRT,time_and_value_scaling_t0,wide,DEoptim,3230,4.778314267764558e-299
91,DFT_CRT,time_and_value_scaling_t0,wide,DEoptim,3231,2.105417699e-314
91,DFT_CRT,time_and_value_scaling_t0,wide,DEoptim,3232,4.778314273535843e-299
91,DFT_CRT,time_and_value_scaling_t0,wide,DEoptim,3233,2.105417699e-314
91,DFT_CRT,time_and_value_scaling_t0,wide,DEoptim,3234,2.1139981567e-314
91,DFT_CRT,time_and_value_scaling_t0,wide,DEoptim,3235,2.105417699e-314
91,DFT_CRT,time_and_value_scaling_t0,wide,DEoptim,3236,2.105417699e-314
91,DFT_CRT,time_and_value_scaling_t0,wide,DEoptim,3237,4.778314248086561e-299
91,DFT_CRT,time_and_value_scaling_t0,wide,DEoptim,3238,8.814434003821268e-280
91,DFT_CRT,time_and_value_scaling_t0,wide,DEoptim,3239,2.105417699e-314
91,DFT_CRT,time_and_value_scaling_t0,wide,DEoptim,3240,4.778314267277823e-299
91,DFT_CRT,time_and_value_scaling_t0,wide,DEoptim,3241,-5727786203457123e235
91,DFT_CRT,time_and_value_scaling_t0,wide,DEoptim,3242,8.814430720191827e-280
91,DFT_CRT,time_and_value_scaling_t0,wide,DEoptim,3243,2.105417699e-314
91,DFT_CRT,time_and_value_scaling_t0,wide,DEoptim,3244,4.778314268112226e-299
91,DFT_CRT,time_and_value_scaling_t0,wide,DEoptim,3245,-5727786203457123e235
91,DFT_CRT,time_and_value_scaling_t0,wide,DEoptim,3246,8.814430753028122e-280
91,DFT_CRT,time_and_value_scaling_t0,wide,DEoptim,3247,2.105417699e-314
91,DFT_CRT,time_and_value_scaling_t0,wide,DEoptim,3248,2.4834631584438887e-265
91,DFT_CRT,time_and_value_scaling_t0,wide,DEoptim,3249,29802227771626807e212
91,DFT_CRT,time_and_value_scaling_t0,wide,DEoptim,3250,42400252253770344e212
91,DFT_CRT,time_and_value_scaling_t0,wide,DEoptim,3251,4.778311798379504e-299
91,DFT_CRT,time_and_value_scaling_t0,wide,DEoptim,3252,2.105417699e-314
91,DFT_CRT,time_and_value_scaling_t0,wide,DEoptim,3253,2.113803882e-314
91,DFT_CRT,time_and_value_scaling_t0,wide,DEoptim,3254,4.778314248086561e-299
91,DFT_CRT,time_and_value_scaling_t0,wide,DEoptim,3255,8.814434003821268e-280
91,DFT_CRT,time_and_value_scaling_t0,wide,DEoptim,3256,2.105417699e-314
91,DFT_CRT,time_and_value_scaling_t0,wide,DEoptim,3257,4.778314267277823e-299
91,DFT_CRT,time_and_value_scaling_t0,wide,DEoptim,3258,-5727786203457123e235
91,DFT_CRT,time_and_value_scaling_t0,wide,DEoptim,3259,8.814430785864416e-280
91,DFT_CRT,time_and_value_scaling_t0,wide,DEoptim,3260,2.105417699e-314
91,DFT_CRT,time_and_value_scaling_t0,wide,DEoptim,3261,4.77831427131077e-299
91,DFT_CRT,time_and_value_scaling_t0,wide,DEoptim,3262,2.105417699e-314
91,DFT_CRT,time_and_value_scaling_t0,wide,DEoptim,3263,7.291122454141135e-304
91,DFT_CRT,time_and_value_scaling_t0,wide,DEoptim,3264,131072.00439456105
91,DFT_CRT,time_and_value_scaling_t0,wide,DEoptim,3265,8785380021880852e208
91,DFT_CRT,time_and_value_scaling_t0,wide,DEoptim,3266,2.3211198295736956e-152
91,DFT_CRT,time_and_value_scaling_t0,wide,DEoptim,3267,3.03387758292259e-152
91,DFT_CRT,time_and_value_scaling_t0,wide,DEoptim,3268,12950481522648135e155
91,DFT_CRT,time_and_value_scaling_t0,wide,DEoptim,3269,508200698679767e219
91,DFT_CRT,time_and_value_scaling_t0,wide,DEoptim,3270,20699932807531831e145
91,DFT_CRT,time_and_value_scaling_t0,wide,DEoptim,3271,6201677775081845e208
91,DFT_CRT,time_and_value_scaling_t0,wide,DEoptim,3272,6190764246851343e208
91,DFT_CRT,time_and_value_scaling_t0,wide,DEoptim,3273,4.2439915977e-314
91,DFT_CRT,time_and_value_scaling_t0,wide,DEoptim,3274,1.255e-321
91,DFT_CRT,time_and_value_scaling_t0,wide,DEoptim,3275,5.56270586622599e-309
91,DFT_CRT,time_and_value_scaling_t0,wide,DEoptim,3276,930860524398731e185
91,DFT_CRT,time_and_value_scaling_t0,wide,DEoptim,3277,9774554133827176e184
91,DFT_CRT,time_and_value_scaling_t0,wide,DEoptim,3278,7347462710480531e208
91,DFT_CRT,time_and_value_scaling_t0,wide,DEoptim,3279,6201982290543264e208
91,DFT_CRT,time_and_value_scaling_t0,wide,DEoptim,3280,2.13040476788e-312
91,DFT_CRT,time_and_value_scaling_t0,wide,DEoptim,3281,5.38986930905e-312
91,DFT_CRT,time_and_value_scaling_t0,wide,DEoptim,3282,5.38986930905e-312
91,DFT_CRT,time_and_value_scaling_t0,wide,DEoptim,3283,5.38986930905e-312
91,DFT_CRT,time_and_value_scaling_t0,wide,DEoptim,3284,5.38986930906e-312
91,DFT_CRT,time_and_value_scaling_t0,wide,DEoptim,3285,3.33153339302e-312
91,DFT_CRT,time_and_value_scaling_t0,wide,DEoptim,3286,5.38986930908e-312
91,DFT_CRT,time_and_value_scaling_t0,wide,DEoptim,3287,5.4137417617e-312
91,DFT_CRT,time_and_value_scaling_t0,wide,DEoptim,3288,5.38986930906e-312
91,DFT_CRT,time_and_value_scaling_t0,wide,DEoptim,3289,3.35275335093e-312
91,DFT_CRT,time_and_value_scaling_t0,wide,DEoptim,3290,5.38986930908e-312
91,DFT_CRT,time_and_value_scaling_t0,wide,DEoptim,3291,5.562705866225913e-309
91,DFT_CRT,time_and_value_scaling_t0,wide,DEoptim,3292,17455966943460707e222
91,DFT_CRT,time_and_value_scaling_t0,wide,DEoptim,3293,38097872707948307e164
91,DFT_CRT,time_and_value_scaling_t0,wide,DEoptim,3294,2.151453454413e-312
91,DFT_CRT,time_and_value_scaling_t0,wide,DEoptim,3295,5.38986930906e-312
91,DFT_CRT,time_and_value_scaling_t0,wide,DEoptim,3296,3.39519326554e-313
91,DFT_CRT,time_and_value_scaling_t0,wide,DEoptim,3297,1.90980916355e-313
91,DFT_CRT,time_and_value_scaling_t0,wide,DEoptim,3298,6.59652348897553e-310
91,DFT_CRT,time_and_value_scaling_t0,wide,DEoptim,3299,1.37980654311726e-309
91,DFT_CRT,time_and_value_scaling_t0,wide,DEoptim,3300,1.37980654311979e-309
91,DFT_CRT,time_and_value_scaling_t0,wide,DEoptim,3301,1.379806543124848e-309
91,DFT_CRT,time_and_value_scaling_t0,wide,DEoptim,3302,1.385663251500323e-309
91,DFT_CRT,time_and_value_scaling_t0,wide,DEoptim,3303,1.37980654311979e-309
91,DFT_CRT,time_and_value_scaling_t0,wide,DEoptim,3304,8.6373716706312e-310
91,DFT_CRT,time_and_value_scaling_t0,wide,DEoptim,3305,1.379806543124848e-309
91,DFT_CRT,time_and_value_scaling_t0,wide,DEoptim,3306,1.38591789099524e-309
91,DFT_CRT,time_and_value_scaling_t0,wide,DEoptim,3307,1.37980654311979e-309
91,DFT_CRT,time_and_value_scaling_t0,wide,DEoptim,3308,8.6916947628799e-310
91,DFT_CRT,time_and_value_scaling_t0,wide,DEoptim,3309,1.379806543124848e-309
91,DFT_CRT,time_and_value_scaling_t0,wide,DEoptim,3310,1.38644838994298e-309
91,DFT_CRT,time_and_value_scaling_t0,wide,DEoptim,3311,1.37980654311979e-309
91,DFT_CRT,time_and_value_scaling_t0,wide,DEoptim,3312,8.7460178551286e-310
91,DFT_CRT,time_and_value_scaling_t0,wide,DEoptim,3313,1.379806543124848e-309
91,DFT_CRT,time_and_value_scaling_t0,wide,DEoptim,3314,1.386639369564167e-309
91,DFT_CRT,time_and_value_scaling_t0,wide,DEoptim,3315,1.37980654311979e-309
91,DFT_CRT,time_and_value_scaling_t0,wide,DEoptim,3316,8.691694759794e-311
91,DFT_CRT,time_and_value_scaling_t0,wide,DEoptim,3317,4.8891114586947e-311
91,DFT_CRT,time_and_value_scaling_t0,wide,DEoptim,3318,9701582850771567e174
91,DFT_CRT,time_and_value_scaling_t0,wide,DEoptim,3319,2.26346046767418e-306
91,DFT_CRT,time_and_value_scaling_t0,wide,DEoptim,3320,6.8354268934402224e-304
91,DFT_CRT,time_and_value_scaling_t0,wide,DEoptim,3321,1.2816425465452025e-305
91,DFT_CRT,time_and_value_scaling_t0,wide,DEoptim,3322,6.835426893652422e-304
91,DFT_CRT,time_and_value_scaling_t0,wide,DEoptim,3323,1.390671161567e-309
91,DFT_CRT,time_and_value_scaling_t0,wide,DEoptim,3324,12017362332658037e230
91,DFT_CRT,time_and_value_scaling_t0,wide,DEoptim,3325,2.215118813545e-312
91,DFT_CRT,time_and_value_scaling_t0,wide,DEoptim,3326,5.38986930905e-312
91,DFT_CRT,time_and_value_scaling_t0,wide,DEoptim,3327,5.38986930905e-312
91,DFT_CRT,time_and_value_scaling_t0,wide,DEoptim,3328,5.38986930905e-312
91,DFT_CRT,time_and_value_scaling_t0,wide,DEoptim,3329,5.38986930906e-312
91,DFT_CRT,time_and_value_scaling_t0,wide,DEoptim,3330,3.45885314048e-312
91,DFT_CRT,time_and_value_scaling_t0,wide,DEoptim,3331,5.38986930908e-312
91,DFT_CRT,time_and_value_scaling_t0,wide,DEoptim,3332,5.562705866225913e-309
91,DFT_CRT,time_and_value_scaling_t0,wide,DEoptim,3333,9338177487716286e237
91,DFT_CRT,time_and_value_scaling_t0,wide,DEoptim,3334,7490886388603421e232
91,DFT_CRT,time_and_value_scaling_t0,wide,DEoptim,3335,4.778311531506446e-299
91,DFT_CRT,time_and_value_scaling_t0,wide,DEoptim,3336,2.105417699e-314
91,DFT_CRT,time_and_value_scaling_t0,wide,DEoptim,3337,7.291122454141135e-304
91,DFT_CRT,time_and_value_scaling_t0,wide,DEoptim,3338,1.3449746641435458e-284
91,DFT_CRT,time_and_value_scaling_t0,wide,DEoptim,3339,2.57676698788e-312
91,DFT_CRT,time_and_value_scaling_t0,wide,DEoptim,3340,5.38986930905e-312
91,DFT_CRT,time_and_value_scaling_t0,wide,DEoptim,3341,5.38986930905e-312
91,DFT_CRT,time_and_value_scaling_t0,wide,DEoptim,3342,5.38986930905e-312
91,DFT_CRT,time_and_value_scaling_t0,wide,DEoptim,3343,5.38986930906e-312
91,DFT_CRT,time_and_value_scaling_t0,wide,DEoptim,3344,3.48007309839e-312
91,DFT_CRT,time_and_value_scaling_t0,wide,DEoptim,3345,5.38986930908e-312
91,DFT_CRT,time_and_value_scaling_t0,wide,DEoptim,3346,5.417554722887e-312
91,DFT_CRT,time_and_value_scaling_t0,wide,DEoptim,3347,5.38986930906e-312
91,DFT_CRT,time_and_value_scaling_t0,wide,DEoptim,3348,3.39519326554e-313
91,DFT_CRT,time_and_value_scaling_t0,wide,DEoptim,3349,1.90980916355e-313
91,DFT_CRT,time_and_value_scaling_t0,wide,DEoptim,3350,5848451725413431e184
91,DFT_CRT,time_and_value_scaling_t0,wide,DEoptim,3351,1925268370201348e146
91,DFT_CRT,time_and_value_scaling_t0,wide,DEoptim,3352,4701079818373657e165
91,DFT_CRT,time_and_value_scaling_t0,wide,DEoptim,3353,8706505842381262e168
91,DFT_CRT,time_and_value_scaling_t0,wide,DEoptim,3354,7347462829388272e208
91,DFT_CRT,time_and_value_scaling_t0,wide,DEoptim,3355,6201982290543264e208
91,DFT_CRT,time_and_value_scaling_t0,wide,DEoptim,3356,1997672278097654e159
91,DFT_CRT,time_and_value_scaling_t0,wide,DEoptim,3357,14285355975057922e232
91,DFT_CRT,time_and_value_scaling_t0,wide,DEoptim,3358,-8371160993642713e283
91,DFT_CRT,time_and_value_scaling_t0,wide,DEoptim,3359,-8371160993642713e283
91,DFT_CRT,time_and_value_scaling_t0,wide,DEoptim,3360,-8371161056012723e283
91,DFT_CRT,time_and_value_scaling_t0,wide,DEoptim,3361,-1.8033177754480468e-130
91,DFT_CRT,time_and_value_scaling_t0,wide,DEoptim,3362,-8371161180752742e283
91,DFT_CRT,time_and_value_scaling_t0,wide,DEoptim,3363,-17829903223579488e288
91,DFT_CRT,time_and_value_scaling_t0,wide,DEoptim,3364,-8371161056012723e283
91,DFT_CRT,time_and_value_scaling_t0,wide,DEoptim,3365,-8371161180752742e283
91,DFT_CRT,time_and_value_scaling_t0,wide,DEoptim,3366,-185156687321787e290
91,DFT_CRT,time_and_value_scaling_t0,wide,DEoptim,3367,-8371161056012723e283
91,DFT_CRT,time_and_value_scaling_t0,wide,DEoptim,3368,-7543420594591322e288
91,DFT_CRT,time_and_value_scaling_t0,wide,DEoptim,3369,-8371161056012723e283
91,DFT_CRT,time_and_value_scaling_t0,wide,DEoptim,3370,7.291122019556398e-304
91,DFT_CRT,time_and_value_scaling_t0,wide,DEoptim,3371,2.999393728354452e-241
91,DFT_CRT,time_and_value_scaling_t0,wide,DEoptim,3372,9076801818272659e208
91,DFT_CRT,time_and_value_scaling_t0,wide,DEoptim,3373,5.4538329030795e-310
91,DFT_CRT,time_and_value_scaling_t0,wide,DEoptim,3374,1.37980654311726e-309
91,DFT_CRT,time_and_value_scaling_t0,wide,DEoptim,3375,1.37980654311979e-309
91,DFT_CRT,time_and_value_scaling_t0,wide,DEoptim,3376,5.432309224871e-311
91,DFT_CRT,time_and_value_scaling_t0,wide,DEoptim,3377,1.265e-321
91,DFT_CRT,time_and_value_scaling_t0,wide,DEoptim,3378,1.37980654311726e-309
91,DFT_CRT,time_and_value_scaling_t0,wide,DEoptim,3379,1.37980654311979e-309
91,DFT_CRT,time_and_value_scaling_t0,wide,DEoptim,3380,9.01763331637215e-310
91,DFT_CRT,time_and_value_scaling_t0,wide,DEoptim,3381,1.379806543124848e-309
91,DFT_CRT,time_and_value_scaling_t0,wide,DEoptim,3382,1.38579057124778e-309
91,DFT_CRT,time_and_value_scaling_t0,wide,DEoptim,3383,1.37980654311979e-309
91,DFT_CRT,time_and_value_scaling_t0,wide,DEoptim,3384,1.379806543124848e-309
91,DFT_CRT,time_and_value_scaling_t0,wide,DEoptim,3385,1.38581179120569e-309
91,DFT_CRT,time_and_value_scaling_t0,wide,DEoptim,3386,1.37980654311979e-309
91,DFT_CRT,time_and_value_scaling_t0,wide,DEoptim,3387,1.38536617208959e-309
91,DFT_CRT,time_and_value_scaling_t0,wide,DEoptim,3388,1.37980654311979e-309
91,DFT_CRT,time_and_value_scaling_t0,wide,DEoptim,3389,2.0527694427391904e-289
91,DFT_CRT,time_and_value_scaling_t0,wide,DEoptim,3390,26030713511338035e164
91,DFT_CRT,time_and_value_scaling_t0,wide,DEoptim,3391,5382033891656219e261
91,DFT_CRT,time_and_value_scaling_t0,wide,DEoptim,3392,5815436004856197e165
91,DFT_CRT,time_and_value_scaling_t0,wide,DEoptim,3393,5.63e-322
91,DFT_CRT,time_and_value_scaling_t0,wide,DEoptim,3394,4.2439917074e-314
91,DFT_CRT,time_and_value_scaling_t0,wide,DEoptim,3395,5.17766973121e-312
91,DFT_CRT,time_and_value_scaling_t0,wide,DEoptim,3396,1.27319748283e-313
91,DFT_CRT,time_and_value_scaling_t0,wide,DEoptim,3397,4.656612873077655e-10
91,DFT_CRT,time_and_value_scaling_t0,wide,DEoptim,3398,4.243991708e-314
91,DFT_CRT,time_and_value_scaling_t0,wide,DEoptim,3399,4.2439917074e-314
91,DFT_CRT,time_and_value_scaling_t0,wide,DEoptim,3400,1.90980916355e-313
91,DFT_CRT,time_and_value_scaling_t0,wide,DEoptim,3401,2.449611720573e-312
91,DFT_CRT,time_and_value_scaling_t0,wide,DEoptim,3402,5.326209435323e-312
91,DFT_CRT,time_and_value_scaling_t0,wide,DEoptim,3403,5.38986930905e-312
91,DFT_CRT,time_and_value_scaling_t0,wide,DEoptim,3404,5.38986930906e-312
91,DFT_CRT,time_and_value_scaling_t0,wide,DEoptim,3405,5.38986930908e-312
91,DFT_CRT,time_and_value_scaling_t0,wide,DEoptim,3406,5.412747076173e-312
91,DFT_CRT,time_and_value_scaling_t0,wide,DEoptim,3407,5.38986930906e-312
91,DFT_CRT,time_and_value_scaling_t0,wide,DEoptim,3408,5.38986930908e-312
91,DFT_CRT,time_and_value_scaling_t0,wide,DEoptim,3409,5.562705866225913e-309
91,DFT_CRT,time_and_value_scaling_t0,wide,DEoptim,3410,8.662838158108168e-91
91,DFT_CRT,time_and_value_scaling_t0,wide,DEoptim,3411,-8371161056012723e283
91,DFT_CRT,time_and_value_scaling_t0,wide,DEoptim,3412,-9216688435573397e290
91,DFT_CRT,time_and_value_scaling_t0,wide,DEoptim,3413,-8371161056012723e283
91,DFT_CRT,time_and_value_scaling_t0,wide,DEoptim,3414,-13166697765104853e290
91,DFT_CRT,time_and_value_scaling_t0,wide,DEoptim,3415,-8371160993642713e283
91,DFT_CRT,time_and_value_scaling_t0,wide,DEoptim,3416,-8371161056012723e283
91,DFT_CRT,time_and_value_scaling_t0,wide,DEoptim,3417,-8371161180752742e283
91,DFT_CRT,time_and_value_scaling_t0,wide,DEoptim,3418,-9655578361076892e290
91,DFT_CRT,time_and_value_scaling_t0,wide,DEoptim,3419,-8371160993642713e283
91,DFT_CRT,time_and_value_scaling_t0,wide,DEoptim,3420,-8371160993642713e283
91,DFT_CRT,time_and_value_scaling_t0,wide,DEoptim,3421,-8371161056012723e283
91,DFT_CRT,time_and_value_scaling_t0,wide,DEoptim,3422,-8371160993642713e283
91,DFT_CRT,time_and_value_scaling_t0,wide,DEoptim,3423,-8371160993642713e283
91,DFT_CRT,time_and_value_scaling_t0,wide,DEoptim,3424,-8371160993642713e283
91,DFT_CRT,time_and_value_scaling_t0,wide,DEoptim,3425,-8371160993642713e283
91,DFT_CRT,time_and_value_scaling_t0,wide,DEoptim,3426,-8371160993642713e283
91,DFT_CRT,time_and_value_scaling_t0,wide,DEoptim,3427,-8371161056012723e283
91,DFT_CRT,time_and_value_scaling_t0,wide,DEoptim,3428,-5.07588828846151e-116
91,DFT_CRT,time_and_value_scaling_t0,wide,DEoptim,3429,-8371161180752742e283
91,DFT_CRT,time_and_value_scaling_t0,wide,DEoptim,3430,-21944496275174755e288
91,DFT_CRT,time_and_value_scaling_t0,wide,DEoptim,3431,-8371161056012723e283
91,DFT_CRT,time_and_value_scaling_t0,wide,DEoptim,3432,-3.326534148726135e-111
91,DFT_CRT,time_and_value_scaling_t0,wide,DEoptim,3433,-8371161180752742e283
91,DFT_CRT,time_and_value_scaling_t0,wide,DEoptim,3434,-6857655085992111e289
91,DFT_CRT,time_and_value_scaling_t0,wide,DEoptim,3435,-8371161056012723e283
91,DFT_CRT,time_and_value_scaling_t0,wide,DEoptim,3436,-8371161180752742e283
91,DFT_CRT,time_and_value_scaling_t0,wide,DEoptim,3437,-10533358212083882e290
91,DFT_CRT,time_and_value_scaling_t0,wide,DEoptim,3438,-8371161056012723e283
91,DFT_CRT,time_and_value_scaling_t0,wide,DEoptim,3439,-6514772331692505e288
91,DFT_CRT,time_and_value_scaling_t0,wide,DEoptim,3440,-8371160993642713e283
91,DFT_CRT,time_and_value_scaling_t0,wide,DEoptim,3441,-8371160993642713e283
91,DFT_CRT,time_and_value_scaling_t0,wide,DEoptim,3442,-8371161056012723e283
91,DFT_CRT,time_and_value_scaling_t0,wide,DEoptim,3443,-8371161180752742e283
91,DFT_CRT,time_and_value_scaling_t0,wide,DEoptim,3444,-13715310171984222e288
91,DFT_CRT,time_and_value_scaling_t0,wide,DEoptim,3445,-8371161056012723e283
91,DFT_CRT,time_and_value_scaling_t0,wide,DEoptim,3446,-2.1800774197091597e-106
91,DFT_CRT,time_and_value_scaling_t0,wide,DEoptim,3447,-8371161180752742e283
91,DFT_CRT,time_and_value_scaling_t0,wide,DEoptim,3448,-17829903223579488e288
91,DFT_CRT,time_and_value_scaling_t0,wide,DEoptim,3449,-8371161056012723e283
91,DFT_CRT,time_and_value_scaling_t0,wide,DEoptim,3450,-6514772331692505e288
91,DFT_CRT,time_and_value_scaling_t0,wide,DEoptim,3451,-8371161056012723e283
91,DFT_CRT,time_and_value_scaling_t0,wide,DEoptim,3452,-1.428735537780595e-101
91,DFT_CRT,time_and_value_scaling_t0,wide,DEoptim,3453,-8371161180752742e283
91,DFT_CRT,time_and_value_scaling_t0,wide,DEoptim,3454,7.291122019556398e-304
91,DFT_CRT,time_and_value_scaling_t0,wide,DEoptim,3455,2.751642145916094e-135
91,DFT_CRT,time_and_value_scaling_t0,wide,DEoptim,3456,1336552117567126e170
91,DFT_CRT,time_and_value_scaling_t0,wide,DEoptim,3457,1193460937937095e228
91,DFT_CRT,time_and_value_scaling_t0,wide,DEoptim,3458,46526777000281694e135
91,DFT_CRT,time_and_value_scaling_t0,wide,DEoptim,3459,20647814314359153e145
91,DFT_CRT,time_and_value_scaling_t0,wide,DEoptim,3460,4.778311763058359e-299
91,DFT_CRT,time_and_value_scaling_t0,wide,DEoptim,3461,2.105417699e-314
91,DFT_CRT,time_and_value_scaling_t0,wide,DEoptim,3462,4.778314273396776e-299
91,DFT_CRT,time_and_value_scaling_t0,wide,DEoptim,3463,2.105417699e-314
91,DFT_CRT,time_and_value_scaling_t0,wide,DEoptim,3464,4.778314266304353e-299
91,DFT_CRT,time_and_value_scaling_t0,wide,DEoptim,3465,2.105417699e-314
91,DFT_CRT,time_and_value_scaling_t0,wide,DEoptim,3466,4.778314266095753e-299
91,DFT_CRT,time_and_value_scaling_t0,wide,DEoptim,3467,2.1142895685e-314
91,DFT_CRT,time_and_value_scaling_t0,wide,DEoptim,3468,2.1142895685e-314
91,DFT_CRT,time_and_value_scaling_t0,wide,DEoptim,3469,2.105417699e-314
91,DFT_CRT,time_and_value_scaling_t0,wide,DEoptim,3470,4.778314248086561e-299
91,DFT_CRT,time_and_value_scaling_t0,wide,DEoptim,3471,-5727786203457123e235
91,DFT_CRT,time_and_value_scaling_t0,wide,DEoptim,3472,8.814431311245127e-280
91,DFT_CRT,time_and_value_scaling_t0,wide,DEoptim,3473,2.105417699e-314
91,DFT_CRT,time_and_value_scaling_t0,wide,DEoptim,3474,4.778314267695025e-299
91,DFT_CRT,time_and_value_scaling_t0,wide,DEoptim,3475,2.105417699e-314
91,DFT_CRT,time_and_value_scaling_t0,wide,DEoptim,3476,4.778314266095753e-299
91,DFT_CRT,time_and_value_scaling_t0,wide,DEoptim,3477,-5727786203457123e235
91,DFT_CRT,time_and_value_scaling_t0,wide,DEoptim,3478,8.814431344081421e-280
91,DFT_CRT,time_and_value_scaling_t0,wide,DEoptim,3479,2.105417699e-314
91,DFT_CRT,time_and_value_scaling_t0,wide,DEoptim,3480,2.4834631584438887e-265
91,DFT_CRT,time_and_value_scaling_t0,wide,DEoptim,3481,15076158398022866e145
91,DFT_CRT,time_and_value_scaling_t0,wide,DEoptim,3482,494142262673244e243
91,DFT_CRT,time_and_value_scaling_t0,wide,DEoptim,3483,3992842260106687e237
91,DFT_CRT,time_and_value_scaling_t0,wide,DEoptim,3484,-8371161056012723e283
91,DFT_CRT,time_and_value_scaling_t0,wide,DEoptim,3485,-4.021533022224795e-87
91,DFT_CRT,time_and_value_scaling_t0,wide,DEoptim,3486,-8371161180752742e283
91,DFT_CRT,time_and_value_scaling_t0,wide,DEoptim,3487,-185156687321787e290
91,DFT_CRT,time_and_value_scaling_t0,wide,DEoptim,3488,-8371161056012723e283
91,DFT_CRT,time_and_value_scaling_t0,wide,DEoptim,3489,-6514772331692505e288
91,DFT_CRT,time_and_value_scaling_t0,wide,DEoptim,3490,-8371161056012723e283
91,DFT_CRT,time_and_value_scaling_t0,wide,DEoptim,3491,7.291122019556398e-304
91,DFT_CRT,time_and_value_scaling_t0,wide,DEoptim,3492,2.052268469457315e-289
91,DFT_CRT,time_and_value_scaling_t0,wide,DEoptim,3493,8.407352953e-315
91,DFT_CRT,time_and_value_scaling_t0,wide,DEoptim,3494,4.778314248086561e-299
91,DFT_CRT,time_and_value_scaling_t0,wide,DEoptim,3495,-5727786203457123e235
91,DFT_CRT,time_and_value_scaling_t0,wide,DEoptim,3496,8.81443140975401e-280
91,DFT_CRT,time_and_value_scaling_t0,wide,DEoptim,3497,2.105417699e-314
91,DFT_CRT,time_and_value_scaling_t0,wide,DEoptim,3498,4.778314267764558e-299
91,DFT_CRT,time_and_value_scaling_t0,wide,DEoptim,3499,2.105417699e-314
91,DFT_CRT,time_and_value_scaling_t0,wide,DEoptim,3500,4.778314266095753e-299
91,DFT_CRT,time_and_value_scaling_t0,wide,DEoptim,3501,2.105417699e-314
91,DFT_CRT,time_and_value_scaling_t0,wide,DEoptim,3502,2.4834631584438887e-265
91,DFT_CRT,time_and_value_scaling_t0,wide,DEoptim,3503,977824483100963e185
91,DFT_CRT,time_and_value_scaling_t0,wide,DEoptim,3504,3.7375626e-317
91,DFT_CRT,time_and_value_scaling_t0,wide,DEoptim,3505,8.224288e-317
91,DFT_CRT,time_and_value_scaling_t0,wide,DEoptim,3506,8.224288e-317
91,DFT_CRT,time_and_value_scaling_t0,wide,DEoptim,3507,8.224288e-317
91,DFT_CRT,time_and_value_scaling_t0,wide,DEoptim,3508,8.224288e-317
91,DFT_CRT,time_and_value_scaling_t0,wide,DEoptim,3509,2.78134240537688e-309
91,DFT_CRT,time_and_value_scaling_t0,wide,DEoptim,3510,4.556951275697422e-304
91,DFT_CRT,time_and_value_scaling_t0,wide,DEoptim,3511,8.344027026389197e-309
91,DFT_CRT,time_and_value_scaling_t0,wide,DEoptim,3512,8.224288e-317
91,DFT_CRT,time_and_value_scaling_t0,wide,DEoptim,3513,2.781342405733556e-309
91,DFT_CRT,time_and_value_scaling_t0,wide,DEoptim,3514,8.224288e-317
91,DFT_CRT,time_and_value_scaling_t0,wide,DEoptim,3515,1.2516125334258437e-308
91,DFT_CRT,time_and_value_scaling_t0,wide,DEoptim,3516,38720419576659755e212
91,DFT_CRT,time_and_value_scaling_t0,wide,DEoptim,3517,4.778311710693868e-299
91,DFT_CRT,time_and_value_scaling_t0,wide,DEoptim,3518,-5727786203457123e235
91,DFT_CRT,time_and_value_scaling_t0,wide,DEoptim,3519,8.814431475426599e-280
91,DFT_CRT,time_and_value_scaling_t0,wide,DEoptim,3520,2.105417699e-314
91,DFT_CRT,time_and_value_scaling_t0,wide,DEoptim,3521,4.778314267764558e-299
91,DFT_CRT,time_and_value_scaling_t0,wide,DEoptim,3522,-5727786203457123e235
91,DFT_CRT,time_and_value_scaling_t0,wide,DEoptim,3523,8.814431508262893e-280
91,DFT_CRT,time_and_value_scaling_t0,wide,DEoptim,3524,2.105417699e-314
91,DFT_CRT,time_and_value_scaling_t0,wide,DEoptim,3525,4.778314267764558e-299
91,DFT_CRT,time_and_value_scaling_t0,wide,DEoptim,3526,2.105417699e-314
91,DFT_CRT,time_and_value_scaling_t0,wide,DEoptim,3527,4.778314266095753e-299
91,DFT_CRT,time_and_value_scaling_t0,wide,DEoptim,3528,2.105417699e-314
91,DFT_CRT,time_and_value_scaling_t0,wide,DEoptim,3529,2.4834631584438887e-265
91,DFT_CRT,time_and_value_scaling_t0,wide,DEoptim,3530,6011239881096103e160
91,DFT_CRT,time_and_value_scaling_t0,wide,DEoptim,3531,1.25764e-319
91,DFT_CRT,time_and_value_scaling_t0,wide,DEoptim,3532,1.0864618771003e-311
91,DFT_CRT,time_and_value_scaling_t0,wide,DEoptim,3533,3.2126e-319
91,DFT_CRT,time_and_value_scaling_t0,wide,DEoptim,3534,3.23045e-319
91,DFT_CRT,time_and_value_scaling_t0,wide,DEoptim,3535,3.2126e-319
91,DFT_CRT,time_and_value_scaling_t0,wide,DEoptim,3536,1.0864618771003e-311
91,DFT_CRT,time_and_value_scaling_t0,wide,DEoptim,3537,1.32548345118981e-309
91,DFT_CRT,time_and_value_scaling_t0,wide,DEoptim,3538,3.2593855575627e-311
91,DFT_CRT,time_and_value_scaling_t0,wide,DEoptim,3539,3.2126e-319
91,DFT_CRT,time_and_value_scaling_t0,wide,DEoptim,3540,1.0864618772426e-311
91,DFT_CRT,time_and_value_scaling_t0,wide,DEoptim,3541,1.32548345118981e-309
91,DFT_CRT,time_and_value_scaling_t0,wide,DEoptim,3542,3.259385557689e-311
91,DFT_CRT,time_and_value_scaling_t0,wide,DEoptim,3543,3.2126e-319
91,DFT_CRT,time_and_value_scaling_t0,wide,DEoptim,3544,1.086461877245e-311
91,DFT_CRT,time_and_value_scaling_t0,wide,DEoptim,3545,3.2126e-319
91,DFT_CRT,time_and_value_scaling_t0,wide,DEoptim,3546,3.22546e-319
91,DFT_CRT,time_and_value_scaling_t0,wide,DEoptim,3547,1.0864618771003e-311
91,DFT_CRT,time_and_value_scaling_t0,wide,DEoptim,3548,1.32548345118981e-309
91,DFT_CRT,time_and_value_scaling_t0,wide,DEoptim,3549,3.2593855578157e-311
91,DFT_CRT,time_and_value_scaling_t0,wide,DEoptim,3550,3.2126e-319
91,DFT_CRT,time_and_value_scaling_t0,wide,DEoptim,3551,1.0864618772397e-311
91,DFT_CRT,time_and_value_scaling_t0,wide,DEoptim,3552,3.2126e-319
91,DFT_CRT,time_and_value_scaling_t0,wide,DEoptim,3553,1.086461877229e-311
91,DFT_CRT,time_and_value_scaling_t0,wide,DEoptim,3554,1.32548345118981e-309
91,DFT_CRT,time_and_value_scaling_t0,wide,DEoptim,3555,3.259385557942e-311
91,DFT_CRT,time_and_value_scaling_t0,wide,DEoptim,3556,3.2126e-319
91,DFT_CRT,time_and_value_scaling_t0,wide,DEoptim,3557,4.8891114586947e-311
91,DFT_CRT,time_and_value_scaling_t0,wide,DEoptim,3558,9477871650439507e155
91,DFT_CRT,time_and_value_scaling_t0,wide,DEoptim,3559,6696947085476963e136
91,DFT_CRT,time_and_value_scaling_t0,wide,DEoptim,3560,4.77831153213441e-299
91,DFT_CRT,time_and_value_scaling_t0,wide,DEoptim,3561,2.105417699e-314
91,DFT_CRT,time_and_value_scaling_t0,wide,DEoptim,3562,4.778314266026219e-299
91,DFT_CRT,time_and_value_scaling_t0,wide,DEoptim,3563,-5727786203457123e235
91,DFT_CRT,time_and_value_scaling_t0,wide,DEoptim,3564,8.814431672444365e-280
91,DFT_CRT,time_and_value_scaling_t0,wide,DEoptim,3565,2.105417699e-314
91,DFT_CRT,time_and_value_scaling_t0,wide,DEoptim,3566,4.778314267764558e-299
91,DFT_CRT,time_and_value_scaling_t0,wide,DEoptim,3567,2.105417699e-314
91,DFT_CRT,time_and_value_scaling_t0,wide,DEoptim,3568,4.778314266095753e-299
91,DFT_CRT,time_and_value_scaling_t0,wide,DEoptim,3569,2.105417699e-314
91,DFT_CRT,time_and_value_scaling_t0,wide,DEoptim,3570,2.1180131634e-314
91,DFT_CRT,time_and_value_scaling_t0,wide,DEoptim,3571,2.105417699e-314
91,DFT_CRT,time_and_value_scaling_t0,wide,DEoptim,3572,2.105417699e-314
91,DFT_CRT,time_and_value_scaling_t0,wide,DEoptim,3573,2.105417699e-314
91,DFT_CRT,time_and_value_scaling_t0,wide,DEoptim,3574,4.778314248086561e-299
91,DFT_CRT,time_and_value_scaling_t0,wide,DEoptim,3575,-5727786203457123e235
91,DFT_CRT,time_and_value_scaling_t0,wide,DEoptim,3576,8.81443170528066e-280
91,DFT_CRT,time_and_value_scaling_t0,wide,DEoptim,3577,2.105417699e-314
91,DFT_CRT,time_and_value_scaling_t0,wide,DEoptim,3578,4.778314268112226e-299
91,DFT_CRT,time_and_value_scaling_t0,wide,DEoptim,3579,8.814434003821268e-280
91,DFT_CRT,time_and_value_scaling_t0,wide,DEoptim,3580,2.105417699e-314
91,DFT_CRT,time_and_value_scaling_t0,wide,DEoptim,3581,4.778314269850565e-299
91,DFT_CRT,time_and_value_scaling_t0,wide,DEoptim,3582,8.814434003821268e-280
91,DFT_CRT,time_and_value_scaling_t0,wide,DEoptim,3583,2.105417699e-314
91,DFT_CRT,time_and_value_scaling_t0,wide,DEoptim,3584,4.778314268459894e-299
91,DFT_CRT,time_and_value_scaling_t0,wide,DEoptim,3585,2.105417699e-314
91,DFT_CRT,time_and_value_scaling_t0,wide,DEoptim,3586,2.1138686403e-314
91,DFT_CRT,time_and_value_scaling_t0,wide,DEoptim,3587,2.105417699e-314
91,DFT_CRT,time_and_value_scaling_t0,wide,DEoptim,3588,4.778314248086561e-299
91,DFT_CRT,time_and_value_scaling_t0,wide,DEoptim,3589,8.814434003821268e-280
91,DFT_CRT,time_and_value_scaling_t0,wide,DEoptim,3590,2.105417699e-314
91,DFT_CRT,time_and_value_scaling_t0,wide,DEoptim,3591,4.778314267277823e-299
91,DFT_CRT,time_and_value_scaling_t0,wide,DEoptim,3592,-5727786203457123e235
91,DFT_CRT,time_and_value_scaling_t0,wide,DEoptim,3593,8.814431738116954e-280
91,DFT_CRT,time_and_value_scaling_t0,wide,DEoptim,3594,2.105417699e-314
91,DFT_CRT,time_and_value_scaling_t0,wide,DEoptim,3595,4.778314267695025e-299
91,DFT_CRT,time_and_value_scaling_t0,wide,DEoptim,3596,2.105417699e-314
91,DFT_CRT,time_and_value_scaling_t0,wide,DEoptim,3597,4.778314266165286e-299
91,DFT_CRT,time_and_value_scaling_t0,wide,DEoptim,3598,-5727786203457123e235
91,DFT_CRT,time_and_value_scaling_t0,wide,DEoptim,3599,8.814431770953248e-280
91,DFT_CRT,time_and_value_scaling_t0,wide,DEoptim,3600,2.105417699e-314
91,DFT_CRT,time_and_value_scaling_t0,wide,DEoptim,3601,4.7783142703373e-299
91,DFT_CRT,time_and_value_scaling_t0,wide,DEoptim,3602,2.105417699e-314
91,DFT_CRT,time_and_value_scaling_t0,wide,DEoptim,3603,4.77831426623482e-299
91,DFT_CRT,time_and_value_scaling_t0,wide,DEoptim,3604,-5727786203457123e235
91,DFT_CRT,time_and_value_scaling_t0,wide,DEoptim,3605,8.814431803789543e-280
91,DFT_CRT,time_and_value_scaling_t0,wide,DEoptim,3606,2.105417699e-314
91,DFT_CRT,time_and_value_scaling_t0,wide,DEoptim,3607,4.778314271032635e-299
91,DFT_CRT,time_and_value_scaling_t0,wide,DEoptim,3608,2.105417699e-314
91,DFT_CRT,time_and_value_scaling_t0,wide,DEoptim,3609,2.1138362613e-314
91,DFT_CRT,time_and_value_scaling_t0,wide,DEoptim,3610,2.105417699e-314
91,DFT_CRT,time_and_value_scaling_t0,wide,DEoptim,3611,2.105417699e-314
91,DFT_CRT,time_and_value_scaling_t0,wide,DEoptim,3612,2.105417699e-314
91,DFT_CRT,time_and_value_scaling_t0,wide,DEoptim,3613,2.105417699e-314
91,DFT_CRT,time_and_value_scaling_t0,wide,DEoptim,3614,4.778314248086561e-299
91,DFT_CRT,time_and_value_scaling_t0,wide,DEoptim,3615,-5727786203457123e235
91,DFT_CRT,time_and_value_scaling_t0,wide,DEoptim,3616,8.814431836625837e-280
91,DFT_CRT,time_and_value_scaling_t0,wide,DEoptim,3617,2.105417699e-314
91,DFT_CRT,time_and_value_scaling_t0,wide,DEoptim,3618,4.778314267695025e-299
91,DFT_CRT,time_and_value_scaling_t0,wide,DEoptim,3619,2.105417699e-314
91,DFT_CRT,time_and_value_scaling_t0,wide,DEoptim,3620,4.77831426623482e-299
91,DFT_CRT,time_and_value_scaling_t0,wide,DEoptim,3621,-5727786203457123e235
91,DFT_CRT,time_and_value_scaling_t0,wide,DEoptim,3622,8.814431869462132e-280
91,DFT_CRT,time_and_value_scaling_t0,wide,DEoptim,3623,2.105417699e-314
91,DFT_CRT,time_and_value_scaling_t0,wide,DEoptim,3624,4.778314271588904e-299
91,DFT_CRT,time_and_value_scaling_t0,wide,DEoptim,3625,2.105417699e-314
91,DFT_CRT,time_and_value_scaling_t0,wide,DEoptim,3626,2.1138362613e-314
91,DFT_CRT,time_and_value_scaling_t0,wide,DEoptim,3627,2.105417699e-314
91,DFT_CRT,time_and_value_scaling_t0,wide,DEoptim,3628,4.778314248086561e-299
91,DFT_CRT,time_and_value_scaling_t0,wide,DEoptim,3629,-5727786203457123e235
91,DFT_CRT,time_and_value_scaling_t0,wide,DEoptim,3630,8.814431902298426e-280
91,DFT_CRT,time_and_value_scaling_t0,wide,DEoptim,3631,2.105417699e-314
91,DFT_CRT,time_and_value_scaling_t0,wide,DEoptim,3632,4.778314267695025e-299
91,DFT_CRT,time_and_value_scaling_t0,wide,DEoptim,3633,2.105417699e-314
91,DFT_CRT,time_and_value_scaling_t0,wide,DEoptim,3634,2.4834631584438887e-265
91,DFT_CRT,time_and_value_scaling_t0,wide,DEoptim,3635,3684213989847373e165
91,DFT_CRT,time_and_value_scaling_t0,wide,DEoptim,3636,2608736479916373e199
91,DFT_CRT,time_and_value_scaling_t0,wide,DEoptim,3637,2.781342356954184e-309
91,DFT_CRT,time_and_value_scaling_t0,wide,DEoptim,3638,4.556951275697422e-304
91,DFT_CRT,time_and_value_scaling_t0,wide,DEoptim,3639,8.34402703124606e-309
91,DFT_CRT,time_and_value_scaling_t0,wide,DEoptim,3640,8.224288e-317
91,DFT_CRT,time_and_value_scaling_t0,wide,DEoptim,3641,2.78134240578162e-309
91,DFT_CRT,time_and_value_scaling_t0,wide,DEoptim,3642,8.224288e-317
91,DFT_CRT,time_and_value_scaling_t0,wide,DEoptim,3643,2.781342405706995e-309
91,DFT_CRT,time_and_value_scaling_t0,wide,DEoptim,3644,4.556951275697422e-304
91,DFT_CRT,time_and_value_scaling_t0,wide,DEoptim,3645,8.34402703156985e-309
91,DFT_CRT,time_and_value_scaling_t0,wide,DEoptim,3646,8.224288e-317
91,DFT_CRT,time_and_value_scaling_t0,wide,DEoptim,3647,1.2516125334258437e-308
91,DFT_CRT,time_and_value_scaling_t0,wide,DEoptim,3648,2177703216688368e228
91,DFT_CRT,time_and_value_scaling_t0,wide,DEoptim,3649,3111492267147144e160
91,DFT_CRT,time_and_value_scaling_t0,wide,DEoptim,3650,1.086461859445e-311
91,DFT_CRT,time_and_value_scaling_t0,wide,DEoptim,3651,1.32548345118981e-309
91,DFT_CRT,time_and_value_scaling_t0,wide,DEoptim,3652,3.2593855593335e-311
91,DFT_CRT,time_and_value_scaling_t0,wide,DEoptim,3653,3.2126e-319
91,DFT_CRT,time_and_value_scaling_t0,wide,DEoptim,3654,1.0864618772634e-311
91,DFT_CRT,time_and_value_scaling_t0,wide,DEoptim,3655,3.2126e-319
91,DFT_CRT,time_and_value_scaling_t0,wide,DEoptim,3656,3.22546e-319
91,DFT_CRT,time_and_value_scaling_t0,wide,DEoptim,3657,3.2126e-319
91,DFT_CRT,time_and_value_scaling_t0,wide,DEoptim,3658,3.2126e-319
91,DFT_CRT,time_and_value_scaling_t0,wide,DEoptim,3659,3.2126e-319
91,DFT_CRT,time_and_value_scaling_t0,wide,DEoptim,3660,1.0864618771003e-311
91,DFT_CRT,time_and_value_scaling_t0,wide,DEoptim,3661,1.32548345118981e-309
91,DFT_CRT,time_and_value_scaling_t0,wide,DEoptim,3662,3.25938555946e-311
91,DFT_CRT,time_and_value_scaling_t0,wide,DEoptim,3663,3.2126e-319
91,DFT_CRT,time_and_value_scaling_t0,wide,DEoptim,3664,1.0864618772397e-311
91,DFT_CRT,time_and_value_scaling_t0,wide,DEoptim,3665,3.2126e-319
91,DFT_CRT,time_and_value_scaling_t0,wide,DEoptim,3666,4.8891114586947e-311
91,DFT_CRT,time_and_value_scaling_t0,wide,DEoptim,3667,6349129138403368e136
91,DFT_CRT,time_and_value_scaling_t0,wide,DEoptim,3668,2.78134236017946e-309
91,DFT_CRT,time_and_value_scaling_t0,wide,DEoptim,3669,4.556951275697422e-304
91,DFT_CRT,time_and_value_scaling_t0,wide,DEoptim,3670,8.344027032541223e-309
91,DFT_CRT,time_and_value_scaling_t0,wide,DEoptim,3671,8.224288e-317
91,DFT_CRT,time_and_value_scaling_t0,wide,DEoptim,3672,1.2516125334258437e-308
91,DFT_CRT,time_and_value_scaling_t0,wide,DEoptim,3673,3872041957930727e213
91,DFT_CRT,time_and_value_scaling_t0,wide,DEoptim,3674,11039218801094845e145
91,DFT_CRT,time_and_value_scaling_t0,wide,DEoptim,3675,1.086461858058e-311
91,DFT_CRT,time_and_value_scaling_t0,wide,DEoptim,3676,3.2126e-319
91,DFT_CRT,time_and_value_scaling_t0,wide,DEoptim,3677,3.23193e-319
91,DFT_CRT,time_and_value_scaling_t0,wide,DEoptim,3678,3.2126e-319
91,DFT_CRT,time_and_value_scaling_t0,wide,DEoptim,3679,1.0864618771003e-311
91,DFT_CRT,time_and_value_scaling_t0,wide,DEoptim,3680,1.32548345118981e-309
91,DFT_CRT,time_and_value_scaling_t0,wide,DEoptim,3681,3.259385559713e-311
91,DFT_CRT,time_and_value_scaling_t0,wide,DEoptim,3682,3.2126e-319
91,DFT_CRT,time_and_value_scaling_t0,wide,DEoptim,3683,1.0864618772397e-311
91,DFT_CRT,time_and_value_scaling_t0,wide,DEoptim,3684,3.2126e-319
91,DFT_CRT,time_and_value_scaling_t0,wide,DEoptim,3685,4.8891114586947e-311
91,DFT_CRT,time_and_value_scaling_t0,wide,DEoptim,3686,35037990775530143e135
91,DFT_CRT,time_and_value_scaling_t0,wide,DEoptim,3687,2.78134236017946e-309
91,DFT_CRT,time_and_value_scaling_t0,wide,DEoptim,3688,8.224288e-317
91,DFT_CRT,time_and_value_scaling_t0,wide,DEoptim,3689,8.224288e-317
91,DFT_CRT,time_and_value_scaling_t0,wide,DEoptim,3690,2.78134240537688e-309
91,DFT_CRT,time_and_value_scaling_t0,wide,DEoptim,3691,4.556951275697422e-304
91,DFT_CRT,time_and_value_scaling_t0,wide,DEoptim,3692,8.344027033188805e-309
91,DFT_CRT,time_and_value_scaling_t0,wide,DEoptim,3693,8.224288e-317
91,DFT_CRT,time_and_value_scaling_t0,wide,DEoptim,3694,2.781342405741145e-309
91,DFT_CRT,time_and_value_scaling_t0,wide,DEoptim,3695,4.556951275697422e-304
91,DFT_CRT,time_and_value_scaling_t0,wide,DEoptim,3696,8.344027033512596e-309
91,DFT_CRT,time_and_value_scaling_t0,wide,DEoptim,3697,8.224288e-317
91,DFT_CRT,time_and_value_scaling_t0,wide,DEoptim,3698,2.781342405748734e-309
91,DFT_CRT,time_and_value_scaling_t0,wide,DEoptim,3699,8.344027051644884e-309
91,DFT_CRT,time_and_value_scaling_t0,wide,DEoptim,3700,8.224288e-317
91,DFT_CRT,time_and_value_scaling_t0,wide,DEoptim,3701,2.781342405772766e-309
91,DFT_CRT,time_and_value_scaling_t0,wide,DEoptim,3702,8.344027051644884e-309
91,DFT_CRT,time_and_value_scaling_t0,wide,DEoptim,3703,8.224288e-317
91,DFT_CRT,time_and_value_scaling_t0,wide,DEoptim,3704,2.78134240574747e-309
91,DFT_CRT,time_and_value_scaling_t0,wide,DEoptim,3705,8.224288e-317
91,DFT_CRT,time_and_value_scaling_t0,wide,DEoptim,3706,8.2575523e-317
91,DFT_CRT,time_and_value_scaling_t0,wide,DEoptim,3707,8.224288e-317
91,DFT_CRT,time_and_value_scaling_t0,wide,DEoptim,3708,2.78134240537688e-309
91,DFT_CRT,time_and_value_scaling_t0,wide,DEoptim,3709,4.556951275697422e-304
91,DFT_CRT,time_and_value_scaling_t0,wide,DEoptim,3710,8.344027033836387e-309
91,DFT_CRT,time_and_value_scaling_t0,wide,DEoptim,3711,8.224288e-317
91,DFT_CRT,time_and_value_scaling_t0,wide,DEoptim,3712,2.781342405772766e-309
91,DFT_CRT,time_and_value_scaling_t0,wide,DEoptim,3713,4.556951275697422e-304
91,DFT_CRT,time_and_value_scaling_t0,wide,DEoptim,3714,8.344027034160178e-309
91,DFT_CRT,time_and_value_scaling_t0,wide,DEoptim,3715,8.224288e-317
91,DFT_CRT,time_and_value_scaling_t0,wide,DEoptim,3716,2.78134240574747e-309
91,DFT_CRT,time_and_value_scaling_t0,wide,DEoptim,3717,4.556951275697422e-304
91,DFT_CRT,time_and_value_scaling_t0,wide,DEoptim,3718,8.34402703448397e-309
91,DFT_CRT,time_and_value_scaling_t0,wide,DEoptim,3719,8.224288e-317
91,DFT_CRT,time_and_value_scaling_t0,wide,DEoptim,3720,2.78134240573482e-309
91,DFT_CRT,time_and_value_scaling_t0,wide,DEoptim,3721,8.224288e-317
91,DFT_CRT,time_and_value_scaling_t0,wide,DEoptim,3722,2.781342405704466e-309
91,DFT_CRT,time_and_value_scaling_t0,wide,DEoptim,3723,8.224288e-317
91,DFT_CRT,time_and_value_scaling_t0,wide,DEoptim,3724,1.2516125334258437e-308
91,DFT_CRT,time_and_value_scaling_t0,wide,DEoptim,3725,11444878475087723e227
91,DFT_CRT,time_and_value_scaling_t0,wide,DEoptim,3726,750044621638318e233
91,DFT_CRT,time_and_value_scaling_t0,wide,DEoptim,3727,39972716276567984e236
91,DFT_CRT,time_and_value_scaling_t0,wide,DEoptim,3728,1.44737e-319
91,DFT_CRT,time_and_value_scaling_t0,wide,DEoptim,3729,3.2126e-319
91,DFT_CRT,time_and_value_scaling_t0,wide,DEoptim,3730,3.2126e-319
91,DFT_CRT,time_and_value_scaling_t0,wide,DEoptim,3731,3.2126e-319
91,DFT_CRT,time_and_value_scaling_t0,wide,DEoptim,3732,1.0864618771003e-311
91,DFT_CRT,time_and_value_scaling_t0,wide,DEoptim,3733,3.259385567049e-311
91,DFT_CRT,time_and_value_scaling_t0,wide,DEoptim,3734,3.2126e-319
91,DFT_CRT,time_and_value_scaling_t0,wide,DEoptim,3735,1.0864618772367e-311
91,DFT_CRT,time_and_value_scaling_t0,wide,DEoptim,3736,1.32548345118981e-309
91,DFT_CRT,time_and_value_scaling_t0,wide,DEoptim,3737,3.259385560472e-311
91,DFT_CRT,time_and_value_scaling_t0,wide,DEoptim,3738,3.2126e-319
91,DFT_CRT,time_and_value_scaling_t0,wide,DEoptim,3739,1.0864618772397e-311
91,DFT_CRT,time_and_value_scaling_t0,wide,DEoptim,3740,3.2126e-319
91,DFT_CRT,time_and_value_scaling_t0,wide,DEoptim,3741,1.0864618772535e-311
91,DFT_CRT,time_and_value_scaling_t0,wide,DEoptim,3742,1.32548345118981e-309
91,DFT_CRT,time_and_value_scaling_t0,wide,DEoptim,3743,3.2593855605983e-311
91,DFT_CRT,time_and_value_scaling_t0,wide,DEoptim,3744,3.2126e-319
91,DFT_CRT,time_and_value_scaling_t0,wide,DEoptim,3745,1.086461877232e-311
91,DFT_CRT,time_and_value_scaling_t0,wide,DEoptim,3746,3.2126e-319
91,DFT_CRT,time_and_value_scaling_t0,wide,DEoptim,3747,1.0864618772535e-311
91,DFT_CRT,time_and_value_scaling_t0,wide,DEoptim,3748,1.32548345118981e-309
91,DFT_CRT,time_and_value_scaling_t0,wide,DEoptim,3749,3.2593855607247e-311
91,DFT_CRT,time_and_value_scaling_t0,wide,DEoptim,3750,3.259385567049e-311
91,DFT_CRT,time_and_value_scaling_t0,wide,DEoptim,3751,3.2126e-319
91,DFT_CRT,time_and_value_scaling_t0,wide,DEoptim,3752,1.08646187724e-311
91,DFT_CRT,time_and_value_scaling_t0,wide,DEoptim,3753,3.2126e-319
91,DFT_CRT,time_and_value_scaling_t0,wide,DEoptim,3754,1.0864618772283e-311
91,DFT_CRT,time_and_value_scaling_t0,wide,DEoptim,3755,3.2126e-319
91,DFT_CRT,time_and_value_scaling_t0,wide,DEoptim,3756,3.2322e-319
91,DFT_CRT,time_and_value_scaling_t0,wide,DEoptim,3757,1.0864618771003e-311
91,DFT_CRT,time_and_value_scaling_t0,wide,DEoptim,3758,3.2126e-319
91,DFT_CRT,time_and_value_scaling_t0,wide,DEoptim,3759,1.086461877262e-311
91,DFT_CRT,time_and_value_scaling_t0,wide,DEoptim,3760,3.2126e-319
91,DFT_CRT,time_and_value_scaling_t0,wide,DEoptim,3761,1.0864618772357e-311
91,DFT_CRT,time_and_value_scaling_t0,wide,DEoptim,3762,3.2126e-319
91,DFT_CRT,time_and_value_scaling_t0,wide,DEoptim,3763,3.2256e-319
91,DFT_CRT,time_and_value_scaling_t0,wide,DEoptim,3764,3.2126e-319
91,DFT_CRT,time_and_value_scaling_t0,wide,DEoptim,3765,3.2126e-319
91,DFT_CRT,time_and_value_scaling_t0,wide,DEoptim,3766,3.2126e-319
91,DFT_CRT,time_and_value_scaling_t0,wide,DEoptim,3767,3.2126e-319
91,DFT_CRT,time_and_value_scaling_t0,wide,DEoptim,3768,1.0864618771003e-311
91,DFT_CRT,time_and_value_scaling_t0,wide,DEoptim,3769,1.32548345118981e-309
91,DFT_CRT,time_and_value_scaling_t0,wide,DEoptim,3770,3.259385560851e-311
91,DFT_CRT,time_and_value_scaling_t0,wide,DEoptim,3771,3.2126e-319
91,DFT_CRT,time_and_value_scaling_t0,wide,DEoptim,3772,1.0864618772397e-311
91,DFT_CRT,time_and_value_scaling_t0,wide,DEoptim,3773,3.2126e-319
91,DFT_CRT,time_and_value_scaling_t0,wide,DEoptim,3774,4.8891114586947e-311
91,DFT_CRT,time_and_value_scaling_t0,wide,DEoptim,3775,7915589444658099e208
91,DFT_CRT,time_and_value_scaling_t0,wide,DEoptim,3776,7.767587167500963e-307
91,DFT_CRT,time_and_value_scaling_t0,wide,DEoptim,3777,6.8354268934402224e-304
91,DFT_CRT,time_and_value_scaling_t0,wide,DEoptim,3778,8.544283632847871e-305
91,DFT_CRT,time_and_value_scaling_t0,wide,DEoptim,3779,6.835426893652422e-304
91,DFT_CRT,time_and_value_scaling_t0,wide,DEoptim,3780,1.390671161567e-309
91,DFT_CRT,time_and_value_scaling_t0,wide,DEoptim,3781,49763248583685956e191
91,DFT_CRT,time_and_value_scaling_t0,wide,DEoptim,3782,2867523318752861e146
91,DFT_CRT,time_and_value_scaling_t0,wide,DEoptim,3783,6.32300651084424e-310
91,DFT_CRT,time_and_value_scaling_t0,wide,DEoptim,3784,1.37980654311726e-309
91,DFT_CRT,time_and_value_scaling_t0,wide,DEoptim,3785,1.37980654311726e-309
91,DFT_CRT,time_and_value_scaling_t0,wide,DEoptim,3786,1.37980654311979e-309
91,DFT_CRT,time_and_value_scaling_t0,wide,DEoptim,3787,1.12448800985693e-309
91,DFT_CRT,time_and_value_scaling_t0,wide,DEoptim,3788,1.379806543124848e-309
91,DFT_CRT,time_and_value_scaling_t0,wide,DEoptim,3789,1.38572691137405e-309
91,DFT_CRT,time_and_value_scaling_t0,wide,DEoptim,3790,1.37980654311979e-309
91,DFT_CRT,time_and_value_scaling_t0,wide,DEoptim,3791,1.379806543124848e-309
91,DFT_CRT,time_and_value_scaling_t0,wide,DEoptim,3792,1.385663251500323e-309
91,DFT_CRT,time_and_value_scaling_t0,wide,DEoptim,3793,1.37980654311979e-309
91,DFT_CRT,time_and_value_scaling_t0,wide,DEoptim,3794,1.379806543124848e-309
91,DFT_CRT,time_and_value_scaling_t0,wide,DEoptim,3795,1.3882520863653e-309
91,DFT_CRT,time_and_value_scaling_t0,wide,DEoptim,3796,1.37980654311726e-309
91,DFT_CRT,time_and_value_scaling_t0,wide,DEoptim,3797,1.37980654311979e-309
91,DFT_CRT,time_and_value_scaling_t0,wide,DEoptim,3798,1.379806543124848e-309
91,DFT_CRT,time_and_value_scaling_t0,wide,DEoptim,3799,1.38591789099524e-309
91,DFT_CRT,time_and_value_scaling_t0,wide,DEoptim,3800,1.37980654311979e-309
91,DFT_CRT,time_and_value_scaling_t0,wide,DEoptim,3801,1.379806543124848e-309
91,DFT_CRT,time_and_value_scaling_t0,wide,DEoptim,3802,1.386108870616426e-309
91,DFT_CRT,time_and_value_scaling_t0,wide,DEoptim,3803,1.37980654311979e-309
91,DFT_CRT,time_and_value_scaling_t0,wide,DEoptim,3804,1.38823086640739e-309
91,DFT_CRT,time_and_value_scaling_t0,wide,DEoptim,3805,1.37980654311726e-309
91,DFT_CRT,time_and_value_scaling_t0,wide,DEoptim,3806,1.37980654311979e-309
91,DFT_CRT,time_and_value_scaling_t0,wide,DEoptim,3807,1.379806543124848e-309
91,DFT_CRT,time_and_value_scaling_t0,wide,DEoptim,3808,1.385663251500323e-309
91,DFT_CRT,time_and_value_scaling_t0,wide,DEoptim,3809,1.37980654311979e-309
91,DFT_CRT,time_and_value_scaling_t0,wide,DEoptim,3810,1.379806543124848e-309
91,DFT_CRT,time_and_value_scaling_t0,wide,DEoptim,3811,1.379806543124848e-309
91,DFT_CRT,time_and_value_scaling_t0,wide,DEoptim,3812,1.386681809479986e-309
91,DFT_CRT,time_and_value_scaling_t0,wide,DEoptim,3813,1.37980654311979e-309
91,DFT_CRT,time_and_value_scaling_t0,wide,DEoptim,3814,1.387254748343547e-309
91,DFT_CRT,time_and_value_scaling_t0,wide,DEoptim,3815,1.37980654311979e-309
91,DFT_CRT,time_and_value_scaling_t0,wide,DEoptim,3816,2.0527694427391904e-289
91,DFT_CRT,time_and_value_scaling_t0,wide,DEoptim,3817,782251866562413e209
91,DFT_CRT,time_and_value_scaling_t0,wide,DEoptim,3818,2856798076937853e136
91,DFT_CRT,time_and_value_scaling_t0,wide,DEoptim,3819,3.2506046e-317
91,DFT_CRT,time_and_value_scaling_t0,wide,DEoptim,3820,2.78134240537688e-309
91,DFT_CRT,time_and_value_scaling_t0,wide,DEoptim,3821,8.224288e-317
91,DFT_CRT,time_and_value_scaling_t0,wide,DEoptim,3822,2.78134240587901e-309
91,DFT_CRT,time_and_value_scaling_t0,wide,DEoptim,3823,8.344027051644884e-309
91,DFT_CRT,time_and_value_scaling_t0,wide,DEoptim,3824,8.224288e-317
91,DFT_CRT,time_and_value_scaling_t0,wide,DEoptim,3825,1.2516125334258437e-308
91,DFT_CRT,time_and_value_scaling_t0,wide,DEoptim,3826,1.642540693445019e-306
91,DFT_CRT,time_and_value_scaling_t0,wide,DEoptim,3827,6.8354268934402224e-304
91,DFT_CRT,time_and_value_scaling_t0,wide,DEoptim,3828,7.188768622065066e-304
91,DFT_CRT,time_and_value_scaling_t0,wide,DEoptim,3829,6.8354268934402224e-304
91,DFT_CRT,time_and_value_scaling_t0,wide,DEoptim,3830,2.2250738585072014e-308
91,DFT_CRT,time_and_value_scaling_t0,wide,DEoptim,3831,1.2516125334258437e-308
91,DFT_CRT,time_and_value_scaling_t0,wide,DEoptim,3832,6681592893773047e136
91,DFT_CRT,time_and_value_scaling_t0,wide,DEoptim,3833,9.083468695684992e-307
91,DFT_CRT,time_and_value_scaling_t0,wide,DEoptim,3834,6.835426893334123e-304
91,DFT_CRT,time_and_value_scaling_t0,wide,DEoptim,3835,6.835426893334123e-304
91,DFT_CRT,time_and_value_scaling_t0,wide,DEoptim,3836,6.835426893334123e-304
91,DFT_CRT,time_and_value_scaling_t0,wide,DEoptim,3837,6.835426893334123e-304
91,DFT_CRT,time_and_value_scaling_t0,wide,DEoptim,3838,6.835426893334123e-304
91,DFT_CRT,time_and_value_scaling_t0,wide,DEoptim,3839,7.085525195136432e-304
91,DFT_CRT,time_and_value_scaling_t0,wide,DEoptim,3840,1.390671161567001e-308
91,DFT_CRT,time_and_value_scaling_t0,wide,DEoptim,3841,1.39067116189079e-309
91,DFT_CRT,time_and_value_scaling_t0,wide,DEoptim,3842,6.835426893334123e-304
91,DFT_CRT,time_and_value_scaling_t0,wide,DEoptim,3843,6.8354268934402224e-304
91,DFT_CRT,time_and_value_scaling_t0,wide,DEoptim,3844,9.113902556805933e-305
91,DFT_CRT,time_and_value_scaling_t0,wide,DEoptim,3845,6.835426893652422e-304
91,DFT_CRT,time_and_value_scaling_t0,wide,DEoptim,3846,7.086415224573735e-304
91,DFT_CRT,time_and_value_scaling_t0,wide,DEoptim,3847,6.8354268934402224e-304
91,DFT_CRT,time_and_value_scaling_t0,wide,DEoptim,3848,7.071284722335886e-304
91,DFT_CRT,time_and_value_scaling_t0,wide,DEoptim,3849,6.8354268934402224e-304
91,DFT_CRT,time_and_value_scaling_t0,wide,DEoptim,3850,9.683521464583776e-305
91,DFT_CRT,time_and_value_scaling_t0,wide,DEoptim,3851,6.835426893652422e-304
91,DFT_CRT,time_and_value_scaling_t0,wide,DEoptim,3852,1.390671161567e-309
91,DFT_CRT,time_and_value_scaling_t0,wide,DEoptim,3853,1723641332363846e202
91,DFT_CRT,time_and_value_scaling_t0,wide,DEoptim,3854,2047263163252643e175
91,DFT_CRT,time_and_value_scaling_t0,wide,DEoptim,3855,-8371161056012723e283
91,DFT_CRT,time_and_value_scaling_t0,wide,DEoptim,3856,-8572068857490139e288
91,DFT_CRT,time_and_value_scaling_t0,wide,DEoptim,3857,-8371160993642713e283
91,DFT_CRT,time_and_value_scaling_t0,wide,DEoptim,3858,-8371160993642713e283
91,DFT_CRT,time_and_value_scaling_t0,wide,DEoptim,3859,-8371161056012723e283
91,DFT_CRT,time_and_value_scaling_t0,wide,DEoptim,3860,-994647376924206e72
91,DFT_CRT,time_and_value_scaling_t0,wide,DEoptim,3861,-8371161180752742e283
91,DFT_CRT,time_and_value_scaling_t0,wide,DEoptim,3862,-21944496275174755e288
91,DFT_CRT,time_and_value_scaling_t0,wide,DEoptim,3863,-8371161056012723e283
91,DFT_CRT,time_and_value_scaling_t0,wide,DEoptim,3864,-6518521049410477e76
91,DFT_CRT,time_and_value_scaling_t0,wide,DEoptim,3865,-8371161180752742e283
91,DFT_CRT,time_and_value_scaling_t0,wide,DEoptim,3866,-2605908932677002e289
91,DFT_CRT,time_and_value_scaling_t0,wide,DEoptim,3867,-8371161056012723e283
91,DFT_CRT,time_and_value_scaling_t0,wide,DEoptim,3868,-8572068857490139e288
91,DFT_CRT,time_and_value_scaling_t0,wide,DEoptim,3869,-8371161056012723e283
91,DFT_CRT,time_and_value_scaling_t0,wide,DEoptim,3870,1.2882297539194267e-231
91,DFT_CRT,time_and_value_scaling_t0,wide,DEoptim,3871,2.4834631584438887e-265
91,DFT_CRT,time_and_value_scaling_t0,wide,DEoptim,3872,7754445651002319e213
91,DFT_CRT,time_and_value_scaling_t0,wide,DEoptim,3873,-8371160993642713e283
91,DFT_CRT,time_and_value_scaling_t0,wide,DEoptim,3874,-8371161056012723e283
91,DFT_CRT,time_and_value_scaling_t0,wide,DEoptim,3875,-8371161180752742e283
91,DFT_CRT,time_and_value_scaling_t0,wide,DEoptim,3876,-13715310171984222e288
91,DFT_CRT,time_and_value_scaling_t0,wide,DEoptim,3877,-8371161056012723e283
91,DFT_CRT,time_and_value_scaling_t0,wide,DEoptim,3878,-427197795494165e82
91,DFT_CRT,time_and_value_scaling_t0,wide,DEoptim,3879,-8371161180752742e283
91,DFT_CRT,time_and_value_scaling_t0,wide,DEoptim,3880,-21944496275174755e288
91,DFT_CRT,time_and_value_scaling_t0,wide,DEoptim,3881,-8371161056012723e283
91,DFT_CRT,time_and_value_scaling_t0,wide,DEoptim,3882,-279968347255056e87
91,DFT_CRT,time_and_value_scaling_t0,wide,DEoptim,3883,-8371161180752742e283
91,DFT_CRT,time_and_value_scaling_t0,wide,DEoptim,3884,-6857655085992111e289
91,DFT_CRT,time_and_value_scaling_t0,wide,DEoptim,3885,-8371161056012723e283
91,DFT_CRT,time_and_value_scaling_t0,wide,DEoptim,3886,-1834800560570735e91
91,DFT_CRT,time_and_value_scaling_t0,wide,DEoptim,3887,-8371161180752742e283
91,DFT_CRT,time_and_value_scaling_t0,wide,DEoptim,3888,-28802151361166866e288
91,DFT_CRT,time_and_value_scaling_t0,wide,DEoptim,3889,-8371161056012723e283
91,DFT_CRT,time_and_value_scaling_t0,wide,DEoptim,3890,-12024548953756368e95
91,DFT_CRT,time_and_value_scaling_t0,wide,DEoptim,3891,-8371161180752742e283
91,DFT_CRT,time_and_value_scaling_t0,wide,DEoptim,3892,-185156687321787e290
91,DFT_CRT,time_and_value_scaling_t0,wide,DEoptim,3893,-8371161056012723e283
91,DFT_CRT,time_and_value_scaling_t0,wide,DEoptim,3894,-65833488825524264e289
91,DFT_CRT,time_and_value_scaling_t0,wide,DEoptim,3895,-8371161056012723e283
91,DFT_CRT,time_and_value_scaling_t0,wide,DEoptim,3896,-8572068857490139e288
91,DFT_CRT,time_and_value_scaling_t0,wide,DEoptim,3897,-8371160993642713e283
91,DFT_CRT,time_and_value_scaling_t0,wide,DEoptim,3898,-8371160993642713e283
91,DFT_CRT,time_and_value_scaling_t0,wide,DEoptim,3899,-8371160993642713e283
91,DFT_CRT,time_and_value_scaling_t0,wide,DEoptim,3900,-8371161056012723e283
91,DFT_CRT,time_and_value_scaling_t0,wide,DEoptim,3901,-7880408402333773e100
91,DFT_CRT,time_and_value_scaling_t0,wide,DEoptim,3902,-8371161180752742e283
91,DFT_CRT,time_and_value_scaling_t0,wide,DEoptim,3903,-17829903223579488e288
91,DFT_CRT,time_and_value_scaling_t0,wide,DEoptim,3904,-8371161056012723e283
91,DFT_CRT,time_and_value_scaling_t0,wide,DEoptim,3905,-8572068857490139e288
91,DFT_CRT,time_and_value_scaling_t0,wide,DEoptim,3906,-8371161056012723e283
91,DFT_CRT,time_and_value_scaling_t0,wide,DEoptim,3907,-8371161180752742e283
91,DFT_CRT,time_and_value_scaling_t0,wide,DEoptim,3908,-185156687321787e290
91,DFT_CRT,time_and_value_scaling_t0,wide,DEoptim,3909,-8371161056012723e283
91,DFT_CRT,time_and_value_scaling_t0,wide,DEoptim,3910,-65833488825524264e289
91,DFT_CRT,time_and_value_scaling_t0,wide,DEoptim,3911,-8371161056012723e283
91,DFT_CRT,time_and_value_scaling_t0,wide,DEoptim,3912,-8572068857490139e288
91,DFT_CRT,time_and_value_scaling_t0,wide,DEoptim,3913,-8371160993642713e283
91,DFT_CRT,time_and_value_scaling_t0,wide,DEoptim,3914,-8371160993642713e283
91,DFT_CRT,time_and_value_scaling_t0,wide,DEoptim,3915,-8371161056012723e283
91,DFT_CRT,time_and_value_scaling_t0,wide,DEoptim,3916,-5164504450553462e105
91,DFT_CRT,time_and_value_scaling_t0,wide,DEoptim,3917,-8371161180752742e283
91,DFT_CRT,time_and_value_scaling_t0,wide,DEoptim,3918,-17829903223579488e288
91,DFT_CRT,time_and_value_scaling_t0,wide,DEoptim,3919,-8371161056012723e283
91,DFT_CRT,time_and_value_scaling_t0,wide,DEoptim,3920,-8572068857490139e288
91,DFT_CRT,time_and_value_scaling_t0,wide,DEoptim,3921,-8371161056012723e283
91,DFT_CRT,time_and_value_scaling_t0,wide,DEoptim,3922,1.2882297539194267e-231
91,DFT_CRT,time_and_value_scaling_t0,wide,DEoptim,3923,2.4834631584438887e-265
91,DFT_CRT,time_and_value_scaling_t0,wide,DEoptim,3924,3999109076947991e237
91,DFT_CRT,time_and_value_scaling_t0,wide,DEoptim,3925,1.25735e-319
91,DFT_CRT,time_and_value_scaling_t0,wide,DEoptim,3926,3.2126e-319
91,DFT_CRT,time_and_value_scaling_t0,wide,DEoptim,3927,3.2126e-319
91,DFT_CRT,time_and_value_scaling_t0,wide,DEoptim,3928,3.2126e-319
91,DFT_CRT,time_and_value_scaling_t0,wide,DEoptim,3929,1.0864618771003e-311
91,DFT_CRT,time_and_value_scaling_t0,wide,DEoptim,3930,1.32548345118981e-309
91,DFT_CRT,time_and_value_scaling_t0,wide,DEoptim,3931,3.2593855624955e-311
91,DFT_CRT,time_and_value_scaling_t0,wide,DEoptim,3932,3.2126e-319
91,DFT_CRT,time_and_value_scaling_t0,wide,DEoptim,3933,1.0864618772397e-311
91,DFT_CRT,time_and_value_scaling_t0,wide,DEoptim,3934,3.2126e-319
91,DFT_CRT,time_and_value_scaling_t0,wide,DEoptim,3935,4.8891114586947e-311
91,DFT_CRT,time_and_value_scaling_t0,wide,DEoptim,3936,906756707643012e257
91,DFT_CRT,time_and_value_scaling_t0,wide,DEoptim,3937,4.243991639e-314
91,DFT_CRT,time_and_value_scaling_t0,wide,DEoptim,3938,5.17766973121e-312
91,DFT_CRT,time_and_value_scaling_t0,wide,DEoptim,3939,1.2731974854e-313
91,DFT_CRT,time_and_value_scaling_t0,wide,DEoptim,3940,1.255e-321
91,DFT_CRT,time_and_value_scaling_t0,wide,DEoptim,3941,1.90980916355e-313
91,DFT_CRT,time_and_value_scaling_t0,wide,DEoptim,3942,6021750216742013e136
91,DFT_CRT,time_and_value_scaling_t0,wide,DEoptim,3943,1.8219170051279827e-306
91,DFT_CRT,time_and_value_scaling_t0,wide,DEoptim,3944,6.835426893334123e-304
91,DFT_CRT,time_and_value_scaling_t0,wide,DEoptim,3945,6.835426893334123e-304
91,DFT_CRT,time_and_value_scaling_t0,wide,DEoptim,3946,6.8354268934402224e-304
91,DFT_CRT,time_and_value_scaling_t0,wide,DEoptim,3947,1.5949329450140055e-304
91,DFT_CRT,time_and_value_scaling_t0,wide,DEoptim,3948,6.835426893652422e-304
91,DFT_CRT,time_and_value_scaling_t0,wide,DEoptim,3949,7.086415224573735e-304
91,DFT_CRT,time_and_value_scaling_t0,wide,DEoptim,3950,6.8354268934402224e-304
91,DFT_CRT,time_and_value_scaling_t0,wide,DEoptim,3951,6.835426893652422e-304
91,DFT_CRT,time_and_value_scaling_t0,wide,DEoptim,3952,7.087305254117138e-304
91,DFT_CRT,time_and_value_scaling_t0,wide,DEoptim,3953,6.8354268934402224e-304
91,DFT_CRT,time_and_value_scaling_t0,wide,DEoptim,3954,7.193218769782081e-304
91,DFT_CRT,time_and_value_scaling_t0,wide,DEoptim,3955,6.8354268934402224e-304
91,DFT_CRT,time_and_value_scaling_t0,wide,DEoptim,3956,1.390671161567e-309
91,DFT_CRT,time_and_value_scaling_t0,wide,DEoptim,3957,7419912044840984e158
91,DFT_CRT,time_and_value_scaling_t0,wide,DEoptim,3958,1.818445748963462e-306
91,DFT_CRT,time_and_value_scaling_t0,wide,DEoptim,3959,6.835426893334123e-304
91,DFT_CRT,time_and_value_scaling_t0,wide,DEoptim,3960,6.8354268934402224e-304
91,DFT_CRT,time_and_value_scaling_t0,wide,DEoptim,3961,1.6518948357917899e-304
91,DFT_CRT,time_and_value_scaling_t0,wide,DEoptim,3962,6.835426893652422e-304
91,DFT_CRT,time_and_value_scaling_t0,wide,DEoptim,3963,1.390671161567e-309
91,DFT_CRT,time_and_value_scaling_t0,wide,DEoptim,3964,26672057735012606e225
91,DFT_CRT,time_and_value_scaling_t0,wide,DEoptim,3965,3106107577698787e160
91,DFT_CRT,time_and_value_scaling_t0,wide,DEoptim,3966,1.818445748963462e-306
91,DFT_CRT,time_and_value_scaling_t0,wide,DEoptim,3967,6.8354268934402224e-304
91,DFT_CRT,time_and_value_scaling_t0,wide,DEoptim,3968,1.7088567265695742e-304
91,DFT_CRT,time_and_value_scaling_t0,wide,DEoptim,3969,6.835426893652422e-304
91,DFT_CRT,time_and_value_scaling_t0,wide,DEoptim,3970,7.087305254117138e-304
91,DFT_CRT,time_and_value_scaling_t0,wide,DEoptim,3971,6.8354268934402224e-304
91,DFT_CRT,time_and_value_scaling_t0,wide,DEoptim,3972,7.065944545075469e-304
91,DFT_CRT,time_and_value_scaling_t0,wide,DEoptim,3973,6.8354268934402224e-304
91,DFT_CRT,time_and_value_scaling_t0,wide,DEoptim,3974,7.194998828868886e-304
91,DFT_CRT,time_and_value_scaling_t0,wide,DEoptim,3975,6.835426893334123e-304
91,DFT_CRT,time_and_value_scaling_t0,wide,DEoptim,3976,6.835426893334123e-304
91,DFT_CRT,time_and_value_scaling_t0,wide,DEoptim,3977,6.835426893334123e-304
91,DFT_CRT,time_and_value_scaling_t0,wide,DEoptim,3978,6.8354268934402224e-304
91,DFT_CRT,time_and_value_scaling_t0,wide,DEoptim,3979,1.7658186173473586e-304
91,DFT_CRT,time_and_value_scaling_t0,wide,DEoptim,3980,6.835426893652422e-304
91,DFT_CRT,time_and_value_scaling_t0,wide,DEoptim,3981,7.091755401834152e-304
91,DFT_CRT,time_and_value_scaling_t0,wide,DEoptim,3982,6.8354268934402224e-304
91,DFT_CRT,time_and_value_scaling_t0,wide,DEoptim,3983,1.8227805113611865e-304
91,DFT_CRT,time_and_value_scaling_t0,wide,DEoptim,3984,6.835426893652422e-304
91,DFT_CRT,time_and_value_scaling_t0,wide,DEoptim,3985,7.114006140419224e-304
91,DFT_CRT,time_and_value_scaling_t0,wide,DEoptim,3986,6.8354268934402224e-304
91,DFT_CRT,time_and_value_scaling_t0,wide,DEoptim,3987,1.9367042929167552e-304
91,DFT_CRT,time_and_value_scaling_t0,wide,DEoptim,3988,6.835426893652422e-304
91,DFT_CRT,time_and_value_scaling_t0,wide,DEoptim,3989,7.096205549551167e-304
91,DFT_CRT,time_and_value_scaling_t0,wide,DEoptim,3990,6.8354268934402224e-304
91,DFT_CRT,time_and_value_scaling_t0,wide,DEoptim,3991,2.050628074472324e-304
91,DFT_CRT,time_and_value_scaling_t0,wide,DEoptim,3992,6.835426893652422e-304
91,DFT_CRT,time_and_value_scaling_t0,wide,DEoptim,3993,7.087305254117138e-304
91,DFT_CRT,time_and_value_scaling_t0,wide,DEoptim,3994,6.8354268934402224e-304
91,DFT_CRT,time_and_value_scaling_t0,wide,DEoptim,3995,7.065944545075469e-304
91,DFT_CRT,time_and_value_scaling_t0,wide,DEoptim,3996,6.8354268934402224e-304
91,DFT_CRT,time_and_value_scaling_t0,wide,DEoptim,3997,1.390671161567e-309
91,DFT_CRT,time_and_value_scaling_t0,wide,DEoptim,3998,46575542773087876e215
91,DFT_CRT,time_and_value_scaling_t0,wide,DEoptim,3999,1.816714162911313e-306
91,DFT_CRT,time_and_value_scaling_t0,wide,DEoptim,4000,6.835426893334123e-304
91,DFT_CRT,time_and_value_scaling_t0,wide,DEoptim,4001,6.835426893334123e-304
91,DFT_CRT,time_and_value_scaling_t0,wide,DEoptim,4002,6.835426893334123e-304
91,DFT_CRT,time_and_value_scaling_t0,wide,DEoptim,4003,6.8354268934402224e-304
91,DFT_CRT,time_and_value_scaling_t0,wide,DEoptim,4004,6.835426893652422e-304
91,DFT_CRT,time_and_value_scaling_t0,wide,DEoptim,4005,7.081075047313318e-304
91,DFT_CRT,time_and_value_scaling_t0,wide,DEoptim,4006,6.8354268934402224e-304
91,DFT_CRT,time_and_value_scaling_t0,wide,DEoptim,4007,2.1645518560278927e-304
91,DFT_CRT,time_and_value_scaling_t0,wide,DEoptim,4008,6.835426893652422e-304
91,DFT_CRT,time_and_value_scaling_t0,wide,DEoptim,4009,6.835426893652422e-304
91,DFT_CRT,time_and_value_scaling_t0,wide,DEoptim,4010,7.087305254117138e-304
91,DFT_CRT,time_and_value_scaling_t0,wide,DEoptim,4011,6.8354268934402224e-304
91,DFT_CRT,time_and_value_scaling_t0,wide,DEoptim,4012,7.065944545075469e-304
91,DFT_CRT,time_and_value_scaling_t0,wide,DEoptim,4013,6.8354268934402224e-304
91,DFT_CRT,time_and_value_scaling_t0,wide,DEoptim,4014,7.196778887955692e-304
91,DFT_CRT,time_and_value_scaling_t0,wide,DEoptim,4015,6.835426893334123e-304
91,DFT_CRT,time_and_value_scaling_t0,wide,DEoptim,4016,7.065054515638166e-304
91,DFT_CRT,time_and_value_scaling_t0,wide,DEoptim,4017,7.1264665540268646e-304
91,DFT_CRT,time_and_value_scaling_t0,wide,DEoptim,4018,6.835426893334123e-304
91,DFT_CRT,time_and_value_scaling_t0,wide,DEoptim,4019,6.835426893334123e-304
91,DFT_CRT,time_and_value_scaling_t0,wide,DEoptim,4020,6.835426893334123e-304
91,DFT_CRT,time_and_value_scaling_t0,wide,DEoptim,4021,6.8354268934402224e-304
91,DFT_CRT,time_and_value_scaling_t0,wide,DEoptim,4022,2.2784756375834614e-304
91,DFT_CRT,time_and_value_scaling_t0,wide,DEoptim,4023,6.835426893652422e-304
91,DFT_CRT,time_and_value_scaling_t0,wide,DEoptim,4024,7.086415224573735e-304
91,DFT_CRT,time_and_value_scaling_t0,wide,DEoptim,4025,6.8354268934402224e-304
91,DFT_CRT,time_and_value_scaling_t0,wide,DEoptim,4026,1.390671161567e-309
91,DFT_CRT,time_and_value_scaling_t0,wide,DEoptim,4027,20756793338495553e153
91,DFT_CRT,time_and_value_scaling_t0,wide,DEoptim,4028,8905694888405101e237
91,DFT_CRT,time_and_value_scaling_t0,wide,DEoptim,4029,1713303770270712e146
91,DFT_CRT,time_and_value_scaling_t0,wide,DEoptim,4030,2.427482234657e-312
91,DFT_CRT,time_and_value_scaling_t0,wide,DEoptim,4031,5.38986930906e-312
91,DFT_CRT,time_and_value_scaling_t0,wide,DEoptim,4032,4.859370362516e-312
91,DFT_CRT,time_and_value_scaling_t0,wide,DEoptim,4033,5.38986930908e-312
91,DFT_CRT,time_and_value_scaling_t0,wide,DEoptim,4034,5.41622847552e-312
91,DFT_CRT,time_and_value_scaling_t0,wide,DEoptim,4035,5.38986930906e-312
91,DFT_CRT,time_and_value_scaling_t0,wide,DEoptim,4036,5.38986930905e-312
91,DFT_CRT,time_and_value_scaling_t0,wide,DEoptim,4037,5.38986930906e-312
91,DFT_CRT,time_and_value_scaling_t0,wide,DEoptim,4038,5.38986930908e-312
91,DFT_CRT,time_and_value_scaling_t0,wide,DEoptim,4039,5.412747076173e-312
91,DFT_CRT,time_and_value_scaling_t0,wide,DEoptim,4040,5.38986930906e-312
91,DFT_CRT,time_and_value_scaling_t0,wide,DEoptim,4041,5.38986930908e-312
91,DFT_CRT,time_and_value_scaling_t0,wide,DEoptim,4042,5.4137417617e-312
91,DFT_CRT,time_and_value_scaling_t0,wide,DEoptim,4043,5.38986930906e-312
91,DFT_CRT,time_and_value_scaling_t0,wide,DEoptim,4044,5.38986930908e-312
91,DFT_CRT,time_and_value_scaling_t0,wide,DEoptim,4045,5.415814023215e-312
91,DFT_CRT,time_and_value_scaling_t0,wide,DEoptim,4046,5.38986930906e-312
91,DFT_CRT,time_and_value_scaling_t0,wide,DEoptim,4047,5.38986930908e-312
91,DFT_CRT,time_and_value_scaling_t0,wide,DEoptim,4048,5.414156214003e-312
91,DFT_CRT,time_and_value_scaling_t0,wide,DEoptim,4049,5.38986930906e-312
91,DFT_CRT,time_and_value_scaling_t0,wide,DEoptim,4050,5.38986930908e-312
91,DFT_CRT,time_and_value_scaling_t0,wide,DEoptim,4051,5.413327309397e-312
91,DFT_CRT,time_and_value_scaling_t0,wide,DEoptim,4052,5.38986930906e-312
91,DFT_CRT,time_and_value_scaling_t0,wide,DEoptim,4053,5.411337938343e-312
91,DFT_CRT,time_and_value_scaling_t0,wide,DEoptim,4054,5.38986930906e-312
91,DFT_CRT,time_and_value_scaling_t0,wide,DEoptim,4055,5.562705866225913e-309
91,DFT_CRT,time_and_value_scaling_t0,wide,DEoptim,4056,10990472105615263e232
91,DFT_CRT,time_and_value_scaling_t0,wide,DEoptim,4057,6.32385118382577e-310
91,DFT_CRT,time_and_value_scaling_t0,wide,DEoptim,4058,1.37980654311726e-309
91,DFT_CRT,time_and_value_scaling_t0,wide,DEoptim,4059,1.37980654311726e-309
91,DFT_CRT,time_and_value_scaling_t0,wide,DEoptim,4060,1.37980654311726e-309
91,DFT_CRT,time_and_value_scaling_t0,wide,DEoptim,4061,1.37980654311979e-309
91,DFT_CRT,time_and_value_scaling_t0,wide,DEoptim,4062,1.379806543124848e-309
91,DFT_CRT,time_and_value_scaling_t0,wide,DEoptim,4063,1.385663251500323e-309
91,DFT_CRT,time_and_value_scaling_t0,wide,DEoptim,4064,1.37980654311979e-309
91,DFT_CRT,time_and_value_scaling_t0,wide,DEoptim,4065,1.379806543124848e-309
91,DFT_CRT,time_and_value_scaling_t0,wide,DEoptim,4066,1.38579057124778e-309
91,DFT_CRT,time_and_value_scaling_t0,wide,DEoptim,4067,1.37980654311979e-309
91,DFT_CRT,time_and_value_scaling_t0,wide,DEoptim,4068,2.0527694427391904e-289
91,DFT_CRT,time_and_value_scaling_t0,wide,DEoptim,4069,6094135730660411e213
91,DFT_CRT,time_and_value_scaling_t0,wide,DEoptim,4070,6681592900133525e136
91,DFT_CRT,time_and_value_scaling_t0,wide,DEoptim,4071,926724949396095e228
91,DFT_CRT,time_and_value_scaling_t0,wide,DEoptim,4072,1.0864618595704e-311
91,DFT_CRT,time_and_value_scaling_t0,wide,DEoptim,4073,3.259385567049e-311
91,DFT_CRT,time_and_value_scaling_t0,wide,DEoptim,4074,3.259385567049e-311
91,DFT_CRT,time_and_value_scaling_t0,wide,DEoptim,4075,3.2126e-319
91,DFT_CRT,time_and_value_scaling_t0,wide,DEoptim,4076,1.08646187724e-311
91,DFT_CRT,time_and_value_scaling_t0,wide,DEoptim,4077,3.2126e-319
91,DFT_CRT,time_and_value_scaling_t0,wide,DEoptim,4078,1.0864618772283e-311
91,DFT_CRT,time_and_value_scaling_t0,wide,DEoptim,4079,3.2126e-319
91,DFT_CRT,time_and_value_scaling_t0,wide,DEoptim,4080,3.23277e-319
91,DFT_CRT,time_and_value_scaling_t0,wide,DEoptim,4081,1.0864618771003e-311
91,DFT_CRT,time_and_value_scaling_t0,wide,DEoptim,4082,3.2126e-319
91,DFT_CRT,time_and_value_scaling_t0,wide,DEoptim,4083,1.086461877281e-311
91,DFT_CRT,time_and_value_scaling_t0,wide,DEoptim,4084,3.2126e-319
91,DFT_CRT,time_and_value_scaling_t0,wide,DEoptim,4085,1.0864618772703e-311
91,DFT_CRT,time_and_value_scaling_t0,wide,DEoptim,4086,3.2126e-319
91,DFT_CRT,time_and_value_scaling_t0,wide,DEoptim,4087,1.0864618772313e-311
91,DFT_CRT,time_and_value_scaling_t0,wide,DEoptim,4088,3.22615e-319
91,DFT_CRT,time_and_value_scaling_t0,wide,DEoptim,4089,3.22615e-319
91,DFT_CRT,time_and_value_scaling_t0,wide,DEoptim,4090,3.2126e-319
91,DFT_CRT,time_and_value_scaling_t0,wide,DEoptim,4091,3.2126e-319
91,DFT_CRT,time_and_value_scaling_t0,wide,DEoptim,4092,1.0864618771003e-311
91,DFT_CRT,time_and_value_scaling_t0,wide,DEoptim,4093,3.259385567049e-311
91,DFT_CRT,time_and_value_scaling_t0,wide,DEoptim,4094,3.2126e-319
91,DFT_CRT,time_and_value_scaling_t0,wide,DEoptim,4095,1.0864618772367e-311
91,DFT_CRT,time_and_value_scaling_t0,wide,DEoptim,4096,3.259385567049e-311
91,DFT_CRT,time_and_value_scaling_t0,wide,DEoptim,4097,3.2126e-319
91,DFT_CRT,time_and_value_scaling_t0,wide,DEoptim,4098,1.0864618772397e-311
91,DFT_CRT,time_and_value_scaling_t0,wide,DEoptim,4099,3.2126e-319
91,DFT_CRT,time_and_value_scaling_t0,wide,DEoptim,4100,1.0864618773024e-311
91,DFT_CRT,time_and_value_scaling_t0,wide,DEoptim,4101,3.2126e-319
91,DFT_CRT,time_and_value_scaling_t0,wide,DEoptim,4102,3.2126e-319
91,DFT_CRT,time_and_value_scaling_t0,wide,DEoptim,4103,3.2126e-319
91,DFT_CRT,time_and_value_scaling_t0,wide,DEoptim,4104,3.2126e-319
91,DFT_CRT,time_and_value_scaling_t0,wide,DEoptim,4105,1.0864618771003e-311
91,DFT_CRT,time_and_value_scaling_t0,wide,DEoptim,4106,3.259385567049e-311
91,DFT_CRT,time_and_value_scaling_t0,wide,DEoptim,4107,3.2126e-319
91,DFT_CRT,time_and_value_scaling_t0,wide,DEoptim,4108,1.086461877232e-311
91,DFT_CRT,time_and_value_scaling_t0,wide,DEoptim,4109,3.259385567049e-311
91,DFT_CRT,time_and_value_scaling_t0,wide,DEoptim,4110,3.2126e-319
91,DFT_CRT,time_and_value_scaling_t0,wide,DEoptim,4111,1.08646187724e-311
91,DFT_CRT,time_and_value_scaling_t0,wide,DEoptim,4112,3.259385567049e-311
91,DFT_CRT,time_and_value_scaling_t0,wide,DEoptim,4113,3.2126e-319
91,DFT_CRT,time_and_value_scaling_t0,wide,DEoptim,4114,1.08646187724e-311
91,DFT_CRT,time_and_value_scaling_t0,wide,DEoptim,4115,3.2126e-319
91,DFT_CRT,time_and_value_scaling_t0,wide,DEoptim,4116,1.0864618772283e-311
91,DFT_CRT,time_and_value_scaling_t0,wide,DEoptim,4117,3.2126e-319
91,DFT_CRT,time_and_value_scaling_t0,wide,DEoptim,4118,3.23183e-319
91,DFT_CRT,time_and_value_scaling_t0,wide,DEoptim,4119,1.0864618771003e-311
91,DFT_CRT,time_and_value_scaling_t0,wide,DEoptim,4120,3.2126e-319
91,DFT_CRT,time_and_value_scaling_t0,wide,DEoptim,4121,4.8891114586947e-311
91,DFT_CRT,time_and_value_scaling_t0,wide,DEoptim,4122,6.2691069745015e-310
91,DFT_CRT,time_and_value_scaling_t0,wide,DEoptim,4123,1.37980654311726e-309
91,DFT_CRT,time_and_value_scaling_t0,wide,DEoptim,4124,1.37980654311979e-309
91,DFT_CRT,time_and_value_scaling_t0,wide,DEoptim,4125,1.388485505902307e-309
91,DFT_CRT,time_and_value_scaling_t0,wide,DEoptim,4126,1.37980654311726e-309
91,DFT_CRT,time_and_value_scaling_t0,wide,DEoptim,4127,1.37980654311726e-309
91,DFT_CRT,time_and_value_scaling_t0,wide,DEoptim,4128,1.37980654311979e-309
91,DFT_CRT,time_and_value_scaling_t0,wide,DEoptim,4129,1.37980654311726e-309
91,DFT_CRT,time_and_value_scaling_t0,wide,DEoptim,4130,1.37980654311726e-309
91,DFT_CRT,time_and_value_scaling_t0,wide,DEoptim,4131,1.37980654311726e-309
91,DFT_CRT,time_and_value_scaling_t0,wide,DEoptim,4132,1.37980654311979e-309
91,DFT_CRT,time_and_value_scaling_t0,wide,DEoptim,4133,1.249431122028966e-309
91,DFT_CRT,time_and_value_scaling_t0,wide,DEoptim,4134,1.379806543124848e-309
91,DFT_CRT,time_and_value_scaling_t0,wide,DEoptim,4135,1.38579057124778e-309
91,DFT_CRT,time_and_value_scaling_t0,wide,DEoptim,4136,1.37980654311979e-309
91,DFT_CRT,time_and_value_scaling_t0,wide,DEoptim,4137,2.0527694427391904e-289
91,DFT_CRT,time_and_value_scaling_t0,wide,DEoptim,4138,49535641970051414e159
91,DFT_CRT,time_and_value_scaling_t0,wide,DEoptim,4139,2.1727150842186928e-306
91,DFT_CRT,time_and_value_scaling_t0,wide,DEoptim,4140,6.8354268934402224e-304
91,DFT_CRT,time_and_value_scaling_t0,wide,DEoptim,4141,2.6202469822501675e-304
91,DFT_CRT,time_and_value_scaling_t0,wide,DEoptim,4142,6.835426893652422e-304
91,DFT_CRT,time_and_value_scaling_t0,wide,DEoptim,4143,1.390671161567e-309
91,DFT_CRT,time_and_value_scaling_t0,wide,DEoptim,4144,1420269514659959e183
91,DFT_CRT,time_and_value_scaling_t0,wide,DEoptim,4145,10734938727042753e256
91,DFT_CRT,time_and_value_scaling_t0,wide,DEoptim,4146,926734707430976e228
91,DFT_CRT,time_and_value_scaling_t0,wide,DEoptim,4147,1.0864618595704e-311
91,DFT_CRT,time_and_value_scaling_t0,wide,DEoptim,4148,1.32548345118981e-309
91,DFT_CRT,time_and_value_scaling_t0,wide,DEoptim,4149,3.259385564266e-311
91,DFT_CRT,time_and_value_scaling_t0,wide,DEoptim,4150,3.2126e-319
91,DFT_CRT,time_and_value_scaling_t0,wide,DEoptim,4151,1.08646187724e-311
91,DFT_CRT,time_and_value_scaling_t0,wide,DEoptim,4152,1.32548345118981e-309
91,DFT_CRT,time_and_value_scaling_t0,wide,DEoptim,4153,3.2593855643927e-311
91,DFT_CRT,time_and_value_scaling_t0,wide,DEoptim,4154,3.2126e-319
91,DFT_CRT,time_and_value_scaling_t0,wide,DEoptim,4155,1.08646187724e-311
91,DFT_CRT,time_and_value_scaling_t0,wide,DEoptim,4156,3.2126e-319
91,DFT_CRT,time_and_value_scaling_t0,wide,DEoptim,4157,1.0864618772283e-311
91,DFT_CRT,time_and_value_scaling_t0,wide,DEoptim,4158,3.2126e-319
91,DFT_CRT,time_and_value_scaling_t0,wide,DEoptim,4159,3.23183e-319
91,DFT_CRT,time_and_value_scaling_t0,wide,DEoptim,4160,1.0864618771003e-311
91,DFT_CRT,time_and_value_scaling_t0,wide,DEoptim,4161,3.2126e-319
91,DFT_CRT,time_and_value_scaling_t0,wide,DEoptim,4162,3.23287e-319
91,DFT_CRT,time_and_value_scaling_t0,wide,DEoptim,4163,3.2126e-319
91,DFT_CRT,time_and_value_scaling_t0,wide,DEoptim,4164,3.2126e-319
91,DFT_CRT,time_and_value_scaling_t0,wide,DEoptim,4165,1.0864618771003e-311
91,DFT_CRT,time_and_value_scaling_t0,wide,DEoptim,4166,1.32548345118981e-309
91,DFT_CRT,time_and_value_scaling_t0,wide,DEoptim,4167,3.259385564519e-311
91,DFT_CRT,time_and_value_scaling_t0,wide,DEoptim,4168,3.2126e-319
91,DFT_CRT,time_and_value_scaling_t0,wide,DEoptim,4169,1.0864618772426e-311
91,DFT_CRT,time_and_value_scaling_t0,wide,DEoptim,4170,1.32548345118981e-309
91,DFT_CRT,time_and_value_scaling_t0,wide,DEoptim,4171,3.2593855646456e-311
91,DFT_CRT,time_and_value_scaling_t0,wide,DEoptim,4172,3.2126e-319
91,DFT_CRT,time_and_value_scaling_t0,wide,DEoptim,4173,1.0864618772456e-311
91,DFT_CRT,time_and_value_scaling_t0,wide,DEoptim,4174,1.32548345118981e-309
91,DFT_CRT,time_and_value_scaling_t0,wide,DEoptim,4175,3.259385564772e-311
91,DFT_CRT,time_and_value_scaling_t0,wide,DEoptim,4176,3.2126e-319
91,DFT_CRT,time_and_value_scaling_t0,wide,DEoptim,4177,1.086461877255e-311
91,DFT_CRT,time_and_value_scaling_t0,wide,DEoptim,4178,1.32548345118981e-309
91,DFT_CRT,time_and_value_scaling_t0,wide,DEoptim,4179,3.2593855648986e-311
91,DFT_CRT,time_and_value_scaling_t0,wide,DEoptim,4180,3.2126e-319
91,DFT_CRT,time_and_value_scaling_t0,wide,DEoptim,4181,4.8891114586947e-311
91,DFT_CRT,time_and_value_scaling_t0,wide,DEoptim,4182,9286019817449392e227
91,DFT_CRT,time_and_value_scaling_t0,wide,DEoptim,4183,-8371161056012723e283
91,DFT_CRT,time_and_value_scaling_t0,wide,DEoptim,4184,-4740011195437747e291
91,DFT_CRT,time_and_value_scaling_t0,wide,DEoptim,4185,-8371160993642713e283
91,DFT_CRT,time_and_value_scaling_t0,wide,DEoptim,4186,-8371160993642713e283
91,DFT_CRT,time_and_value_scaling_t0,wide,DEoptim,4187,-8371161056012723e283
91,DFT_CRT,time_and_value_scaling_t0,wide,DEoptim,4188,-7229482305675616e206
91,DFT_CRT,time_and_value_scaling_t0,wide,DEoptim,4189,-8371161180752742e283
91,DFT_CRT,time_and_value_scaling_t0,wide,DEoptim,4190,7.291122019556398e-304
91,DFT_CRT,time_and_value_scaling_t0,wide,DEoptim,4191,3.785767122662269e-270
91,DFT_CRT,time_and_value_scaling_t0,wide,DEoptim,4192,8423400395940995e261
91,DFT_CRT,time_and_value_scaling_t0,wide,DEoptim,4193,-8371161056012723e283
91,DFT_CRT,time_and_value_scaling_t0,wide,DEoptim,4194,-8572068857490139e288
91,DFT_CRT,time_and_value_scaling_t0,wide,DEoptim,4195,-8371160993642713e283
91,DFT_CRT,time_and_value_scaling_t0,wide,DEoptim,4196,-8371160993642713e283
91,DFT_CRT,time_and_value_scaling_t0,wide,DEoptim,4197,-8371161056012723e283
91,DFT_CRT,time_and_value_scaling_t0,wide,DEoptim,4198,-8371161180752742e283
91,DFT_CRT,time_and_value_scaling_t0,wide,DEoptim,4199,-13715310171984222e288
91,DFT_CRT,time_and_value_scaling_t0,wide,DEoptim,4200,-8371161056012723e283
91,DFT_CRT,time_and_value_scaling_t0,wide,DEoptim,4201,-4737913523847572e211
91,DFT_CRT,time_and_value_scaling_t0,wide,DEoptim,4202,-8371161180752742e283
91,DFT_CRT,time_and_value_scaling_t0,wide,DEoptim,4203,-17829903223579488e288
91,DFT_CRT,time_and_value_scaling_t0,wide,DEoptim,4204,-8371161056012723e283
91,DFT_CRT,time_and_value_scaling_t0,wide,DEoptim,4205,-4740011195437747e291
91,DFT_CRT,time_and_value_scaling_t0,wide,DEoptim,4206,-8371161056012723e283
91,DFT_CRT,time_and_value_scaling_t0,wide,DEoptim,4207,1.2882297539194267e-231
91,DFT_CRT,time_and_value_scaling_t0,wide,DEoptim,4208,2.4834631584438887e-265
91,DFT_CRT,time_and_value_scaling_t0,wide,DEoptim,4209,44439070807439925e236
91,DFT_CRT,time_and_value_scaling_t0,wide,DEoptim,4210,3.765828634e-315
91,DFT_CRT,time_and_value_scaling_t0,wide,DEoptim,4211,4.778314248086561e-299
91,DFT_CRT,time_and_value_scaling_t0,wide,DEoptim,4212,-5727786203457123e235
91,DFT_CRT,time_and_value_scaling_t0,wide,DEoptim,4213,8.814433544113147e-280
91,DFT_CRT,time_and_value_scaling_t0,wide,DEoptim,4214,2.105417699e-314
91,DFT_CRT,time_and_value_scaling_t0,wide,DEoptim,4215,4.778314267695025e-299
91,DFT_CRT,time_and_value_scaling_t0,wide,DEoptim,4216,8.814434003821268e-280
91,DFT_CRT,time_and_value_scaling_t0,wide,DEoptim,4217,2.105417699e-314
91,DFT_CRT,time_and_value_scaling_t0,wide,DEoptim,4218,4.778314267764558e-299
91,DFT_CRT,time_and_value_scaling_t0,wide,DEoptim,4219,-5727786203457123e235
91,DFT_CRT,time_and_value_scaling_t0,wide,DEoptim,4220,8.814433576949441e-280
91,DFT_CRT,time_and_value_scaling_t0,wide,DEoptim,4221,2.105417699e-314
91,DFT_CRT,time_and_value_scaling_t0,wide,DEoptim,4222,4.778314267764558e-299
91,DFT_CRT,time_and_value_scaling_t0,wide,DEoptim,4223,2.105417699e-314
91,DFT_CRT,time_and_value_scaling_t0,wide,DEoptim,4224,4.778314266095753e-299
91,DFT_CRT,time_and_value_scaling_t0,wide,DEoptim,4225,2.105417699e-314
91,DFT_CRT,time_and_value_scaling_t0,wide,DEoptim,4226,2.1180131634e-314
91,DFT_CRT,time_and_value_scaling_t0,wide,DEoptim,4227,4.778314248086561e-299
91,DFT_CRT,time_and_value_scaling_t0,wide,DEoptim,4228,2.105417699e-314
91,DFT_CRT,time_and_value_scaling_t0,wide,DEoptim,4229,2.118693124e-314
91,DFT_CRT,time_and_value_scaling_t0,wide,DEoptim,4230,4.778314248086561e-299
91,DFT_CRT,time_and_value_scaling_t0,wide,DEoptim,4231,-5727786203457123e235
91,DFT_CRT,time_and_value_scaling_t0,wide,DEoptim,4232,8.814433609785735e-280
91,DFT_CRT,time_and_value_scaling_t0,wide,DEoptim,4233,2.105417699e-314
91,DFT_CRT,time_and_value_scaling_t0,wide,DEoptim,4234,4.778314266582488e-299
91,DFT_CRT,time_and_value_scaling_t0,wide,DEoptim,4235,-5727786203457123e235
91,DFT_CRT,time_and_value_scaling_t0,wide,DEoptim,4236,8.81443364262203e-280
91,DFT_CRT,time_and_value_scaling_t0,wide,DEoptim,4237,2.105417699e-314
91,DFT_CRT,time_and_value_scaling_t0,wide,DEoptim,4238,4.778314267764558e-299
91,DFT_CRT,time_and_value_scaling_t0,wide,DEoptim,4239,8.814434003821268e-280
91,DFT_CRT,time_and_value_scaling_t0,wide,DEoptim,4240,2.105417699e-314
91,DFT_CRT,time_and_value_scaling_t0,wide,DEoptim,4241,4.778314267764558e-299
91,DFT_CRT,time_and_value_scaling_t0,wide,DEoptim,4242,2.105417699e-314
91,DFT_CRT,time_and_value_scaling_t0,wide,DEoptim,4243,4.778314266095753e-299
91,DFT_CRT,time_and_value_scaling_t0,wide,DEoptim,4244,2.105417699e-314
91,DFT_CRT,time_and_value_scaling_t0,wide,DEoptim,4245,2.1180131634e-314
91,DFT_CRT,time_and_value_scaling_t0,wide,DEoptim,4246,4.778314248086561e-299
91,DFT_CRT,time_and_value_scaling_t0,wide,DEoptim,4247,2.105417699e-314
91,DFT_CRT,time_and_value_scaling_t0,wide,DEoptim,4248,2.118693124e-314
91,DFT_CRT,time_and_value_scaling_t0,wide,DEoptim,4249,4.778314248086561e-299
91,DFT_CRT,time_and_value_scaling_t0,wide,DEoptim,4250,-5727786203457123e235
91,DFT_CRT,time_and_value_scaling_t0,wide,DEoptim,4251,8.814433675458324e-280
91,DFT_CRT,time_and_value_scaling_t0,wide,DEoptim,4252,2.105417699e-314
91,DFT_CRT,time_and_value_scaling_t0,wide,DEoptim,4253,2.4834631584438887e-265
91,DFT_CRT,time_and_value_scaling_t0,wide,DEoptim,4254,734068019514286e209
91,DFT_CRT,time_and_value_scaling_t0,wide,DEoptim,4255,4.2439916313e-314
91,DFT_CRT,time_and_value_scaling_t0,wide,DEoptim,4256,1.255e-321
91,DFT_CRT,time_and_value_scaling_t0,wide,DEoptim,4257,5.56270586622599e-309
91,DFT_CRT,time_and_value_scaling_t0,wide,DEoptim,4258,4361864321969984e183
91,DFT_CRT,time_and_value_scaling_t0,wide,DEoptim,4259,10734938727023534e256
91,DFT_CRT,time_and_value_scaling_t0,wide,DEoptim,4260,-8371161056012723e283
91,DFT_CRT,time_and_value_scaling_t0,wide,DEoptim,4261,-4740011195437747e291
91,DFT_CRT,time_and_value_scaling_t0,wide,DEoptim,4262,-8371160993642713e283
91,DFT_CRT,time_and_value_scaling_t0,wide,DEoptim,4263,-8371160993642713e283
91,DFT_CRT,time_and_value_scaling_t0,wide,DEoptim,4264,-8371160993642713e283
91,DFT_CRT,time_and_value_scaling_t0,wide,DEoptim,4265,-8371160993642713e283
91,DFT_CRT,time_and_value_scaling_t0,wide,DEoptim,4266,-8371160993642713e283
91,DFT_CRT,time_and_value_scaling_t0,wide,DEoptim,4267,-8371161056012723e283
91,DFT_CRT,time_and_value_scaling_t0,wide,DEoptim,4268,-3753761826459262e240
91,DFT_CRT,time_and_value_scaling_t0,wide,DEoptim,4269,-8371161180752742e283
91,DFT_CRT,time_and_value_scaling_t0,wide,DEoptim,4270,-21944496275174755e288
91,DFT_CRT,time_and_value_scaling_t0,wide,DEoptim,4271,-8371161056012723e283
91,DFT_CRT,time_and_value_scaling_t0,wide,DEoptim,4272,-932641091694927e290
91,DFT_CRT,time_and_value_scaling_t0,wide,DEoptim,4273,-8371161056012723e283
91,DFT_CRT,time_and_value_scaling_t0,wide,DEoptim,4274,-8371161180752742e283
91,DFT_CRT,time_and_value_scaling_t0,wide,DEoptim,4275,-13715310171984222e288
91,DFT_CRT,time_and_value_scaling_t0,wide,DEoptim,4276,-8371161056012723e283
91,DFT_CRT,time_and_value_scaling_t0,wide,DEoptim,4277,-2460065350588342e245
91,DFT_CRT,time_and_value_scaling_t0,wide,DEoptim,4278,-8371161180752742e283
91,DFT_CRT,time_and_value_scaling_t0,wide,DEoptim,4279,-17829903223579488e288
91,DFT_CRT,time_and_value_scaling_t0,wide,DEoptim,4280,-8371161056012723e283
91,DFT_CRT,time_and_value_scaling_t0,wide,DEoptim,4281,7.291122019556398e-304
91,DFT_CRT,time_and_value_scaling_t0,wide,DEoptim,4282,2.052268469457315e-289
91,DFT_CRT,time_and_value_scaling_t0,wide,DEoptim,4283,4.778311639496135e-299
91,DFT_CRT,time_and_value_scaling_t0,wide,DEoptim,4284,-5727786203457123e235
91,DFT_CRT,time_and_value_scaling_t0,wide,DEoptim,4285,8.814433773967208e-280
91,DFT_CRT,time_and_value_scaling_t0,wide,DEoptim,4286,-5727786203457123e235
91,DFT_CRT,time_and_value_scaling_t0,wide,DEoptim,4287,8.814433806803502e-280
91,DFT_CRT,time_and_value_scaling_t0,wide,DEoptim,4288,2.105417699e-314
91,DFT_CRT,time_and_value_scaling_t0,wide,DEoptim,4289,4.778314267764558e-299
91,DFT_CRT,time_and_value_scaling_t0,wide,DEoptim,4290,-5727786203457123e235
91,DFT_CRT,time_and_value_scaling_t0,wide,DEoptim,4291,8.814433839639796e-280
91,DFT_CRT,time_and_value_scaling_t0,wide,DEoptim,4292,2.105417699e-314
91,DFT_CRT,time_and_value_scaling_t0,wide,DEoptim,4293,4.778314270615434e-299
91,DFT_CRT,time_and_value_scaling_t0,wide,DEoptim,4294,2.105417699e-314
91,DFT_CRT,time_and_value_scaling_t0,wide,DEoptim,4295,4.77831427249284e-299
91,DFT_CRT,time_and_value_scaling_t0,wide,DEoptim,4296,2.105417699e-314
91,DFT_CRT,time_and_value_scaling_t0,wide,DEoptim,4297,2.4834631584438887e-265
91,DFT_CRT,time_and_value_scaling_t0,wide,DEoptim,4298,14290920914093193e232
91,DFT_CRT,time_and_value_scaling_t0,wide,DEoptim,4299,2.47025436868e-312
91,DFT_CRT,time_and_value_scaling_t0,wide,DEoptim,4300,5.38986930905e-312
91,DFT_CRT,time_and_value_scaling_t0,wide,DEoptim,4301,5.38986930906e-312
91,DFT_CRT,time_and_value_scaling_t0,wide,DEoptim,4302,5.42053877947e-312
91,DFT_CRT,time_and_value_scaling_t0,wide,DEoptim,4303,5.38986930905e-312
91,DFT_CRT,time_and_value_scaling_t0,wide,DEoptim,4304,5.38986930905e-312
91,DFT_CRT,time_and_value_scaling_t0,wide,DEoptim,4305,5.38986930905e-312
91,DFT_CRT,time_and_value_scaling_t0,wide,DEoptim,4306,5.38986930906e-312
91,DFT_CRT,time_and_value_scaling_t0,wide,DEoptim,4307,5.30498947862e-312
91,DFT_CRT,time_and_value_scaling_t0,wide,DEoptim,4308,5.38986930908e-312
91,DFT_CRT,time_and_value_scaling_t0,wide,DEoptim,4309,5.412995747555e-312
91,DFT_CRT,time_and_value_scaling_t0,wide,DEoptim,4310,5.38986930906e-312
91,DFT_CRT,time_and_value_scaling_t0,wide,DEoptim,4311,5.38986930908e-312
91,DFT_CRT,time_and_value_scaling_t0,wide,DEoptim,4312,5.38986930908e-312
91,DFT_CRT,time_and_value_scaling_t0,wide,DEoptim,4313,5.413327309397e-312
91,DFT_CRT,time_and_value_scaling_t0,wide,DEoptim,4314,5.38986930906e-312
91,DFT_CRT,time_and_value_scaling_t0,wide,DEoptim,4315,5.38986930908e-312
91,DFT_CRT,time_and_value_scaling_t0,wide,DEoptim,4316,5.41672581828e-312
91,DFT_CRT,time_and_value_scaling_t0,wide,DEoptim,4317,5.38986930906e-312
91,DFT_CRT,time_and_value_scaling_t0,wide,DEoptim,4318,5.418963860717e-312
91,DFT_CRT,time_and_value_scaling_t0,wide,DEoptim,4319,5.38986930906e-312
91,DFT_CRT,time_and_value_scaling_t0,wide,DEoptim,4320,5.424434631116e-312
91,DFT_CRT,time_and_value_scaling_t0,wide,DEoptim,4321,5.38986930905e-312
91,DFT_CRT,time_and_value_scaling_t0,wide,DEoptim,4322,5.38986930906e-312
91,DFT_CRT,time_and_value_scaling_t0,wide,DEoptim,4323,5.42062166993e-312
91,DFT_CRT,time_and_value_scaling_t0,wide,DEoptim,4324,5.38986930905e-312
91,DFT_CRT,time_and_value_scaling_t0,wide,DEoptim,4325,5.38986930906e-312
91,DFT_CRT,time_and_value_scaling_t0,wide,DEoptim,4326,5.424351740655e-312
91,DFT_CRT,time_and_value_scaling_t0,wide,DEoptim,4327,5.38986930905e-312
91,DFT_CRT,time_and_value_scaling_t0,wide,DEoptim,4328,5.413161528486e-312
91,DFT_CRT,time_and_value_scaling_t0,wide,DEoptim,4329,2.12199579097e-313
91,DFT_CRT,time_and_value_scaling_t0,wide,DEoptim,4330,2.1219957915e-314
91,DFT_CRT,time_and_value_scaling_t0,wide,DEoptim,4331,5.38986930905e-312
91,DFT_CRT,time_and_value_scaling_t0,wide,DEoptim,4332,5.38986930906e-312
91,DFT_CRT,time_and_value_scaling_t0,wide,DEoptim,4333,5.32620943653e-312
91,DFT_CRT,time_and_value_scaling_t0,wide,DEoptim,4334,5.38986930908e-312
91,DFT_CRT,time_and_value_scaling_t0,wide,DEoptim,4335,5.413244418937e-312
91,DFT_CRT,time_and_value_scaling_t0,wide,DEoptim,4336,5.38986930906e-312
91,DFT_CRT,time_and_value_scaling_t0,wide,DEoptim,4337,5.562705866225913e-309
91,DFT_CRT,time_and_value_scaling_t0,wide,DEoptim,4338,7530269766743633e237
91,DFT_CRT,time_and_value_scaling_t0,wide,DEoptim,4339,4.243991631e-314
91,DFT_CRT,time_and_value_scaling_t0,wide,DEoptim,4340,5.17766973121e-312
91,DFT_CRT,time_and_value_scaling_t0,wide,DEoptim,4341,1.27319748703e-313
91,DFT_CRT,time_and_value_scaling_t0,wide,DEoptim,4342,5.17766973121e-312
91,DFT_CRT,time_and_value_scaling_t0,wide,DEoptim,4343,1.2731974871e-313
91,DFT_CRT,time_and_value_scaling_t0,wide,DEoptim,4344,1.2338789709327463e-178
91,DFT_CRT,time_and_value_scaling_t0,wide,DEoptim,4345,4.243991708e-314
91,DFT_CRT,time_and_value_scaling_t0,wide,DEoptim,4346,5.17766973121e-312
91,DFT_CRT,time_and_value_scaling_t0,wide,DEoptim,4347,1.27319748713e-313
91,DFT_CRT,time_and_value_scaling_t0,wide,DEoptim,4348,3689348814742118e4
91,DFT_CRT,time_and_value_scaling_t0,wide,DEoptim,4349,4.243991708e-314
91,DFT_CRT,time_and_value_scaling_t0,wide,DEoptim,4350,4091738259870408e134
91,DFT_CRT,time_and_value_scaling_t0,wide,DEoptim,4351,4.243991708e-314
91,DFT_CRT,time_and_value_scaling_t0,wide,DEoptim,4352,1.255e-321
91,DFT_CRT,time_and_value_scaling_t0,wide,DEoptim,4353,1.90980916355e-313
91,DFT_CRT,time_and_value_scaling_t0,wide,DEoptim,4354,7071000207138812e179
91,DFT_CRT,time_and_value_scaling_t0,wide,DEoptim,4355,3.478533e-317
91,DFT_CRT,time_and_value_scaling_t0,wide,DEoptim,4356,2.78134240537688e-309
91,DFT_CRT,time_and_value_scaling_t0,wide,DEoptim,4357,8.224288e-317
91,DFT_CRT,time_and_value_scaling_t0,wide,DEoptim,4358,8.271086e-317
91,DFT_CRT,time_and_value_scaling_t0,wide,DEoptim,4359,8.224288e-317
91,DFT_CRT,time_and_value_scaling_t0,wide,DEoptim,4360,8.224288e-317
91,DFT_CRT,time_and_value_scaling_t0,wide,DEoptim,4361,2.78134240537688e-309
91,DFT_CRT,time_and_value_scaling_t0,wide,DEoptim,4362,4.556951275697422e-304
91,DFT_CRT,time_and_value_scaling_t0,wide,DEoptim,4363,8.344027051968675e-309
91,DFT_CRT,time_and_value_scaling_t0,wide,DEoptim,4364,8.224288e-317
91,DFT_CRT,time_and_value_scaling_t0,wide,DEoptim,4365,2.78134240572976e-309
91,DFT_CRT,time_and_value_scaling_t0,wide,DEoptim,4366,8.344027051644884e-309
91,DFT_CRT,time_and_value_scaling_t0,wide,DEoptim,4367,8.344027051644884e-309
91,DFT_CRT,time_and_value_scaling_t0,wide,DEoptim,4368,8.224288e-317
91,DFT_CRT,time_and_value_scaling_t0,wide,DEoptim,4369,2.78134240573482e-309
91,DFT_CRT,time_and_value_scaling_t0,wide,DEoptim,4370,8.344027051644884e-309
91,DFT_CRT,time_and_value_scaling_t0,wide,DEoptim,4371,8.224288e-317
91,DFT_CRT,time_and_value_scaling_t0,wide,DEoptim,4372,2.78134240578668e-309
91,DFT_CRT,time_and_value_scaling_t0,wide,DEoptim,4373,8.224288e-317
91,DFT_CRT,time_and_value_scaling_t0,wide,DEoptim,4374,2.78134240582083e-309
91,DFT_CRT,time_and_value_scaling_t0,wide,DEoptim,4375,8.224288e-317
91,DFT_CRT,time_and_value_scaling_t0,wide,DEoptim,4376,8.2772833e-317
91,DFT_CRT,time_and_value_scaling_t0,wide,DEoptim,4377,2.78134240537688e-309
91,DFT_CRT,time_and_value_scaling_t0,wide,DEoptim,4378,8.224288e-317
91,DFT_CRT,time_and_value_scaling_t0,wide,DEoptim,4379,8.2712123e-317
91,DFT_CRT,time_and_value_scaling_t0,wide,DEoptim,4380,2.78134240537688e-309
91,DFT_CRT,time_and_value_scaling_t0,wide,DEoptim,4381,8.224288e-317
91,DFT_CRT,time_and_value_scaling_t0,wide,DEoptim,4382,8.277157e-317
91,DFT_CRT,time_and_value_scaling_t0,wide,DEoptim,4383,2.78134240537688e-309
91,DFT_CRT,time_and_value_scaling_t0,wide,DEoptim,4384,8.259829e-317
91,DFT_CRT,time_and_value_scaling_t0,wide,DEoptim,4385,1.39067116480491e-309
91,DFT_CRT,time_and_value_scaling_t0,wide,DEoptim,4386,3.2379e-319
91,DFT_CRT,time_and_value_scaling_t0,wide,DEoptim,4387,2.78134240537688e-309
91,DFT_CRT,time_and_value_scaling_t0,wide,DEoptim,4388,4.556951275697422e-304
91,DFT_CRT,time_and_value_scaling_t0,wide,DEoptim,4389,8.34402696940327e-309
91,DFT_CRT,time_and_value_scaling_t0,wide,DEoptim,4390,8.224288e-317
91,DFT_CRT,time_and_value_scaling_t0,wide,DEoptim,4391,2.781342405733556e-309
91,DFT_CRT,time_and_value_scaling_t0,wide,DEoptim,4392,8.224288e-317
91,DFT_CRT,time_and_value_scaling_t0,wide,DEoptim,4393,1.2516125334258437e-308
91,DFT_CRT,time_and_value_scaling_t0,wide,DEoptim,4394,959126879335451e233
91,DFT_CRT,time_and_value_scaling_t0,wide,DEoptim,4395,-8371161056012723e283
91,DFT_CRT,time_and_value_scaling_t0,wide,DEoptim,4396,7.746823773195927e-304
91,DFT_CRT,time_and_value_scaling_t0,wide,DEoptim,4397,-8371161180752742e283
91,DFT_CRT,time_and_value_scaling_t0,wide,DEoptim,4398,5.076958428001683e-299
91,DFT_CRT,time_and_value_scaling_t0,wide,DEoptim,4399,-8371161180752742e283
91,DFT_CRT,time_and_value_scaling_t0,wide,DEoptim,4400,-185156687321787e290
91,DFT_CRT,time_and_value_scaling_t0,wide,DEoptim,4401,-8371161056012723e283
91,DFT_CRT,time_and_value_scaling_t0,wide,DEoptim,4402,3.3272354753751826e-294
91,DFT_CRT,time_and_value_scaling_t0,wide,DEoptim,4403,-8371161180752742e283
91,DFT_CRT,time_and_value_scaling_t0,wide,DEoptim,4404,-10972248137587377e289
91,DFT_CRT,time_and_value_scaling_t0,wide,DEoptim,4405,-8371161056012723e283
91,DFT_CRT,time_and_value_scaling_t0,wide,DEoptim,4406,-3401396922652087e290
91,DFT_CRT,time_and_value_scaling_t0,wide,DEoptim,4407,-8371161056012723e283
91,DFT_CRT,time_and_value_scaling_t0,wide,DEoptim,4408,7.291122019556398e-304
91,DFT_CRT,time_and_value_scaling_t0,wide,DEoptim,4409,1.6259745982106468e-260
91,DFT_CRT,time_and_value_scaling_t0,wide,DEoptim,4410,595227448921308e214
91,DFT_CRT,time_and_value_scaling_t0,wide,DEoptim,4411,1.4598e-319
91,DFT_CRT,time_and_value_scaling_t0,wide,DEoptim,4412,1.0864618771003e-311
91,DFT_CRT,time_and_value_scaling_t0,wide,DEoptim,4413,3.2126e-319
91,DFT_CRT,time_and_value_scaling_t0,wide,DEoptim,4414,3.2309e-319
91,DFT_CRT,time_and_value_scaling_t0,wide,DEoptim,4415,3.2126e-319
91,DFT_CRT,time_and_value_scaling_t0,wide,DEoptim,4416,3.2126e-319
91,DFT_CRT,time_and_value_scaling_t0,wide,DEoptim,4417,1.0864618771003e-311
91,DFT_CRT,time_and_value_scaling_t0,wide,DEoptim,4418,1.32548345118981e-309
91,DFT_CRT,time_and_value_scaling_t0,wide,DEoptim,4419,3.259385535429e-311
91,DFT_CRT,time_and_value_scaling_t0,wide,DEoptim,4420,3.2126e-319
91,DFT_CRT,time_and_value_scaling_t0,wide,DEoptim,4421,1.086461877238e-311
91,DFT_CRT,time_and_value_scaling_t0,wide,DEoptim,4422,3.259385567049e-311
91,DFT_CRT,time_and_value_scaling_t0,wide,DEoptim,4423,3.259385567049e-311
91,DFT_CRT,time_and_value_scaling_t0,wide,DEoptim,4424,3.2126e-319
91,DFT_CRT,time_and_value_scaling_t0,wide,DEoptim,4425,1.08646187724e-311
91,DFT_CRT,time_and_value_scaling_t0,wide,DEoptim,4426,3.259385567049e-311
91,DFT_CRT,time_and_value_scaling_t0,wide,DEoptim,4427,3.2126e-319
91,DFT_CRT,time_and_value_scaling_t0,wide,DEoptim,4428,1.0864618772604e-311
91,DFT_CRT,time_and_value_scaling_t0,wide,DEoptim,4429,3.2126e-319
91,DFT_CRT,time_and_value_scaling_t0,wide,DEoptim,4430,1.086461877274e-311
91,DFT_CRT,time_and_value_scaling_t0,wide,DEoptim,4431,3.2126e-319
91,DFT_CRT,time_and_value_scaling_t0,wide,DEoptim,4432,3.2334e-319
91,DFT_CRT,time_and_value_scaling_t0,wide,DEoptim,4433,1.0864618771003e-311
91,DFT_CRT,time_and_value_scaling_t0,wide,DEoptim,4434,3.2126e-319
91,DFT_CRT,time_and_value_scaling_t0,wide,DEoptim,4435,3.23094e-319
91,DFT_CRT,time_and_value_scaling_t0,wide,DEoptim,4436,1.0864618771003e-311
91,DFT_CRT,time_and_value_scaling_t0,wide,DEoptim,4437,3.2126e-319
91,DFT_CRT,time_and_value_scaling_t0,wide,DEoptim,4438,3.23336e-319
91,DFT_CRT,time_and_value_scaling_t0,wide,DEoptim,4439,1.0864618771003e-311
91,DFT_CRT,time_and_value_scaling_t0,wide,DEoptim,4440,3.2265e-319
91,DFT_CRT,time_and_value_scaling_t0,wide,DEoptim,4441,5.43230923752e-312
91,DFT_CRT,time_and_value_scaling_t0,wide,DEoptim,4442,1.265e-321
91,DFT_CRT,time_and_value_scaling_t0,wide,DEoptim,4443,1.0864618771003e-311
91,DFT_CRT,time_and_value_scaling_t0,wide,DEoptim,4444,1.32548345118981e-309
91,DFT_CRT,time_and_value_scaling_t0,wide,DEoptim,4445,3.2593855355556e-311
91,DFT_CRT,time_and_value_scaling_t0,wide,DEoptim,4446,3.2126e-319
91,DFT_CRT,time_and_value_scaling_t0,wide,DEoptim,4447,1.0864618772397e-311
91,DFT_CRT,time_and_value_scaling_t0,wide,DEoptim,4448,3.2126e-319
91,DFT_CRT,time_and_value_scaling_t0,wide,DEoptim,4449,4.8891114586947e-311
91,DFT_CRT,time_and_value_scaling_t0,wide,DEoptim,4450,9591268801984464e232
91,DFT_CRT,time_and_value_scaling_t0,wide,DEoptim,4451,-8371161056012723e283
91,DFT_CRT,time_and_value_scaling_t0,wide,DEoptim,4452,9.36533527942098e-280
91,DFT_CRT,time_and_value_scaling_t0,wide,DEoptim,4453,-8371161180752742e283
91,DFT_CRT,time_and_value_scaling_t0,wide,DEoptim,4454,6.137666128721333e-275
91,DFT_CRT,time_and_value_scaling_t0,wide,DEoptim,4455,-8371161180752742e283
91,DFT_CRT,time_and_value_scaling_t0,wide,DEoptim,4456,-185156687321787e290
91,DFT_CRT,time_and_value_scaling_t0,wide,DEoptim,4457,-8371161056012723e283
91,DFT_CRT,time_and_value_scaling_t0,wide,DEoptim,4458,4.022380874118813e-270
91,DFT_CRT,time_and_value_scaling_t0,wide,DEoptim,4459,-8371161180752742e283
91,DFT_CRT,time_and_value_scaling_t0,wide,DEoptim,4460,-10972248137587377e289
91,DFT_CRT,time_and_value_scaling_t0,wide,DEoptim,4461,-8371161056012723e283
91,DFT_CRT,time_and_value_scaling_t0,wide,DEoptim,4462,-3401396922652087e290
91,DFT_CRT,time_and_value_scaling_t0,wide,DEoptim,4463,-8371161056012723e283
91,DFT_CRT,time_and_value_scaling_t0,wide,DEoptim,4464,7.291122019556398e-304
91,DFT_CRT,time_and_value_scaling_t0,wide,DEoptim,4465,1.6259745982106468e-260
91,DFT_CRT,time_and_value_scaling_t0,wide,DEoptim,4466,5952274478402749e213
91,DFT_CRT,time_and_value_scaling_t0,wide,DEoptim,4467,1.4598e-319
91,DFT_CRT,time_and_value_scaling_t0,wide,DEoptim,4468,1.0864618771003e-311
91,DFT_CRT,time_and_value_scaling_t0,wide,DEoptim,4469,3.2126e-319
91,DFT_CRT,time_and_value_scaling_t0,wide,DEoptim,4470,3.2309e-319
91,DFT_CRT,time_and_value_scaling_t0,wide,DEoptim,4471,3.2126e-319
91,DFT_CRT,time_and_value_scaling_t0,wide,DEoptim,4472,3.2126e-319
91,DFT_CRT,time_and_value_scaling_t0,wide,DEoptim,4473,1.0864618771003e-311
91,DFT_CRT,time_and_value_scaling_t0,wide,DEoptim,4474,1.32548345118981e-309
91,DFT_CRT,time_and_value_scaling_t0,wide,DEoptim,4475,3.2593855360615e-311
91,DFT_CRT,time_and_value_scaling_t0,wide,DEoptim,4476,3.2126e-319
91,DFT_CRT,time_and_value_scaling_t0,wide,DEoptim,4477,1.086461877238e-311
91,DFT_CRT,time_and_value_scaling_t0,wide,DEoptim,4478,3.259385567049e-311
91,DFT_CRT,time_and_value_scaling_t0,wide,DEoptim,4479,3.259385567049e-311
91,DFT_CRT,time_and_value_scaling_t0,wide,DEoptim,4480,3.2126e-319
91,DFT_CRT,time_and_value_scaling_t0,wide,DEoptim,4481,1.08646187724e-311
91,DFT_CRT,time_and_value_scaling_t0,wide,DEoptim,4482,3.259385567049e-311
91,DFT_CRT,time_and_value_scaling_t0,wide,DEoptim,4483,3.2126e-319
91,DFT_CRT,time_and_value_scaling_t0,wide,DEoptim,4484,1.0864618772604e-311
91,DFT_CRT,time_and_value_scaling_t0,wide,DEoptim,4485,3.2126e-319
91,DFT_CRT,time_and_value_scaling_t0,wide,DEoptim,4486,1.086461877274e-311
91,DFT_CRT,time_and_value_scaling_t0,wide,DEoptim,4487,3.2126e-319
91,DFT_CRT,time_and_value_scaling_t0,wide,DEoptim,4488,3.2335e-319
91,DFT_CRT,time_and_value_scaling_t0,wide,DEoptim,4489,1.0864618771003e-311
91,DFT_CRT,time_and_value_scaling_t0,wide,DEoptim,4490,3.2126e-319
91,DFT_CRT,time_and_value_scaling_t0,wide,DEoptim,4491,3.23094e-319
91,DFT_CRT,time_and_value_scaling_t0,wide,DEoptim,4492,1.0864618771003e-311
91,DFT_CRT,time_and_value_scaling_t0,wide,DEoptim,4493,3.2126e-319
91,DFT_CRT,time_and_value_scaling_t0,wide,DEoptim,4494,3.23346e-319
91,DFT_CRT,time_and_value_scaling_t0,wide,DEoptim,4495,1.0864618771003e-311
91,DFT_CRT,time_and_value_scaling_t0,wide,DEoptim,4496,3.2265e-319
91,DFT_CRT,time_and_value_scaling_t0,wide,DEoptim,4497,5.43230923752e-312
91,DFT_CRT,time_and_value_scaling_t0,wide,DEoptim,4498,1.265e-321
91,DFT_CRT,time_and_value_scaling_t0,wide,DEoptim,4499,1.0864618771003e-311
91,DFT_CRT,time_and_value_scaling_t0,wide,DEoptim,4500,1.32548345118981e-309
91,DFT_CRT,time_and_value_scaling_t0,wide,DEoptim,4501,3.259385536188e-311
91,DFT_CRT,time_and_value_scaling_t0,wide,DEoptim,4502,3.2126e-319
91,DFT_CRT,time_and_value_scaling_t0,wide,DEoptim,4503,1.0864618772397e-311
91,DFT_CRT,time_and_value_scaling_t0,wide,DEoptim,4504,3.2126e-319
91,DFT_CRT,time_and_value_scaling_t0,wide,DEoptim,4505,4.8891114586947e-311
91,DFT_CRT,time_and_value_scaling_t0,wide,DEoptim,4506,19991464197982624e145
91,DFT_CRT,time_and_value_scaling_t0,wide,DEoptim,4507,2.78134236049827e-309
91,DFT_CRT,time_and_value_scaling_t0,wide,DEoptim,4508,4.556951275697422e-304
91,DFT_CRT,time_and_value_scaling_t0,wide,DEoptim,4509,8.34402697296497e-309
91,DFT_CRT,time_and_value_scaling_t0,wide,DEoptim,4510,4.556951275697422e-304
91,DFT_CRT,time_and_value_scaling_t0,wide,DEoptim,4511,8.34402697328876e-309
91,DFT_CRT,time_and_value_scaling_t0,wide,DEoptim,4512,8.224288e-317
91,DFT_CRT,time_and_value_scaling_t0,wide,DEoptim,4513,2.78134240573482e-309
91,DFT_CRT,time_and_value_scaling_t0,wide,DEoptim,4514,4.556951275697422e-304
91,DFT_CRT,time_and_value_scaling_t0,wide,DEoptim,4515,8.34402697361255e-309
91,DFT_CRT,time_and_value_scaling_t0,wide,DEoptim,4516,8.224288e-317
91,DFT_CRT,time_and_value_scaling_t0,wide,DEoptim,4517,2.78134240578668e-309
91,DFT_CRT,time_and_value_scaling_t0,wide,DEoptim,4518,8.224288e-317
91,DFT_CRT,time_and_value_scaling_t0,wide,DEoptim,4519,2.78134240582083e-309
91,DFT_CRT,time_and_value_scaling_t0,wide,DEoptim,4520,8.224288e-317
91,DFT_CRT,time_and_value_scaling_t0,wide,DEoptim,4521,1.2516125334258437e-308
91,DFT_CRT,time_and_value_scaling_t0,wide,DEoptim,4522,6368329250967026e136
91,DFT_CRT,time_and_value_scaling_t0,wide,DEoptim,4523,52855909224236e167
91,DFT_CRT,time_and_value_scaling_t0,wide,DEoptim,4524,-8371160993642713e283
91,DFT_CRT,time_and_value_scaling_t0,wide,DEoptim,4525,-8371161056012723e283
91,DFT_CRT,time_and_value_scaling_t0,wide,DEoptim,4526,-7900018659062912e290
91,DFT_CRT,time_and_value_scaling_t0,wide,DEoptim,4527,-8371160993642713e283
91,DFT_CRT,time_and_value_scaling_t0,wide,DEoptim,4528,-8371160993642713e283
91,DFT_CRT,time_and_value_scaling_t0,wide,DEoptim,4529,-8371160993642713e283
91,DFT_CRT,time_and_value_scaling_t0,wide,DEoptim,4530,-8371161056012723e283
91,DFT_CRT,time_and_value_scaling_t0,wide,DEoptim,4531,3.1868584558895396e-241
91,DFT_CRT,time_and_value_scaling_t0,wide,DEoptim,4532,-8371161180752742e283
91,DFT_CRT,time_and_value_scaling_t0,wide,DEoptim,4533,-15772606697781855e288
91,DFT_CRT,time_and_value_scaling_t0,wide,DEoptim,4534,-8371161056012723e283
91,DFT_CRT,time_and_value_scaling_t0,wide,DEoptim,4535,-8371161180752742e283
91,DFT_CRT,time_and_value_scaling_t0,wide,DEoptim,4536,-8371161180752742e283
91,DFT_CRT,time_and_value_scaling_t0,wide,DEoptim,4537,-185156687321787e290
91,DFT_CRT,time_and_value_scaling_t0,wide,DEoptim,4538,-8371161056012723e283
91,DFT_CRT,time_and_value_scaling_t0,wide,DEoptim,4539,-8371161180752742e283
91,DFT_CRT,time_and_value_scaling_t0,wide,DEoptim,4540,-10972248137587377e289
91,DFT_CRT,time_and_value_scaling_t0,wide,DEoptim,4541,-8371161056012723e283
91,DFT_CRT,time_and_value_scaling_t0,wide,DEoptim,4542,-3401396922652087e290
91,DFT_CRT,time_and_value_scaling_t0,wide,DEoptim,4543,-8371161056012723e283
91,DFT_CRT,time_and_value_scaling_t0,wide,DEoptim,4544,-8777798510069902e291
91,DFT_CRT,time_and_value_scaling_t0,wide,DEoptim,4545,-8371160993642713e283
91,DFT_CRT,time_and_value_scaling_t0,wide,DEoptim,4546,-8371161056012723e283
91,DFT_CRT,time_and_value_scaling_t0,wide,DEoptim,4547,-8338908584566407e290
91,DFT_CRT,time_and_value_scaling_t0,wide,DEoptim,4548,-8371160993642713e283
91,DFT_CRT,time_and_value_scaling_t0,wide,DEoptim,4549,-8371161056012723e283
91,DFT_CRT,time_and_value_scaling_t0,wide,DEoptim,4550,-8426686569667106e291
91,DFT_CRT,time_and_value_scaling_t0,wide,DEoptim,4551,-8371160993642713e283
91,DFT_CRT,time_and_value_scaling_t0,wide,DEoptim,4552,-17144137796729896e288
91,DFT_CRT,time_and_value_scaling_t0,wide,DEoptim,4553,1.6259745436952323e-260
91,DFT_CRT,time_and_value_scaling_t0,wide,DEoptim,4554,7.291122046717944e-304
91,DFT_CRT,time_and_value_scaling_t0,wide,DEoptim,4555,-8371160993642713e283
91,DFT_CRT,time_and_value_scaling_t0,wide,DEoptim,4556,-8371161056012723e283
91,DFT_CRT,time_and_value_scaling_t0,wide,DEoptim,4557,2.0885395576517687e-236
91,DFT_CRT,time_and_value_scaling_t0,wide,DEoptim,4558,-8371161180752742e283
91,DFT_CRT,time_and_value_scaling_t0,wide,DEoptim,4559,-21944496275174755e288
91,DFT_CRT,time_and_value_scaling_t0,wide,DEoptim,4560,-8371161056012723e283
91,DFT_CRT,time_and_value_scaling_t0,wide,DEoptim,4561,1.368745284502663e-231
91,DFT_CRT,time_and_value_scaling_t0,wide,DEoptim,4562,-8371161180752742e283
91,DFT_CRT,time_and_value_scaling_t0,wide,DEoptim,4563,7.291122019556398e-304
91,DFT_CRT,time_and_value_scaling_t0,wide,DEoptim,4564,1.0655987126833295e-255
91,DFT_CRT,time_and_value_scaling_t0,wide,DEoptim,4565,4451970050541638e237
91,DFT_CRT,time_and_value_scaling_t0,wide,DEoptim,4566,2.78134235889191e-309
91,DFT_CRT,time_and_value_scaling_t0,wide,DEoptim,4567,4.556951275697422e-304
91,DFT_CRT,time_and_value_scaling_t0,wide,DEoptim,4568,8.344026974907715e-309
91,DFT_CRT,time_and_value_scaling_t0,wide,DEoptim,4569,8.224288e-317
91,DFT_CRT,time_and_value_scaling_t0,wide,DEoptim,4570,2.78134240573482e-309
91,DFT_CRT,time_and_value_scaling_t0,wide,DEoptim,4571,8.224288e-317
91,DFT_CRT,time_and_value_scaling_t0,wide,DEoptim,4572,2.781342405704466e-309
91,DFT_CRT,time_and_value_scaling_t0,wide,DEoptim,4573,8.224288e-317
91,DFT_CRT,time_and_value_scaling_t0,wide,DEoptim,4574,1.2516125334258437e-308
91,DFT_CRT,time_and_value_scaling_t0,wide,DEoptim,4575,9032897738768618e256
91,DFT_CRT,time_and_value_scaling_t0,wide,DEoptim,4576,1.47237e-319
91,DFT_CRT,time_and_value_scaling_t0,wide,DEoptim,4577,3.2126e-319
91,DFT_CRT,time_and_value_scaling_t0,wide,DEoptim,4578,1.0864618771003e-311
91,DFT_CRT,time_and_value_scaling_t0,wide,DEoptim,4579,1.32548345118981e-309
91,DFT_CRT,time_and_value_scaling_t0,wide,DEoptim,4580,3.2593855372e-311
91,DFT_CRT,time_and_value_scaling_t0,wide,DEoptim,4581,3.2126e-319
91,DFT_CRT,time_and_value_scaling_t0,wide,DEoptim,4582,1.086461877238e-311
91,DFT_CRT,time_and_value_scaling_t0,wide,DEoptim,4583,3.259385567049e-311
91,DFT_CRT,time_and_value_scaling_t0,wide,DEoptim,4584,3.259385567049e-311
91,DFT_CRT,time_and_value_scaling_t0,wide,DEoptim,4585,3.2126e-319
91,DFT_CRT,time_and_value_scaling_t0,wide,DEoptim,4586,1.08646187724e-311
91,DFT_CRT,time_and_value_scaling_t0,wide,DEoptim,4587,3.2126e-319
91,DFT_CRT,time_and_value_scaling_t0,wide,DEoptim,4588,1.0864618772283e-311
91,DFT_CRT,time_and_value_scaling_t0,wide,DEoptim,4589,3.2126e-319
91,DFT_CRT,time_and_value_scaling_t0,wide,DEoptim,4590,3.2337e-319
91,DFT_CRT,time_and_value_scaling_t0,wide,DEoptim,4591,3.2126e-319
91,DFT_CRT,time_and_value_scaling_t0,wide,DEoptim,4592,1.0864618771003e-311
91,DFT_CRT,time_and_value_scaling_t0,wide,DEoptim,4593,3.2265e-319
91,DFT_CRT,time_and_value_scaling_t0,wide,DEoptim,4594,5.43230923752e-312
91,DFT_CRT,time_and_value_scaling_t0,wide,DEoptim,4595,1.265e-321
91,DFT_CRT,time_and_value_scaling_t0,wide,DEoptim,4596,3.2126e-319
91,DFT_CRT,time_and_value_scaling_t0,wide,DEoptim,4597,1.0864618771003e-311
91,DFT_CRT,time_and_value_scaling_t0,wide,DEoptim,4598,1.32548345118981e-309
91,DFT_CRT,time_and_value_scaling_t0,wide,DEoptim,4599,3.2593855373263e-311
91,DFT_CRT,time_and_value_scaling_t0,wide,DEoptim,4600,1.32548345118981e-309
91,DFT_CRT,time_and_value_scaling_t0,wide,DEoptim,4601,3.259385537453e-311
91,DFT_CRT,time_and_value_scaling_t0,wide,DEoptim,4602,3.2126e-319
91,DFT_CRT,time_and_value_scaling_t0,wide,DEoptim,4603,1.0864618772604e-311
91,DFT_CRT,time_and_value_scaling_t0,wide,DEoptim,4604,3.2126e-319
91,DFT_CRT,time_and_value_scaling_t0,wide,DEoptim,4605,1.086461877274e-311
91,DFT_CRT,time_and_value_scaling_t0,wide,DEoptim,4606,3.2126e-319
91,DFT_CRT,time_and_value_scaling_t0,wide,DEoptim,4607,4.8891114586947e-311
91,DFT_CRT,time_and_value_scaling_t0,wide,DEoptim,4608,1141153828705065e228
91,DFT_CRT,time_and_value_scaling_t0,wide,DEoptim,4609,20244582103959334e251
91,DFT_CRT,time_and_value_scaling_t0,wide,DEoptim,4610,5.43e-322
91,DFT_CRT,time_and_value_scaling_t0,wide,DEoptim,4611,1.255e-321
91,DFT_CRT,time_and_value_scaling_t0,wide,DEoptim,4612,4.2439917074e-314
91,DFT_CRT,time_and_value_scaling_t0,wide,DEoptim,4613,7.29281863837392e-304
91,DFT_CRT,time_and_value_scaling_t0,wide,DEoptim,4614,1.2731974756e-313
91,DFT_CRT,time_and_value_scaling_t0,wide,DEoptim,4615,7.29281863837392e-304
91,DFT_CRT,time_and_value_scaling_t0,wide,DEoptim,4616,1.27319747567e-313
91,DFT_CRT,time_and_value_scaling_t0,wide,DEoptim,4617,1.2338789709327463e-178
91,DFT_CRT,time_and_value_scaling_t0,wide,DEoptim,4618,4.243991708e-314
91,DFT_CRT,time_and_value_scaling_t0,wide,DEoptim,4619,1.27319748713e-313
91,DFT_CRT,time_and_value_scaling_t0,wide,DEoptim,4620,3689348814742118e4
91,DFT_CRT,time_and_value_scaling_t0,wide,DEoptim,4621,4.243991708e-314
91,DFT_CRT,time_and_value_scaling_t0,wide,DEoptim,4622,4091738259870408e134
91,DFT_CRT,time_and_value_scaling_t0,wide,DEoptim,4623,4.243991708e-314
91,DFT_CRT,time_and_value_scaling_t0,wide,DEoptim,4624,-4.198672567229667e-140
91,DFT_CRT,time_and_value_scaling_t0,wide,DEoptim,4625,1.26e-321
91,DFT_CRT,time_and_value_scaling_t0,wide,DEoptim,4626,4.2439917074e-314
91,DFT_CRT,time_and_value_scaling_t0,wide,DEoptim,4627,1.255e-321
91,DFT_CRT,time_and_value_scaling_t0,wide,DEoptim,4628,1.90980916355e-313
91,DFT_CRT,time_and_value_scaling_t0,wide,DEoptim,4629,9.648141773e-315
91,DFT_CRT,time_and_value_scaling_t0,wide,DEoptim,4630,4.778314248086561e-299
91,DFT_CRT,time_and_value_scaling_t0,wide,DEoptim,4631,2.4834631584438887e-265
91,DFT_CRT,time_and_value_scaling_t0,wide,DEoptim,4632,5653664442138237e261
91,DFT_CRT,time_and_value_scaling_t0,wide,DEoptim,4633,1.6259745436952323e-260
91,DFT_CRT,time_and_value_scaling_t0,wide,DEoptim,4634,8.289046e-317
91,DFT_CRT,time_and_value_scaling_t0,wide,DEoptim,4635,-5760430304933221e289
91,DFT_CRT,time_and_value_scaling_t0,wide,DEoptim,4636,1.6259745436952323e-260
91,DFT_CRT,time_and_value_scaling_t0,wide,DEoptim,4637,8.289046e-317
91,DFT_CRT,time_and_value_scaling_t0,wide,DEoptim,4638,-8371160993642713e283
91,DFT_CRT,time_and_value_scaling_t0,wide,DEoptim,4639,-8371161056012723e283
91,DFT_CRT,time_and_value_scaling_t0,wide,DEoptim,4640,7.106931840857537e-198
91,DFT_CRT,time_and_value_scaling_t0,wide,DEoptim,4641,-8371161180752742e283
91,DFT_CRT,time_and_value_scaling_t0,wide,DEoptim,4642,4.657598851224395e-193
91,DFT_CRT,time_and_value_scaling_t0,wide,DEoptim,4643,-8371161180752742e283
91,DFT_CRT,time_and_value_scaling_t0,wide,DEoptim,4644,-185156687321787e290
91,DFT_CRT,time_and_value_scaling_t0,wide,DEoptim,4645,-8371161056012723e283
91,DFT_CRT,time_and_value_scaling_t0,wide,DEoptim,4646,-8371161180752742e283
91,DFT_CRT,time_and_value_scaling_t0,wide,DEoptim,4647,-10972248137587377e289
91,DFT_CRT,time_and_value_scaling_t0,wide,DEoptim,4648,-8371161056012723e283
91,DFT_CRT,time_and_value_scaling_t0,wide,DEoptim,4649,-3401396922652087e290
91,DFT_CRT,time_and_value_scaling_t0,wide,DEoptim,4650,-8371161056012723e283
91,DFT_CRT,time_and_value_scaling_t0,wide,DEoptim,4651,-5968902986847533e291
91,DFT_CRT,time_and_value_scaling_t0,wide,DEoptim,4652,-8371160993642713e283
91,DFT_CRT,time_and_value_scaling_t0,wide,DEoptim,4653,-8371161056012723e283
91,DFT_CRT,time_and_value_scaling_t0,wide,DEoptim,4654,-10182246271681086e291
91,DFT_CRT,time_and_value_scaling_t0,wide,DEoptim,4655,-8371160993642713e283
91,DFT_CRT,time_and_value_scaling_t0,wide,DEoptim,4656,7.29112207387949e-304
91,DFT_CRT,time_and_value_scaling_t0,wide,DEoptim,4657,1.5573742633243884e-207
91,DFT_CRT,time_and_value_scaling_t0,wide,DEoptim,4658,20244582103959378e251
91,DFT_CRT,time_and_value_scaling_t0,wide,DEoptim,4659,9477871650447314e155
91,DFT_CRT,time_and_value_scaling_t0,wide,DEoptim,4660,2.322213294673e-312
91,DFT_CRT,time_and_value_scaling_t0,wide,DEoptim,4661,5.30581839407e-313
91,DFT_CRT,time_and_value_scaling_t0,wide,DEoptim,4662,5.38986930908e-312
91,DFT_CRT,time_and_value_scaling_t0,wide,DEoptim,4663,5.413327309397e-312
91,DFT_CRT,time_and_value_scaling_t0,wide,DEoptim,4664,5.38986930906e-312
91,DFT_CRT,time_and_value_scaling_t0,wide,DEoptim,4665,5.51801797317e-313
91,DFT_CRT,time_and_value_scaling_t0,wide,DEoptim,4666,5.38986930908e-312
91,DFT_CRT,time_and_value_scaling_t0,wide,DEoptim,4667,5.413327309397e-312
91,DFT_CRT,time_and_value_scaling_t0,wide,DEoptim,4668,5.38986930906e-312
91,DFT_CRT,time_and_value_scaling_t0,wide,DEoptim,4669,5.411337938343e-312
91,DFT_CRT,time_and_value_scaling_t0,wide,DEoptim,4670,5.38986930906e-312
91,DFT_CRT,time_and_value_scaling_t0,wide,DEoptim,4671,5.42211369822e-312
91,DFT_CRT,time_and_value_scaling_t0,wide,DEoptim,4672,5.38986930905e-312
91,DFT_CRT,time_and_value_scaling_t0,wide,DEoptim,4673,5.38986930906e-312
91,DFT_CRT,time_and_value_scaling_t0,wide,DEoptim,4674,5.562705866225913e-309
91,DFT_CRT,time_and_value_scaling_t0,wide,DEoptim,4675,69736332634273e215
91,DFT_CRT,time_and_value_scaling_t0,wide,DEoptim,4676,5.4e-322
91,DFT_CRT,time_and_value_scaling_t0,wide,DEoptim,4677,4.2439917074e-314
91,DFT_CRT,time_and_value_scaling_t0,wide,DEoptim,4678,1.90980916355e-313
91,DFT_CRT,time_and_value_scaling_t0,wide,DEoptim,4679,38698700581467404e212
91,DFT_CRT,time_and_value_scaling_t0,wide,DEoptim,4680,3872041959317649e213
91,DFT_CRT,time_and_value_scaling_t0,wide,DEoptim,4681,9.238459535e-315
91,DFT_CRT,time_and_value_scaling_t0,wide,DEoptim,4682,4.778314275065582e-299
91,DFT_CRT,time_and_value_scaling_t0,wide,DEoptim,4683,2.4834631584438887e-265
91,DFT_CRT,time_and_value_scaling_t0,wide,DEoptim,4684,9296557618951762e227
91,DFT_CRT,time_and_value_scaling_t0,wide,DEoptim,4685,22749563309324643e145
91,DFT_CRT,time_and_value_scaling_t0,wide,DEoptim,4686,3340636539104604e136
91,DFT_CRT,time_and_value_scaling_t0,wide,DEoptim,4687,6.54113690239643e-310
91,DFT_CRT,time_and_value_scaling_t0,wide,DEoptim,4688,1.388527945818126e-309
91,DFT_CRT,time_and_value_scaling_t0,wide,DEoptim,4689,2.0527694427394237e-289
91,DFT_CRT,time_and_value_scaling_t0,wide,DEoptim,4690,15943682323036406e203
91,DFT_CRT,time_and_value_scaling_t0,wide,DEoptim,4691,4.9008839693085824e-85
91,DFT_CRT,time_and_value_scaling_t0,wide,DEoptim,4692,9.090422447812839e-307
91,DFT_CRT,time_and_value_scaling_t0,wide,DEoptim,4693,3.7553553750538865e-308
91,DFT_CRT,time_and_value_scaling_t0,wide,DEoptim,4694,6.835426893652422e-304
91,DFT_CRT,time_and_value_scaling_t0,wide,DEoptim,4695,7.087305254117138e-304
91,DFT_CRT,time_and_value_scaling_t0,wide,DEoptim,4696,6.8354268934402224e-304
91,DFT_CRT,time_and_value_scaling_t0,wide,DEoptim,4697,7.065944545075469e-304
91,DFT_CRT,time_and_value_scaling_t0,wide,DEoptim,4698,6.8354268934402224e-304
91,DFT_CRT,time_and_value_scaling_t0,wide,DEoptim,4699,1.390671161567e-309
91,DFT_CRT,time_and_value_scaling_t0,wide,DEoptim,4700,3692111991779637e192
91,DFT_CRT,time_and_value_scaling_t0,wide,DEoptim,4701,5.4555180888584e-310
91,DFT_CRT,time_and_value_scaling_t0,wide,DEoptim,4702,1.37980654311726e-309
91,DFT_CRT,time_and_value_scaling_t0,wide,DEoptim,4703,2.0527694427394237e-289
91,DFT_CRT,time_and_value_scaling_t0,wide,DEoptim,4704,15947129605700844e203
91,DFT_CRT,time_and_value_scaling_t0,wide,DEoptim,4705,4.9008839693085824e-85
91,DFT_CRT,time_and_value_scaling_t0,wide,DEoptim,4706,6967708417922404e237
91,DFT_CRT,time_and_value_scaling_t0,wide,DEoptim,4707,-8371161180752742e283
91,DFT_CRT,time_and_value_scaling_t0,wide,DEoptim,4708,-185156687321787e290
91,DFT_CRT,time_and_value_scaling_t0,wide,DEoptim,4709,-8371161056012723e283
91,DFT_CRT,time_and_value_scaling_t0,wide,DEoptim,4710,-6514772331692505e288
91,DFT_CRT,time_and_value_scaling_t0,wide,DEoptim,4711,-8371161056012723e283
91,DFT_CRT,time_and_value_scaling_t0,wide,DEoptim,4712,-3511119404027961e291
91,DFT_CRT,time_and_value_scaling_t0,wide,DEoptim,4713,-8371160993642713e283
91,DFT_CRT,time_and_value_scaling_t0,wide,DEoptim,4714,7.29112207387949e-304
91,DFT_CRT,time_and_value_scaling_t0,wide,DEoptim,4715,8.44254279834657e-227
91,DFT_CRT,time_and_value_scaling_t0,wide,DEoptim,4716,20244582103959378e251
91,DFT_CRT,time_and_value_scaling_t0,wide,DEoptim,4717,4823374333683221e213
91,DFT_CRT,time_and_value_scaling_t0,wide,DEoptim,4718,5.43e-322
91,DFT_CRT,time_and_value_scaling_t0,wide,DEoptim,4719,3.4768901034973e-310
91,DFT_CRT,time_and_value_scaling_t0,wide,DEoptim,4720,0
91,DFT_CRT,time_and_value_scaling_t0,wide,DEoptim,4721,5.562705866225923e-309
91,DFT_CRT,time_and_value_scaling_t0,wide,DEoptim,4722,20698920251013684e145
91,DFT_CRT,time_and_value_scaling_t0,wide,DEoptim,4723,10145887373176958e226
91,DFT_CRT,time_and_value_scaling_t0,wide,DEoptim,4724,5.5098494832194e-310
91,DFT_CRT,time_and_value_scaling_t0,wide,DEoptim,4725,1.385429831963317e-309
91,DFT_CRT,time_and_value_scaling_t0,wide,DEoptim,4726,1.37980654311726e-309
91,DFT_CRT,time_and_value_scaling_t0,wide,DEoptim,4727,1.37980654311979e-309
91,DFT_CRT,time_and_value_scaling_t0,wide,DEoptim,4728,1.52125878562914e-310
91,DFT_CRT,time_and_value_scaling_t0,wide,DEoptim,4729,1.379806543124848e-309
91,DFT_CRT,time_and_value_scaling_t0,wide,DEoptim,4730,1.38579057124778e-309
91,DFT_CRT,time_and_value_scaling_t0,wide,DEoptim,4731,1.37980654311979e-309
91,DFT_CRT,time_and_value_scaling_t0,wide,DEoptim,4732,2.0527694427391904e-289
91,DFT_CRT,time_and_value_scaling_t0,wide,DEoptim,4733,6834434045852018e213
91,DFT_CRT,time_and_value_scaling_t0,wide,DEoptim,4734,6.21519667169275e-310
91,DFT_CRT,time_and_value_scaling_t0,wide,DEoptim,4735,1.37980654311979e-309
91,DFT_CRT,time_and_value_scaling_t0,wide,DEoptim,4736,1.385408612005407e-309
91,DFT_CRT,time_and_value_scaling_t0,wide,DEoptim,4737,1.37980654311726e-309
91,DFT_CRT,time_and_value_scaling_t0,wide,DEoptim,4738,1.37980654311979e-309
91,DFT_CRT,time_and_value_scaling_t0,wide,DEoptim,4739,1.57558187787785e-310
91,DFT_CRT,time_and_value_scaling_t0,wide,DEoptim,4740,1.379806543124848e-309
91,DFT_CRT,time_and_value_scaling_t0,wide,DEoptim,4741,1.38591789099524e-309
91,DFT_CRT,time_and_value_scaling_t0,wide,DEoptim,4742,1.37980654311979e-309
91,DFT_CRT,time_and_value_scaling_t0,wide,DEoptim,4743,1.62990497012656e-310
91,DFT_CRT,time_and_value_scaling_t0,wide,DEoptim,4744,1.379806543124848e-309
91,DFT_CRT,time_and_value_scaling_t0,wide,DEoptim,4745,1.386023990784787e-309
91,DFT_CRT,time_and_value_scaling_t0,wide,DEoptim,4746,1.37980654311979e-309
91,DFT_CRT,time_and_value_scaling_t0,wide,DEoptim,4747,1.389143324597506e-309
91,DFT_CRT,time_and_value_scaling_t0,wide,DEoptim,4748,1.37980654311726e-309
91,DFT_CRT,time_and_value_scaling_t0,wide,DEoptim,4749,1.37980654311979e-309
91,DFT_CRT,time_and_value_scaling_t0,wide,DEoptim,4750,1.68422806237527e-310
91,DFT_CRT,time_and_value_scaling_t0,wide,DEoptim,4751,1.379806543124848e-309
91,DFT_CRT,time_and_value_scaling_t0,wide,DEoptim,4752,1.38579057124778e-309
91,DFT_CRT,time_and_value_scaling_t0,wide,DEoptim,4753,1.37980654311979e-309
91,DFT_CRT,time_and_value_scaling_t0,wide,DEoptim,4754,1.389143324597506e-309
91,DFT_CRT,time_and_value_scaling_t0,wide,DEoptim,4755,1.37980654311979e-309
91,DFT_CRT,time_and_value_scaling_t0,wide,DEoptim,4756,1.738551154624e-310
91,DFT_CRT,time_and_value_scaling_t0,wide,DEoptim,4757,1.379806543124848e-309
91,DFT_CRT,time_and_value_scaling_t0,wide,DEoptim,4758,1.38581179120569e-309
91,DFT_CRT,time_and_value_scaling_t0,wide,DEoptim,4759,1.37980654311979e-309
91,DFT_CRT,time_and_value_scaling_t0,wide,DEoptim,4760,1.38757304771219e-309
91,DFT_CRT,time_and_value_scaling_t0,wide,DEoptim,4761,1.37980654311979e-309
91,DFT_CRT,time_and_value_scaling_t0,wide,DEoptim,4762,1.385408612005407e-309
91,DFT_CRT,time_and_value_scaling_t0,wide,DEoptim,4763,1.37980654311726e-309
91,DFT_CRT,time_and_value_scaling_t0,wide,DEoptim,4764,1.37980654311726e-309
91,DFT_CRT,time_and_value_scaling_t0,wide,DEoptim,4765,1.37980654311726e-309
91,DFT_CRT,time_and_value_scaling_t0,wide,DEoptim,4766,1.37980654311979e-309
91,DFT_CRT,time_and_value_scaling_t0,wide,DEoptim,4767,1.7928742468727e-310
91,DFT_CRT,time_and_value_scaling_t0,wide,DEoptim,4768,1.379806543124848e-309
91,DFT_CRT,time_and_value_scaling_t0,wide,DEoptim,4769,1.38591789099524e-309
91,DFT_CRT,time_and_value_scaling_t0,wide,DEoptim,4770,1.37980654311979e-309
91,DFT_CRT,time_and_value_scaling_t0,wide,DEoptim,4771,1.8471973391214e-310
91,DFT_CRT,time_and_value_scaling_t0,wide,DEoptim,4772,1.379806543124848e-309
91,DFT_CRT,time_and_value_scaling_t0,wide,DEoptim,4773,1.38644838994298e-309
91,DFT_CRT,time_and_value_scaling_t0,wide,DEoptim,4774,1.37980654311979e-309
91,DFT_CRT,time_and_value_scaling_t0,wide,DEoptim,4775,1.379806543124848e-309
91,DFT_CRT,time_and_value_scaling_t0,wide,DEoptim,4776,1.386023990784787e-309
91,DFT_CRT,time_and_value_scaling_t0,wide,DEoptim,4777,1.37980654311979e-309
91,DFT_CRT,time_and_value_scaling_t0,wide,DEoptim,4778,1.389143324597506e-309
91,DFT_CRT,time_and_value_scaling_t0,wide,DEoptim,4779,1.37980654311726e-309
91,DFT_CRT,time_and_value_scaling_t0,wide,DEoptim,4780,1.37980654311726e-309
91,DFT_CRT,time_and_value_scaling_t0,wide,DEoptim,4781,1.37980654311979e-309
91,DFT_CRT,time_and_value_scaling_t0,wide,DEoptim,4782,1.9015204313701e-310
91,DFT_CRT,time_and_value_scaling_t0,wide,DEoptim,4783,1.379806543124848e-309
91,DFT_CRT,time_and_value_scaling_t0,wide,DEoptim,4784,1.379806543124848e-309
91,DFT_CRT,time_and_value_scaling_t0,wide,DEoptim,4785,1.38581179120569e-309
91,DFT_CRT,time_and_value_scaling_t0,wide,DEoptim,4786,1.37980654311979e-309
91,DFT_CRT,time_and_value_scaling_t0,wide,DEoptim,4787,1.379806543124848e-309
91,DFT_CRT,time_and_value_scaling_t0,wide,DEoptim,4788,1.386681809479986e-309
91,DFT_CRT,time_and_value_scaling_t0,wide,DEoptim,4789,1.37980654311979e-309
91,DFT_CRT,time_and_value_scaling_t0,wide,DEoptim,4790,1.387254748343547e-309
91,DFT_CRT,time_and_value_scaling_t0,wide,DEoptim,4791,1.37980654311979e-309
91,DFT_CRT,time_and_value_scaling_t0,wide,DEoptim,4792,1.388655265565584e-309
91,DFT_CRT,time_and_value_scaling_t0,wide,DEoptim,4793,1.37980654311726e-309
91,DFT_CRT,time_and_value_scaling_t0,wide,DEoptim,4794,1.37980654311979e-309
91,DFT_CRT,time_and_value_scaling_t0,wide,DEoptim,4795,1.3889099050605e-309
91,DFT_CRT,time_and_value_scaling_t0,wide,DEoptim,4796,1.37980654311726e-309
91,DFT_CRT,time_and_value_scaling_t0,wide,DEoptim,4797,2.0527694427394237e-289
91,DFT_CRT,time_and_value_scaling_t0,wide,DEoptim,4798,6834434045852018e213
91,DFT_CRT,time_and_value_scaling_t0,wide,DEoptim,4799,6.21519651303523e-310
91,DFT_CRT,time_and_value_scaling_t0,wide,DEoptim,4800,1.389143324597506e-309
91,DFT_CRT,time_and_value_scaling_t0,wide,DEoptim,4801,1.37980654311726e-309
91,DFT_CRT,time_and_value_scaling_t0,wide,DEoptim,4802,1.37980654311726e-309
91,DFT_CRT,time_and_value_scaling_t0,wide,DEoptim,4803,1.37980654311979e-309
91,DFT_CRT,time_and_value_scaling_t0,wide,DEoptim,4804,1.9558435236188e-310
91,DFT_CRT,time_and_value_scaling_t0,wide,DEoptim,4805,1.379806543124848e-309
91,DFT_CRT,time_and_value_scaling_t0,wide,DEoptim,4806,1.38579057124778e-309
91,DFT_CRT,time_and_value_scaling_t0,wide,DEoptim,4807,1.37980654311979e-309
91,DFT_CRT,time_and_value_scaling_t0,wide,DEoptim,4808,2.0527694427391904e-289
91,DFT_CRT,time_and_value_scaling_t0,wide,DEoptim,4809,12691637914055225e145
91,DFT_CRT,time_and_value_scaling_t0,wide,DEoptim,4810,38720419614782304e212
91,DFT_CRT,time_and_value_scaling_t0,wide,DEoptim,4811,4.778311710693868e-299
91,DFT_CRT,time_and_value_scaling_t0,wide,DEoptim,4812,-5727786203457123e235
91,DFT_CRT,time_and_value_scaling_t0,wide,DEoptim,4813,8.814426878473648e-280
91,DFT_CRT,time_and_value_scaling_t0,wide,DEoptim,4814,2.105417699e-314
91,DFT_CRT,time_and_value_scaling_t0,wide,DEoptim,4815,2.4834631584438887e-265
91,DFT_CRT,time_and_value_scaling_t0,wide,DEoptim,4816,19764276824220497e150
91,DFT_CRT,time_and_value_scaling_t0,wide,DEoptim,4817,-8371161056012723e283
91,DFT_CRT,time_and_value_scaling_t0,wide,DEoptim,4818,1.2882297539194267e-231
91,DFT_CRT,time_and_value_scaling_t0,wide,DEoptim,4819,2.4834631584438887e-265
91,DFT_CRT,time_and_value_scaling_t0,wide,DEoptim,4820,6472800563099375e125
91,DFT_CRT,time_and_value_scaling_t0,wide,DEoptim,4821,1.086461850309e-311
91,DFT_CRT,time_and_value_scaling_t0,wide,DEoptim,4822,3.2126e-319
91,DFT_CRT,time_and_value_scaling_t0,wide,DEoptim,4823,2.052769442741057e-289
91,DFT_CRT,time_and_value_scaling_t0,wide,DEoptim,4824,1.1383e-320
91,DFT_CRT,time_and_value_scaling_t0,wide,DEoptim,4825,1.37980654311979e-309
91,DFT_CRT,time_and_value_scaling_t0,wide,DEoptim,4826,1.388039886786204e-309
91,DFT_CRT,time_and_value_scaling_t0,wide,DEoptim,4827,1.37980654311726e-309
91,DFT_CRT,time_and_value_scaling_t0,wide,DEoptim,4828,1.37980654311726e-309
91,DFT_CRT,time_and_value_scaling_t0,wide,DEoptim,4829,1.37980654311979e-309
91,DFT_CRT,time_and_value_scaling_t0,wide,DEoptim,4830,2.06448970811625e-310
91,DFT_CRT,time_and_value_scaling_t0,wide,DEoptim,4831,1.379806543124848e-309
91,DFT_CRT,time_and_value_scaling_t0,wide,DEoptim,4832,1.38591789099524e-309
91,DFT_CRT,time_and_value_scaling_t0,wide,DEoptim,4833,1.37980654311979e-309
91,DFT_CRT,time_and_value_scaling_t0,wide,DEoptim,4834,2.11881280036496e-310
91,DFT_CRT,time_and_value_scaling_t0,wide,DEoptim,4835,1.379806543124848e-309
91,DFT_CRT,time_and_value_scaling_t0,wide,DEoptim,4836,1.38593911095315e-309
91,DFT_CRT,time_and_value_scaling_t0,wide,DEoptim,4837,1.37980654311979e-309
91,DFT_CRT,time_and_value_scaling_t0,wide,DEoptim,4838,1.389185764513325e-309
91,DFT_CRT,time_and_value_scaling_t0,wide,DEoptim,4839,1.37980654311979e-309
91,DFT_CRT,time_and_value_scaling_t0,wide,DEoptim,4840,8.691694759794e-311
91,DFT_CRT,time_and_value_scaling_t0,wide,DEoptim,4841,4.8891114586947e-311
91,DFT_CRT,time_and_value_scaling_t0,wide,DEoptim,4842,1.13609741008049e-307
91,DFT_CRT,time_and_value_scaling_t0,wide,DEoptim,4843,6.835426893334123e-304
91,DFT_CRT,time_and_value_scaling_t0,wide,DEoptim,4844,6.8354268934402224e-304
91,DFT_CRT,time_and_value_scaling_t0,wide,DEoptim,4845,6.676308053167572e-308
91,DFT_CRT,time_and_value_scaling_t0,wide,DEoptim,4846,6.835426893652422e-304
91,DFT_CRT,time_and_value_scaling_t0,wide,DEoptim,4847,7.086415224573735e-304
91,DFT_CRT,time_and_value_scaling_t0,wide,DEoptim,4848,6.8354268934402224e-304
91,DFT_CRT,time_and_value_scaling_t0,wide,DEoptim,4849,7.228819951518196e-304
91,DFT_CRT,time_and_value_scaling_t0,wide,DEoptim,4850,6.8354268934402224e-304
91,DFT_CRT,time_and_value_scaling_t0,wide,DEoptim,4851,2.2250738585072014e-308
91,DFT_CRT,time_and_value_scaling_t0,wide,DEoptim,4852,1.2516125334258437e-308
91,DFT_CRT,time_and_value_scaling_t0,wide,DEoptim,4853,1.2650682997250418e-306
91,DFT_CRT,time_and_value_scaling_t0,wide,DEoptim,4854,6.835426893334123e-304
91,DFT_CRT,time_and_value_scaling_t0,wide,DEoptim,4855,6.835426893334123e-304
91,DFT_CRT,time_and_value_scaling_t0,wide,DEoptim,4856,6.8354268934402224e-304
91,DFT_CRT,time_and_value_scaling_t0,wide,DEoptim,4857,6.954442285480973e-308
91,DFT_CRT,time_and_value_scaling_t0,wide,DEoptim,4858,6.835426893652422e-304
91,DFT_CRT,time_and_value_scaling_t0,wide,DEoptim,4859,6.835426893652422e-304
91,DFT_CRT,time_and_value_scaling_t0,wide,DEoptim,4860,7.087305254117138e-304
91,DFT_CRT,time_and_value_scaling_t0,wide,DEoptim,4861,6.8354268934402224e-304
91,DFT_CRT,time_and_value_scaling_t0,wide,DEoptim,4862,6.835426893652422e-304
91,DFT_CRT,time_and_value_scaling_t0,wide,DEoptim,4863,7.123796465396656e-304
91,DFT_CRT,time_and_value_scaling_t0,wide,DEoptim,4864,6.8354268934402224e-304
91,DFT_CRT,time_and_value_scaling_t0,wide,DEoptim,4865,7.147827263068534e-304
91,DFT_CRT,time_and_value_scaling_t0,wide,DEoptim,4866,6.8354268934402224e-304
91,DFT_CRT,time_and_value_scaling_t0,wide,DEoptim,4867,7.20834927201993e-304
91,DFT_CRT,time_and_value_scaling_t0,wide,DEoptim,4868,6.835426893334123e-304
91,DFT_CRT,time_and_value_scaling_t0,wide,DEoptim,4869,6.8354268934402224e-304
91,DFT_CRT,time_and_value_scaling_t0,wide,DEoptim,4870,7.2172495674539584e-304
91,DFT_CRT,time_and_value_scaling_t0,wide,DEoptim,4871,6.835426893334123e-304
91,DFT_CRT,time_and_value_scaling_t0,wide,DEoptim,4872,1.390671162214583e-309
91,DFT_CRT,time_and_value_scaling_t0,wide,DEoptim,4873,3186827957178851e168
91,DFT_CRT,time_and_value_scaling_t0,wide,DEoptim,4874,1.088266348235746e-306
91,DFT_CRT,time_and_value_scaling_t0,wide,DEoptim,4875,7.232576517794373e-308
91,DFT_CRT,time_and_value_scaling_t0,wide,DEoptim,4876,6.835426893652422e-304
91,DFT_CRT,time_and_value_scaling_t0,wide,DEoptim,4877,1.390671161567e-309
91,DFT_CRT,time_and_value_scaling_t0,wide,DEoptim,4878,426942475423361e217
91,DFT_CRT,time_and_value_scaling_t0,wide,DEoptim,4879,1.026967621854e-312
91,DFT_CRT,time_and_value_scaling_t0,wide,DEoptim,4880,5.38986930906e-312
91,DFT_CRT,time_and_value_scaling_t0,wide,DEoptim,4881,9.1254108178e-313
91,DFT_CRT,time_and_value_scaling_t0,wide,DEoptim,4882,5.38986930908e-312
91,DFT_CRT,time_and_value_scaling_t0,wide,DEoptim,4883,5.42252815052e-312
91,DFT_CRT,time_and_value_scaling_t0,wide,DEoptim,4884,5.38986930906e-312
91,DFT_CRT,time_and_value_scaling_t0,wide,DEoptim,4885,5.42227947914e-312
91,DFT_CRT,time_and_value_scaling_t0,wide,DEoptim,4886,5.562705866225923e-309
91,DFT_CRT,time_and_value_scaling_t0,wide,DEoptim,4887,5248207959006996e155
91,DFT_CRT,time_and_value_scaling_t0,wide,DEoptim,4888,5.67408530036276e-310
91,DFT_CRT,time_and_value_scaling_t0,wide,DEoptim,4889,5.432309224871e-311
91,DFT_CRT,time_and_value_scaling_t0,wide,DEoptim,4890,1.265e-321
91,DFT_CRT,time_and_value_scaling_t0,wide,DEoptim,4891,1.37980654311726e-309
91,DFT_CRT,time_and_value_scaling_t0,wide,DEoptim,4892,1.37980654311979e-309
91,DFT_CRT,time_and_value_scaling_t0,wide,DEoptim,4893,8.691694759794e-311
91,DFT_CRT,time_and_value_scaling_t0,wide,DEoptim,4894,4.8891114586947e-311
91,DFT_CRT,time_and_value_scaling_t0,wide,DEoptim,4895,22835497751443748e227
91,DFT_CRT,time_and_value_scaling_t0,wide,DEoptim,4896,1.086461850716e-311
91,DFT_CRT,time_and_value_scaling_t0,wide,DEoptim,4897,3.2126e-319
91,DFT_CRT,time_and_value_scaling_t0,wide,DEoptim,4898,1.0864618773187e-311
91,DFT_CRT,time_and_value_scaling_t0,wide,DEoptim,4899,3.2126e-319
91,DFT_CRT,time_and_value_scaling_t0,wide,DEoptim,4900,2.052769442741057e-289
91,DFT_CRT,time_and_value_scaling_t0,wide,DEoptim,4901,8.623247663562656e-308
91,DFT_CRT,time_and_value_scaling_t0,wide,DEoptim,4902,6.835426893334123e-304
91,DFT_CRT,time_and_value_scaling_t0,wide,DEoptim,4903,6.835426893334123e-304
91,DFT_CRT,time_and_value_scaling_t0,wide,DEoptim,4904,6.8354268934402224e-304
91,DFT_CRT,time_and_value_scaling_t0,wide,DEoptim,4905,7.788844982421173e-308
91,DFT_CRT,time_and_value_scaling_t0,wide,DEoptim,4906,6.835426893652422e-304
91,DFT_CRT,time_and_value_scaling_t0,wide,DEoptim,4907,7.086415224573735e-304
91,DFT_CRT,time_and_value_scaling_t0,wide,DEoptim,4908,6.8354268934402224e-304
91,DFT_CRT,time_and_value_scaling_t0,wide,DEoptim,4909,7.1869885629782605e-304
91,DFT_CRT,time_and_value_scaling_t0,wide,DEoptim,4910,6.8354268934402224e-304
91,DFT_CRT,time_and_value_scaling_t0,wide,DEoptim,4911,8.066979214734573e-308
91,DFT_CRT,time_and_value_scaling_t0,wide,DEoptim,4912,6.835426893652422e-304
91,DFT_CRT,time_and_value_scaling_t0,wide,DEoptim,4913,1.390671161567e-309
91,DFT_CRT,time_and_value_scaling_t0,wide,DEoptim,4914,49763248583685956e191
91,DFT_CRT,time_and_value_scaling_t0,wide,DEoptim,4915,5249785574297068e155
91,DFT_CRT,time_and_value_scaling_t0,wide,DEoptim,4916,6.2151966715027e-310
91,DFT_CRT,time_and_value_scaling_t0,wide,DEoptim,4917,1.37980654311979e-309
91,DFT_CRT,time_and_value_scaling_t0,wide,DEoptim,4918,1.38528129225795e-309
91,DFT_CRT,time_and_value_scaling_t0,wide,DEoptim,4919,1.37980654311979e-309
91,DFT_CRT,time_and_value_scaling_t0,wide,DEoptim,4920,1.389185764513325e-309
91,DFT_CRT,time_and_value_scaling_t0,wide,DEoptim,4921,1.37980654311726e-309
91,DFT_CRT,time_and_value_scaling_t0,wide,DEoptim,4922,1.37980654311726e-309
91,DFT_CRT,time_and_value_scaling_t0,wide,DEoptim,4923,1.37980654311979e-309
91,DFT_CRT,time_and_value_scaling_t0,wide,DEoptim,4924,2.49907444610593e-310
91,DFT_CRT,time_and_value_scaling_t0,wide,DEoptim,4925,1.379806543124848e-309
91,DFT_CRT,time_and_value_scaling_t0,wide,DEoptim,4926,1.379806543124848e-309
91,DFT_CRT,time_and_value_scaling_t0,wide,DEoptim,4927,1.38581179120569e-309
91,DFT_CRT,time_and_value_scaling_t0,wide,DEoptim,4928,1.37980654311979e-309
91,DFT_CRT,time_and_value_scaling_t0,wide,DEoptim,4929,1.379806543124848e-309
91,DFT_CRT,time_and_value_scaling_t0,wide,DEoptim,4930,1.386681809479986e-309
91,DFT_CRT,time_and_value_scaling_t0,wide,DEoptim,4931,1.37980654311979e-309
91,DFT_CRT,time_and_value_scaling_t0,wide,DEoptim,4932,1.387254748343547e-309
91,DFT_CRT,time_and_value_scaling_t0,wide,DEoptim,4933,1.37980654311979e-309
91,DFT_CRT,time_and_value_scaling_t0,wide,DEoptim,4934,1.388697705481403e-309
91,DFT_CRT,time_and_value_scaling_t0,wide,DEoptim,4935,1.37980654311726e-309
91,DFT_CRT,time_and_value_scaling_t0,wide,DEoptim,4936,1.37980654311979e-309
91,DFT_CRT,time_and_value_scaling_t0,wide,DEoptim,4937,1.3889099050605e-309
91,DFT_CRT,time_and_value_scaling_t0,wide,DEoptim,4938,1.37980654311726e-309
91,DFT_CRT,time_and_value_scaling_t0,wide,DEoptim,4939,2.0527694427394237e-289
91,DFT_CRT,time_and_value_scaling_t0,wide,DEoptim,4940,1338360951819639e146
91,DFT_CRT,time_and_value_scaling_t0,wide,DEoptim,4941,14877657499924357e179
91,DFT_CRT,time_and_value_scaling_t0,wide,DEoptim,4942,-23700055977188735e290
91,DFT_CRT,time_and_value_scaling_t0,wide,DEoptim,4943,-8371160993642713e283
91,DFT_CRT,time_and_value_scaling_t0,wide,DEoptim,4944,-8371161056012723e283
91,DFT_CRT,time_and_value_scaling_t0,wide,DEoptim,4945,2.800273724308219e-82
91,DFT_CRT,time_and_value_scaling_t0,wide,DEoptim,4946,-8371161180752742e283
91,DFT_CRT,time_and_value_scaling_t0,wide,DEoptim,4947,-17829903223579488e288
91,DFT_CRT,time_and_value_scaling_t0,wide,DEoptim,4948,-8371161056012723e283
91,DFT_CRT,time_and_value_scaling_t0,wide,DEoptim,4949,-23700055977188735e290
91,DFT_CRT,time_and_value_scaling_t0,wide,DEoptim,4950,-8371161056012723e283
91,DFT_CRT,time_and_value_scaling_t0,wide,DEoptim,4951,1.8351873879626343e-77
91,DFT_CRT,time_and_value_scaling_t0,wide,DEoptim,4952,-8371161180752742e283
91,DFT_CRT,time_and_value_scaling_t0,wide,DEoptim,4953,-18960044781750988e291
91,DFT_CRT,time_and_value_scaling_t0,wide,DEoptim,4954,-8371161056012723e283
91,DFT_CRT,time_and_value_scaling_t0,wide,DEoptim,4955,1.2882297539194267e-231
91,DFT_CRT,time_and_value_scaling_t0,wide,DEoptim,4956,2.4834631584438887e-265
91,DFT_CRT,time_and_value_scaling_t0,wide,DEoptim,4957,1.96560635898034e-310
91,DFT_CRT,time_and_value_scaling_t0,wide,DEoptim,4958,1.37980654311979e-309
91,DFT_CRT,time_and_value_scaling_t0,wide,DEoptim,4959,8.691694759794e-311
91,DFT_CRT,time_and_value_scaling_t0,wide,DEoptim,4960,4.8891114586947e-311
91,DFT_CRT,time_and_value_scaling_t0,wide,DEoptim,4961,1.086461844974e-311
91,DFT_CRT,time_and_value_scaling_t0,wide,DEoptim,4962,3.2126e-319
91,DFT_CRT,time_and_value_scaling_t0,wide,DEoptim,4963,3.23213e-319
91,DFT_CRT,time_and_value_scaling_t0,wide,DEoptim,4964,3.2126e-319
91,DFT_CRT,time_and_value_scaling_t0,wide,DEoptim,4965,1.0864618771003e-311
91,DFT_CRT,time_and_value_scaling_t0,wide,DEoptim,4966,1.32548345118981e-309
91,DFT_CRT,time_and_value_scaling_t0,wide,DEoptim,4967,3.2593855411207e-311
91,DFT_CRT,time_and_value_scaling_t0,wide,DEoptim,4968,3.2126e-319
91,DFT_CRT,time_and_value_scaling_t0,wide,DEoptim,4969,1.0864618772426e-311
91,DFT_CRT,time_and_value_scaling_t0,wide,DEoptim,4970,1.32548345118981e-309
91,DFT_CRT,time_and_value_scaling_t0,wide,DEoptim,4971,3.259385541247e-311
91,DFT_CRT,time_and_value_scaling_t0,wide,DEoptim,4972,3.2126e-319
91,DFT_CRT,time_and_value_scaling_t0,wide,DEoptim,4973,1.086461877255e-311
91,DFT_CRT,time_and_value_scaling_t0,wide,DEoptim,4974,1.32548345118981e-309
91,DFT_CRT,time_and_value_scaling_t0,wide,DEoptim,4975,3.2593855413737e-311
91,DFT_CRT,time_and_value_scaling_t0,wide,DEoptim,4976,3.2126e-319
91,DFT_CRT,time_and_value_scaling_t0,wide,DEoptim,4977,1.086461877245e-311
91,DFT_CRT,time_and_value_scaling_t0,wide,DEoptim,4978,1.32548345118981e-309
91,DFT_CRT,time_and_value_scaling_t0,wide,DEoptim,4979,3.2593855415e-311
91,DFT_CRT,time_and_value_scaling_t0,wide,DEoptim,4980,3.2126e-319
91,DFT_CRT,time_and_value_scaling_t0,wide,DEoptim,4981,1.08646187724e-311
91,DFT_CRT,time_and_value_scaling_t0,wide,DEoptim,4982,3.2126e-319
91,DFT_CRT,time_and_value_scaling_t0,wide,DEoptim,4983,1.0864618772283e-311
91,DFT_CRT,time_and_value_scaling_t0,wide,DEoptim,4984,3.2126e-319
91,DFT_CRT,time_and_value_scaling_t0,wide,DEoptim,4985,3.22995e-319
91,DFT_CRT,time_and_value_scaling_t0,wide,DEoptim,4986,3.2126e-319
91,DFT_CRT,time_and_value_scaling_t0,wide,DEoptim,4987,3.2126e-319
91,DFT_CRT,time_and_value_scaling_t0,wide,DEoptim,4988,1.0864618771003e-311
91,DFT_CRT,time_and_value_scaling_t0,wide,DEoptim,4989,3.259385567049e-311
91,DFT_CRT,time_and_value_scaling_t0,wide,DEoptim,4990,3.2126e-319
91,DFT_CRT,time_and_value_scaling_t0,wide,DEoptim,4991,1.0864618772367e-311
91,DFT_CRT,time_and_value_scaling_t0,wide,DEoptim,4992,1.32548345118981e-309
91,DFT_CRT,time_and_value_scaling_t0,wide,DEoptim,4993,3.2593855416266e-311
91,DFT_CRT,time_and_value_scaling_t0,wide,DEoptim,4994,3.259385567049e-311
91,DFT_CRT,time_and_value_scaling_t0,wide,DEoptim,4995,3.2126e-319
91,DFT_CRT,time_and_value_scaling_t0,wide,DEoptim,4996,1.08646187724e-311
91,DFT_CRT,time_and_value_scaling_t0,wide,DEoptim,4997,3.259385567049e-311
91,DFT_CRT,time_and_value_scaling_t0,wide,DEoptim,4998,3.2126e-319
91,DFT_CRT,time_and_value_scaling_t0,wide,DEoptim,4999,1.0864618772604e-311
91,DFT_CRT,time_and_value_scaling_t0,wide,DEoptim,5000,3.2126e-319
91,DFT_CRT,time_and_value_scaling_t0,wide,DEoptim,5001,1.086461877274e-311
91,DFT_CRT,time_and_value_scaling_t0,wide,DEoptim,5002,3.2126e-319
91,DFT_CRT,time_and_value_scaling_t0,wide,DEoptim,5003,3.2332e-319
91,DFT_CRT,time_and_value_scaling_t0,wide,DEoptim,5004,1.0864618771003e-311
91,DFT_CRT,time_and_value_scaling_t0,wide,DEoptim,5005,3.2126e-319
91,DFT_CRT,time_and_value_scaling_t0,wide,DEoptim,5006,3.2338e-319
91,DFT_CRT,time_and_value_scaling_t0,wide,DEoptim,5007,1.0864618771003e-311
91,DFT_CRT,time_and_value_scaling_t0,wide,DEoptim,5008,1.32548345118981e-309
91,DFT_CRT,time_and_value_scaling_t0,wide,DEoptim,5009,3.259385541753e-311
91,DFT_CRT,time_and_value_scaling_t0,wide,DEoptim,5010,3.2126e-319
91,DFT_CRT,time_and_value_scaling_t0,wide,DEoptim,5011,1.086461877284e-311
91,DFT_CRT,time_and_value_scaling_t0,wide,DEoptim,5012,1.32548345118981e-309
91,DFT_CRT,time_and_value_scaling_t0,wide,DEoptim,5013,3.2593855418796e-311
91,DFT_CRT,time_and_value_scaling_t0,wide,DEoptim,5014,3.2126e-319
91,DFT_CRT,time_and_value_scaling_t0,wide,DEoptim,5015,1.08646187724e-311
91,DFT_CRT,time_and_value_scaling_t0,wide,DEoptim,5016,1.32548345118981e-309
91,DFT_CRT,time_and_value_scaling_t0,wide,DEoptim,5017,3.259385542006e-311
91,DFT_CRT,time_and_value_scaling_t0,wide,DEoptim,5018,3.2126e-319
91,DFT_CRT,time_and_value_scaling_t0,wide,DEoptim,5019,1.08646187724e-311
91,DFT_CRT,time_and_value_scaling_t0,wide,DEoptim,5020,3.2126e-319
91,DFT_CRT,time_and_value_scaling_t0,wide,DEoptim,5021,1.0864618772283e-311
91,DFT_CRT,time_and_value_scaling_t0,wide,DEoptim,5022,3.2126e-319
91,DFT_CRT,time_and_value_scaling_t0,wide,DEoptim,5023,3.22995e-319
91,DFT_CRT,time_and_value_scaling_t0,wide,DEoptim,5024,1.0864618771003e-311
91,DFT_CRT,time_and_value_scaling_t0,wide,DEoptim,5025,3.2126e-319
91,DFT_CRT,time_and_value_scaling_t0,wide,DEoptim,5026,3.2332e-319
91,DFT_CRT,time_and_value_scaling_t0,wide,DEoptim,5027,3.2126e-319
91,DFT_CRT,time_and_value_scaling_t0,wide,DEoptim,5028,3.2126e-319
91,DFT_CRT,time_and_value_scaling_t0,wide,DEoptim,5029,1.0864618771003e-311
91,DFT_CRT,time_and_value_scaling_t0,wide,DEoptim,5030,1.32548345118981e-309
91,DFT_CRT,time_and_value_scaling_t0,wide,DEoptim,5031,3.2593855421326e-311
91,DFT_CRT,time_and_value_scaling_t0,wide,DEoptim,5032,3.259385567049e-311
91,DFT_CRT,time_and_value_scaling_t0,wide,DEoptim,5033,3.2126e-319
91,DFT_CRT,time_and_value_scaling_t0,wide,DEoptim,5034,1.08646187724e-311
91,DFT_CRT,time_and_value_scaling_t0,wide,DEoptim,5035,3.259385567049e-311
91,DFT_CRT,time_and_value_scaling_t0,wide,DEoptim,5036,3.2126e-319
91,DFT_CRT,time_and_value_scaling_t0,wide,DEoptim,5037,1.0864618772604e-311
91,DFT_CRT,time_and_value_scaling_t0,wide,DEoptim,5038,3.2126e-319
91,DFT_CRT,time_and_value_scaling_t0,wide,DEoptim,5039,1.086461877274e-311
91,DFT_CRT,time_and_value_scaling_t0,wide,DEoptim,5040,3.2126e-319
91,DFT_CRT,time_and_value_scaling_t0,wide,DEoptim,5041,3.2333e-319
91,DFT_CRT,time_and_value_scaling_t0,wide,DEoptim,5042,1.0864618771003e-311
91,DFT_CRT,time_and_value_scaling_t0,wide,DEoptim,5043,3.2126e-319
91,DFT_CRT,time_and_value_scaling_t0,wide,DEoptim,5044,3.2338e-319
91,DFT_CRT,time_and_value_scaling_t0,wide,DEoptim,5045,1.0864618771003e-311
91,DFT_CRT,time_and_value_scaling_t0,wide,DEoptim,5046,1.32548345118981e-309
91,DFT_CRT,time_and_value_scaling_t0,wide,DEoptim,5047,3.259385542259e-311
91,DFT_CRT,time_and_value_scaling_t0,wide,DEoptim,5048,3.2126e-319
91,DFT_CRT,time_and_value_scaling_t0,wide,DEoptim,5049,4.8891114586947e-311
91,DFT_CRT,time_and_value_scaling_t0,wide,DEoptim,5050,8916392661201483e237
91,DFT_CRT,time_and_value_scaling_t0,wide,DEoptim,5051,4.778311834256355e-299
91,DFT_CRT,time_and_value_scaling_t0,wide,DEoptim,5052,-5727786203457123e235
91,DFT_CRT,time_and_value_scaling_t0,wide,DEoptim,5053,8.814427600872125e-280
91,DFT_CRT,time_and_value_scaling_t0,wide,DEoptim,5054,2.105417699e-314
91,DFT_CRT,time_and_value_scaling_t0,wide,DEoptim,5055,4.778314273953045e-299
91,DFT_CRT,time_and_value_scaling_t0,wide,DEoptim,5056,-5727786203457123e235
91,DFT_CRT,time_and_value_scaling_t0,wide,DEoptim,5057,8.81442763370842e-280
91,DFT_CRT,time_and_value_scaling_t0,wide,DEoptim,5058,2.105417699e-314
91,DFT_CRT,time_and_value_scaling_t0,wide,DEoptim,5059,4.778314267764558e-299
91,DFT_CRT,time_and_value_scaling_t0,wide,DEoptim,5060,-5727786203457123e235
91,DFT_CRT,time_and_value_scaling_t0,wide,DEoptim,5061,8.814427666544714e-280
91,DFT_CRT,time_and_value_scaling_t0,wide,DEoptim,5062,2.105417699e-314
91,DFT_CRT,time_and_value_scaling_t0,wide,DEoptim,5063,4.778314267764558e-299
91,DFT_CRT,time_and_value_scaling_t0,wide,DEoptim,5064,2.105417699e-314
91,DFT_CRT,time_and_value_scaling_t0,wide,DEoptim,5065,4.778314266095753e-299
91,DFT_CRT,time_and_value_scaling_t0,wide,DEoptim,5066,2.105417699e-314
91,DFT_CRT,time_and_value_scaling_t0,wide,DEoptim,5067,2.116782758e-314
91,DFT_CRT,time_and_value_scaling_t0,wide,DEoptim,5068,4.778314248086561e-299
91,DFT_CRT,time_and_value_scaling_t0,wide,DEoptim,5069,2.105417699e-314
91,DFT_CRT,time_and_value_scaling_t0,wide,DEoptim,5070,2.118984536e-314
91,DFT_CRT,time_and_value_scaling_t0,wide,DEoptim,5071,2.105417699e-314
91,DFT_CRT,time_and_value_scaling_t0,wide,DEoptim,5072,2.105417699e-314
91,DFT_CRT,time_and_value_scaling_t0,wide,DEoptim,5073,2.105417699e-314
91,DFT_CRT,time_and_value_scaling_t0,wide,DEoptim,5074,4.778314248086561e-299
91,DFT_CRT,time_and_value_scaling_t0,wide,DEoptim,5075,-5727786203457123e235
91,DFT_CRT,time_and_value_scaling_t0,wide,DEoptim,5076,8.814427699381008e-280
91,DFT_CRT,time_and_value_scaling_t0,wide,DEoptim,5077,-5727786203457123e235
91,DFT_CRT,time_and_value_scaling_t0,wide,DEoptim,5078,8.814427732217303e-280
91,DFT_CRT,time_and_value_scaling_t0,wide,DEoptim,5079,2.105417699e-314
91,DFT_CRT,time_and_value_scaling_t0,wide,DEoptim,5080,4.778314267764558e-299
91,DFT_CRT,time_and_value_scaling_t0,wide,DEoptim,5081,8.814434003821268e-280
91,DFT_CRT,time_and_value_scaling_t0,wide,DEoptim,5082,2.105417699e-314
91,DFT_CRT,time_and_value_scaling_t0,wide,DEoptim,5083,4.778314270615434e-299
91,DFT_CRT,time_and_value_scaling_t0,wide,DEoptim,5084,2.105417699e-314
91,DFT_CRT,time_and_value_scaling_t0,wide,DEoptim,5085,4.77831427249284e-299
91,DFT_CRT,time_and_value_scaling_t0,wide,DEoptim,5086,2.105417699e-314
91,DFT_CRT,time_and_value_scaling_t0,wide,DEoptim,5087,2.1191788105e-314
91,DFT_CRT,time_and_value_scaling_t0,wide,DEoptim,5088,4.778314248086561e-299
91,DFT_CRT,time_and_value_scaling_t0,wide,DEoptim,5089,2.105417699e-314
91,DFT_CRT,time_and_value_scaling_t0,wide,DEoptim,5090,2.119308327e-314
91,DFT_CRT,time_and_value_scaling_t0,wide,DEoptim,5091,4.778314248086561e-299
91,DFT_CRT,time_and_value_scaling_t0,wide,DEoptim,5092,-5727786203457123e235
91,DFT_CRT,time_and_value_scaling_t0,wide,DEoptim,5093,8.814427765053597e-280
91,DFT_CRT,time_and_value_scaling_t0,wide,DEoptim,5094,2.105417699e-314
91,DFT_CRT,time_and_value_scaling_t0,wide,DEoptim,5095,4.778314273953045e-299
91,DFT_CRT,time_and_value_scaling_t0,wide,DEoptim,5096,-5727786203457123e235
91,DFT_CRT,time_and_value_scaling_t0,wide,DEoptim,5097,8.814427797889892e-280
91,DFT_CRT,time_and_value_scaling_t0,wide,DEoptim,5098,2.105417699e-314
91,DFT_CRT,time_and_value_scaling_t0,wide,DEoptim,5099,4.778314267764558e-299
91,DFT_CRT,time_and_value_scaling_t0,wide,DEoptim,5100,-5727786203457123e235
91,DFT_CRT,time_and_value_scaling_t0,wide,DEoptim,5101,8.814427830726186e-280
91,DFT_CRT,time_and_value_scaling_t0,wide,DEoptim,5102,2.105417699e-314
91,DFT_CRT,time_and_value_scaling_t0,wide,DEoptim,5103,4.778314267764558e-299
91,DFT_CRT,time_and_value_scaling_t0,wide,DEoptim,5104,2.105417699e-314
91,DFT_CRT,time_and_value_scaling_t0,wide,DEoptim,5105,4.778314266095753e-299
91,DFT_CRT,time_and_value_scaling_t0,wide,DEoptim,5106,2.105417699e-314
91,DFT_CRT,time_and_value_scaling_t0,wide,DEoptim,5107,2.116782758e-314
91,DFT_CRT,time_and_value_scaling_t0,wide,DEoptim,5108,4.778314248086561e-299
91,DFT_CRT,time_and_value_scaling_t0,wide,DEoptim,5109,2.105417699e-314
91,DFT_CRT,time_and_value_scaling_t0,wide,DEoptim,5110,2.1191788105e-314
91,DFT_CRT,time_and_value_scaling_t0,wide,DEoptim,5111,2.105417699e-314
91,DFT_CRT,time_and_value_scaling_t0,wide,DEoptim,5112,2.105417699e-314
91,DFT_CRT,time_and_value_scaling_t0,wide,DEoptim,5113,4.778314248086561e-299
91,DFT_CRT,time_and_value_scaling_t0,wide,DEoptim,5114,-5727786203457123e235
91,DFT_CRT,time_and_value_scaling_t0,wide,DEoptim,5115,8.81442786356248e-280
91,DFT_CRT,time_and_value_scaling_t0,wide,DEoptim,5116,-5727786203457123e235
91,DFT_CRT,time_and_value_scaling_t0,wide,DEoptim,5117,8.814427896398775e-280
91,DFT_CRT,time_and_value_scaling_t0,wide,DEoptim,5118,2.105417699e-314
91,DFT_CRT,time_and_value_scaling_t0,wide,DEoptim,5119,4.778314267764558e-299
91,DFT_CRT,time_and_value_scaling_t0,wide,DEoptim,5120,8.814434003821268e-280
91,DFT_CRT,time_and_value_scaling_t0,wide,DEoptim,5121,2.105417699e-314
91,DFT_CRT,time_and_value_scaling_t0,wide,DEoptim,5122,4.778314270615434e-299
91,DFT_CRT,time_and_value_scaling_t0,wide,DEoptim,5123,2.105417699e-314
91,DFT_CRT,time_and_value_scaling_t0,wide,DEoptim,5124,4.77831427249284e-299
91,DFT_CRT,time_and_value_scaling_t0,wide,DEoptim,5125,2.105417699e-314
91,DFT_CRT,time_and_value_scaling_t0,wide,DEoptim,5126,2.119049294e-314
91,DFT_CRT,time_and_value_scaling_t0,wide,DEoptim,5127,4.778314248086561e-299
91,DFT_CRT,time_and_value_scaling_t0,wide,DEoptim,5128,2.105417699e-314
91,DFT_CRT,time_and_value_scaling_t0,wide,DEoptim,5129,2.119308327e-314
91,DFT_CRT,time_and_value_scaling_t0,wide,DEoptim,5130,4.778314248086561e-299
91,DFT_CRT,time_and_value_scaling_t0,wide,DEoptim,5131,-5727786203457123e235
91,DFT_CRT,time_and_value_scaling_t0,wide,DEoptim,5132,8.81442792923507e-280
91,DFT_CRT,time_and_value_scaling_t0,wide,DEoptim,5133,2.105417699e-314
91,DFT_CRT,time_and_value_scaling_t0,wide,DEoptim,5134,4.778314273953045e-299
91,DFT_CRT,time_and_value_scaling_t0,wide,DEoptim,5135,-5727786203457123e235
91,DFT_CRT,time_and_value_scaling_t0,wide,DEoptim,5136,8.814427962071364e-280
91,DFT_CRT,time_and_value_scaling_t0,wide,DEoptim,5137,2.105417699e-314
91,DFT_CRT,time_and_value_scaling_t0,wide,DEoptim,5138,4.778314267764558e-299
91,DFT_CRT,time_and_value_scaling_t0,wide,DEoptim,5139,-5727786203457123e235
91,DFT_CRT,time_and_value_scaling_t0,wide,DEoptim,5140,8.814427994907658e-280
91,DFT_CRT,time_and_value_scaling_t0,wide,DEoptim,5141,2.105417699e-314
91,DFT_CRT,time_and_value_scaling_t0,wide,DEoptim,5142,4.778314267764558e-299
91,DFT_CRT,time_and_value_scaling_t0,wide,DEoptim,5143,2.105417699e-314
91,DFT_CRT,time_and_value_scaling_t0,wide,DEoptim,5144,4.778314266095753e-299
91,DFT_CRT,time_and_value_scaling_t0,wide,DEoptim,5145,2.105417699e-314
91,DFT_CRT,time_and_value_scaling_t0,wide,DEoptim,5146,2.116782758e-314
91,DFT_CRT,time_and_value_scaling_t0,wide,DEoptim,5147,4.778314248086561e-299
91,DFT_CRT,time_and_value_scaling_t0,wide,DEoptim,5148,2.105417699e-314
91,DFT_CRT,time_and_value_scaling_t0,wide,DEoptim,5149,2.119049294e-314
91,DFT_CRT,time_and_value_scaling_t0,wide,DEoptim,5150,2.105417699e-314
91,DFT_CRT,time_and_value_scaling_t0,wide,DEoptim,5151,2.105417699e-314
91,DFT_CRT,time_and_value_scaling_t0,wide,DEoptim,5152,4.778314248086561e-299
91,DFT_CRT,time_and_value_scaling_t0,wide,DEoptim,5153,-5727786203457123e235
91,DFT_CRT,time_and_value_scaling_t0,wide,DEoptim,5154,8.814428027743952e-280
91,DFT_CRT,time_and_value_scaling_t0,wide,DEoptim,5155,-5727786203457123e235
91,DFT_CRT,time_and_value_scaling_t0,wide,DEoptim,5156,8.814428060580247e-280
91,DFT_CRT,time_and_value_scaling_t0,wide,DEoptim,5157,2.105417699e-314
91,DFT_CRT,time_and_value_scaling_t0,wide,DEoptim,5158,4.778314267764558e-299
91,DFT_CRT,time_and_value_scaling_t0,wide,DEoptim,5159,8.814434003821268e-280
91,DFT_CRT,time_and_value_scaling_t0,wide,DEoptim,5160,2.105417699e-314
91,DFT_CRT,time_and_value_scaling_t0,wide,DEoptim,5161,4.778314270615434e-299
91,DFT_CRT,time_and_value_scaling_t0,wide,DEoptim,5162,2.105417699e-314
91,DFT_CRT,time_and_value_scaling_t0,wide,DEoptim,5163,4.77831427249284e-299
91,DFT_CRT,time_and_value_scaling_t0,wide,DEoptim,5164,2.105417699e-314
91,DFT_CRT,time_and_value_scaling_t0,wide,DEoptim,5165,2.1191140523e-314
91,DFT_CRT,time_and_value_scaling_t0,wide,DEoptim,5166,4.778314248086561e-299
91,DFT_CRT,time_and_value_scaling_t0,wide,DEoptim,5167,2.105417699e-314
91,DFT_CRT,time_and_value_scaling_t0,wide,DEoptim,5168,2.119308327e-314
91,DFT_CRT,time_and_value_scaling_t0,wide,DEoptim,5169,4.778314248086561e-299
91,DFT_CRT,time_and_value_scaling_t0,wide,DEoptim,5170,-5727786203457123e235
91,DFT_CRT,time_and_value_scaling_t0,wide,DEoptim,5171,8.814428093416541e-280
91,DFT_CRT,time_and_value_scaling_t0,wide,DEoptim,5172,2.105417699e-314
91,DFT_CRT,time_and_value_scaling_t0,wide,DEoptim,5173,4.778314273953045e-299
91,DFT_CRT,time_and_value_scaling_t0,wide,DEoptim,5174,-5727786203457123e235
91,DFT_CRT,time_and_value_scaling_t0,wide,DEoptim,5175,8.814428126252836e-280
91,DFT_CRT,time_and_value_scaling_t0,wide,DEoptim,5176,2.105417699e-314
91,DFT_CRT,time_and_value_scaling_t0,wide,DEoptim,5177,4.778314267764558e-299
91,DFT_CRT,time_and_value_scaling_t0,wide,DEoptim,5178,-5727786203457123e235
91,DFT_CRT,time_and_value_scaling_t0,wide,DEoptim,5179,8.81442815908913e-280
91,DFT_CRT,time_and_value_scaling_t0,wide,DEoptim,5180,2.105417699e-314
91,DFT_CRT,time_and_value_scaling_t0,wide,DEoptim,5181,4.778314267764558e-299
91,DFT_CRT,time_and_value_scaling_t0,wide,DEoptim,5182,2.105417699e-314
91,DFT_CRT,time_and_value_scaling_t0,wide,DEoptim,5183,4.778314266095753e-299
91,DFT_CRT,time_and_value_scaling_t0,wide,DEoptim,5184,2.105417699e-314
91,DFT_CRT,time_and_value_scaling_t0,wide,DEoptim,5185,2.116782758e-314
91,DFT_CRT,time_and_value_scaling_t0,wide,DEoptim,5186,4.778314248086561e-299
91,DFT_CRT,time_and_value_scaling_t0,wide,DEoptim,5187,2.105417699e-314
91,DFT_CRT,time_and_value_scaling_t0,wide,DEoptim,5188,2.1191140523e-314
91,DFT_CRT,time_and_value_scaling_t0,wide,DEoptim,5189,2.105417699e-314
91,DFT_CRT,time_and_value_scaling_t0,wide,DEoptim,5190,2.105417699e-314
91,DFT_CRT,time_and_value_scaling_t0,wide,DEoptim,5191,2.105417699e-314
91,DFT_CRT,time_and_value_scaling_t0,wide,DEoptim,5192,2.105417699e-314
91,DFT_CRT,time_and_value_scaling_t0,wide,DEoptim,5193,4.778314248086561e-299
91,DFT_CRT,time_and_value_scaling_t0,wide,DEoptim,5194,-5727786203457123e235
91,DFT_CRT,time_and_value_scaling_t0,wide,DEoptim,5195,8.814428191925425e-280
91,DFT_CRT,time_and_value_scaling_t0,wide,DEoptim,5196,8.814434003821268e-280
91,DFT_CRT,time_and_value_scaling_t0,wide,DEoptim,5197,2.105417699e-314
91,DFT_CRT,time_and_value_scaling_t0,wide,DEoptim,5198,4.778314267764558e-299
91,DFT_CRT,time_and_value_scaling_t0,wide,DEoptim,5199,8.814434003821268e-280
91,DFT_CRT,time_and_value_scaling_t0,wide,DEoptim,5200,2.105417699e-314
91,DFT_CRT,time_and_value_scaling_t0,wide,DEoptim,5201,4.778314270615434e-299
91,DFT_CRT,time_and_value_scaling_t0,wide,DEoptim,5202,2.105417699e-314
91,DFT_CRT,time_and_value_scaling_t0,wide,DEoptim,5203,4.77831427249284e-299
91,DFT_CRT,time_and_value_scaling_t0,wide,DEoptim,5204,2.105417699e-314
91,DFT_CRT,time_and_value_scaling_t0,wide,DEoptim,5205,2.118919778e-314
91,DFT_CRT,time_and_value_scaling_t0,wide,DEoptim,5206,4.778314248086561e-299
91,DFT_CRT,time_and_value_scaling_t0,wide,DEoptim,5207,2.105417699e-314
91,DFT_CRT,time_and_value_scaling_t0,wide,DEoptim,5208,2.119308327e-314
91,DFT_CRT,time_and_value_scaling_t0,wide,DEoptim,5209,4.778314248086561e-299
91,DFT_CRT,time_and_value_scaling_t0,wide,DEoptim,5210,2.1196321177e-314
91,DFT_CRT,time_and_value_scaling_t0,wide,DEoptim,5211,2.1139981567e-314
91,DFT_CRT,time_and_value_scaling_t0,wide,DEoptim,5212,4.778314248086561e-299
91,DFT_CRT,time_and_value_scaling_t0,wide,DEoptim,5213,-5727786203457123e235
91,DFT_CRT,time_and_value_scaling_t0,wide,DEoptim,5214,8.814428224761719e-280
91,DFT_CRT,time_and_value_scaling_t0,wide,DEoptim,5215,2.105417699e-314
91,DFT_CRT,time_and_value_scaling_t0,wide,DEoptim,5216,4.778314268112226e-299
91,DFT_CRT,time_and_value_scaling_t0,wide,DEoptim,5217,-5727786203457123e235
91,DFT_CRT,time_and_value_scaling_t0,wide,DEoptim,5218,8.814428257598013e-280
91,DFT_CRT,time_and_value_scaling_t0,wide,DEoptim,5219,2.105417699e-314
91,DFT_CRT,time_and_value_scaling_t0,wide,DEoptim,5220,4.778314274161645e-299
91,DFT_CRT,time_and_value_scaling_t0,wide,DEoptim,5221,2.105417699e-314
91,DFT_CRT,time_and_value_scaling_t0,wide,DEoptim,5222,2.1139981567e-314
91,DFT_CRT,time_and_value_scaling_t0,wide,DEoptim,5223,4.778314248086561e-299
91,DFT_CRT,time_and_value_scaling_t0,wide,DEoptim,5224,8.814434003821268e-280
91,DFT_CRT,time_and_value_scaling_t0,wide,DEoptim,5225,2.105417699e-314
91,DFT_CRT,time_and_value_scaling_t0,wide,DEoptim,5226,4.778314267277823e-299
91,DFT_CRT,time_and_value_scaling_t0,wide,DEoptim,5227,-5727786203457123e235
91,DFT_CRT,time_and_value_scaling_t0,wide,DEoptim,5228,8.814428290434308e-280
91,DFT_CRT,time_and_value_scaling_t0,wide,DEoptim,5229,2.105417699e-314
91,DFT_CRT,time_and_value_scaling_t0,wide,DEoptim,5230,2.4834631584438887e-265
91,DFT_CRT,time_and_value_scaling_t0,wide,DEoptim,5231,734746280996721e209
91,DFT_CRT,time_and_value_scaling_t0,wide,DEoptim,5232,6201982290543264e208
91,DFT_CRT,time_and_value_scaling_t0,wide,DEoptim,5233,47648435176354705e164
91,DFT_CRT,time_and_value_scaling_t0,wide,DEoptim,5234,9195934800949812e155
91,DFT_CRT,time_and_value_scaling_t0,wide,DEoptim,5235,14321044792591393e145
91,DFT_CRT,time_and_value_scaling_t0,wide,DEoptim,5236,1.0864618573e-311
91,DFT_CRT,time_and_value_scaling_t0,wide,DEoptim,5237,3.2126e-319
91,DFT_CRT,time_and_value_scaling_t0,wide,DEoptim,5238,3.22877e-319
91,DFT_CRT,time_and_value_scaling_t0,wide,DEoptim,5239,1.0864618771003e-311
91,DFT_CRT,time_and_value_scaling_t0,wide,DEoptim,5240,1.32548345118981e-309
91,DFT_CRT,time_and_value_scaling_t0,wide,DEoptim,5241,3.259385545168e-311
91,DFT_CRT,time_and_value_scaling_t0,wide,DEoptim,5242,3.259385567049e-311
91,DFT_CRT,time_and_value_scaling_t0,wide,DEoptim,5243,3.2126e-319
91,DFT_CRT,time_and_value_scaling_t0,wide,DEoptim,5244,1.08646187724e-311
91,DFT_CRT,time_and_value_scaling_t0,wide,DEoptim,5245,3.259385567049e-311
91,DFT_CRT,time_and_value_scaling_t0,wide,DEoptim,5246,3.2126e-319
91,DFT_CRT,time_and_value_scaling_t0,wide,DEoptim,5247,1.0864618772604e-311
91,DFT_CRT,time_and_value_scaling_t0,wide,DEoptim,5248,3.2126e-319
91,DFT_CRT,time_and_value_scaling_t0,wide,DEoptim,5249,1.086461877274e-311
91,DFT_CRT,time_and_value_scaling_t0,wide,DEoptim,5250,3.2126e-319
91,DFT_CRT,time_and_value_scaling_t0,wide,DEoptim,5251,3.2335e-319
91,DFT_CRT,time_and_value_scaling_t0,wide,DEoptim,5252,1.0864618771003e-311
91,DFT_CRT,time_and_value_scaling_t0,wide,DEoptim,5253,3.2126e-319
91,DFT_CRT,time_and_value_scaling_t0,wide,DEoptim,5254,3.2338e-319
91,DFT_CRT,time_and_value_scaling_t0,wide,DEoptim,5255,1.0864618771003e-311
91,DFT_CRT,time_and_value_scaling_t0,wide,DEoptim,5256,4.8891114586947e-311
91,DFT_CRT,time_and_value_scaling_t0,wide,DEoptim,5257,1.263665388378034e-306
91,DFT_CRT,time_and_value_scaling_t0,wide,DEoptim,5258,4.006002127429737e-307
91,DFT_CRT,time_and_value_scaling_t0,wide,DEoptim,5259,6.835426893652422e-304
91,DFT_CRT,time_and_value_scaling_t0,wide,DEoptim,5260,1.390671161567e-309
91,DFT_CRT,time_and_value_scaling_t0,wide,DEoptim,5261,3168213705809732e231
91,DFT_CRT,time_and_value_scaling_t0,wide,DEoptim,5262,4782046150641143e165
91,DFT_CRT,time_and_value_scaling_t0,wide,DEoptim,5263,4243568320885965e160
91,DFT_CRT,time_and_value_scaling_t0,wide,DEoptim,5264,4981315360085506e136
91,DFT_CRT,time_and_value_scaling_t0,wide,DEoptim,5265,4.778311639148188e-299
91,DFT_CRT,time_and_value_scaling_t0,wide,DEoptim,5266,2.105417699e-314
91,DFT_CRT,time_and_value_scaling_t0,wide,DEoptim,5267,4.778314270824035e-299
91,DFT_CRT,time_and_value_scaling_t0,wide,DEoptim,5268,2.105417699e-314
91,DFT_CRT,time_and_value_scaling_t0,wide,DEoptim,5269,2.1142895685e-314
91,DFT_CRT,time_and_value_scaling_t0,wide,DEoptim,5270,2.105417699e-314
91,DFT_CRT,time_and_value_scaling_t0,wide,DEoptim,5271,4.778314248086561e-299
91,DFT_CRT,time_and_value_scaling_t0,wide,DEoptim,5272,-5727786203457123e235
91,DFT_CRT,time_and_value_scaling_t0,wide,DEoptim,5273,8.814428388943191e-280
91,DFT_CRT,time_and_value_scaling_t0,wide,DEoptim,5274,8.814434003821268e-280
91,DFT_CRT,time_and_value_scaling_t0,wide,DEoptim,5275,2.105417699e-314
91,DFT_CRT,time_and_value_scaling_t0,wide,DEoptim,5276,4.778314267764558e-299
91,DFT_CRT,time_and_value_scaling_t0,wide,DEoptim,5277,8.814434003821268e-280
91,DFT_CRT,time_and_value_scaling_t0,wide,DEoptim,5278,2.105417699e-314
91,DFT_CRT,time_and_value_scaling_t0,wide,DEoptim,5279,4.778314270615434e-299
91,DFT_CRT,time_and_value_scaling_t0,wide,DEoptim,5280,2.105417699e-314
91,DFT_CRT,time_and_value_scaling_t0,wide,DEoptim,5281,4.77831427249284e-299
91,DFT_CRT,time_and_value_scaling_t0,wide,DEoptim,5282,2.105417699e-314
91,DFT_CRT,time_and_value_scaling_t0,wide,DEoptim,5283,2.119049294e-314
91,DFT_CRT,time_and_value_scaling_t0,wide,DEoptim,5284,4.778314248086561e-299
91,DFT_CRT,time_and_value_scaling_t0,wide,DEoptim,5285,2.105417699e-314
91,DFT_CRT,time_and_value_scaling_t0,wide,DEoptim,5286,2.119308327e-314
91,DFT_CRT,time_and_value_scaling_t0,wide,DEoptim,5287,4.778314248086561e-299
91,DFT_CRT,time_and_value_scaling_t0,wide,DEoptim,5288,2.4834631584438887e-265
91,DFT_CRT,time_and_value_scaling_t0,wide,DEoptim,5289,11757441705010035e198
91,DFT_CRT,time_and_value_scaling_t0,wide,DEoptim,5290,-5727782948497609e235
91,DFT_CRT,time_and_value_scaling_t0,wide,DEoptim,5291,8.814428421779485e-280
91,DFT_CRT,time_and_value_scaling_t0,wide,DEoptim,5292,2.105417699e-314
91,DFT_CRT,time_and_value_scaling_t0,wide,DEoptim,5293,2.4834631584438887e-265
91,DFT_CRT,time_and_value_scaling_t0,wide,DEoptim,5294,7347462689312317e208
91,DFT_CRT,time_and_value_scaling_t0,wide,DEoptim,5295,6201982290543264e208
91,DFT_CRT,time_and_value_scaling_t0,wide,DEoptim,5296,21031203233515124e246
91,DFT_CRT,time_and_value_scaling_t0,wide,DEoptim,5297,5729751466335438e179
91,DFT_CRT,time_and_value_scaling_t0,wide,DEoptim,5298,2.781342357920566e-309
91,DFT_CRT,time_and_value_scaling_t0,wide,DEoptim,5299,8.224288e-317
91,DFT_CRT,time_and_value_scaling_t0,wide,DEoptim,5300,8.265647e-317
91,DFT_CRT,time_and_value_scaling_t0,wide,DEoptim,5301,8.224288e-317
91,DFT_CRT,time_and_value_scaling_t0,wide,DEoptim,5302,8.224288e-317
91,DFT_CRT,time_and_value_scaling_t0,wide,DEoptim,5303,8.224288e-317
91,DFT_CRT,time_and_value_scaling_t0,wide,DEoptim,5304,2.78134240537688e-309
91,DFT_CRT,time_and_value_scaling_t0,wide,DEoptim,5305,4.556951275697422e-304
91,DFT_CRT,time_and_value_scaling_t0,wide,DEoptim,5306,8.344026996925493e-309
91,DFT_CRT,time_and_value_scaling_t0,wide,DEoptim,5307,8.224288e-317
91,DFT_CRT,time_and_value_scaling_t0,wide,DEoptim,5308,2.781342405741145e-309
91,DFT_CRT,time_and_value_scaling_t0,wide,DEoptim,5309,4.556951275697422e-304
91,DFT_CRT,time_and_value_scaling_t0,wide,DEoptim,5310,8.344026997249284e-309
91,DFT_CRT,time_and_value_scaling_t0,wide,DEoptim,5311,8.224288e-317
91,DFT_CRT,time_and_value_scaling_t0,wide,DEoptim,5312,2.781342405748734e-309
91,DFT_CRT,time_and_value_scaling_t0,wide,DEoptim,5313,4.556951275697422e-304
91,DFT_CRT,time_and_value_scaling_t0,wide,DEoptim,5314,8.344026997573075e-309
91,DFT_CRT,time_and_value_scaling_t0,wide,DEoptim,5315,8.224288e-317
91,DFT_CRT,time_and_value_scaling_t0,wide,DEoptim,5316,1.2516125334258437e-308
91,DFT_CRT,time_and_value_scaling_t0,wide,DEoptim,5317,14141999919268275e179
91,DFT_CRT,time_and_value_scaling_t0,wide,DEoptim,5318,6091147823301892e232
91,DFT_CRT,time_and_value_scaling_t0,wide,DEoptim,5319,2.78134235532267e-309
91,DFT_CRT,time_and_value_scaling_t0,wide,DEoptim,5320,8.224288e-317
91,DFT_CRT,time_and_value_scaling_t0,wide,DEoptim,5321,8.2578053e-317
91,DFT_CRT,time_and_value_scaling_t0,wide,DEoptim,5322,2.78134240537688e-309
91,DFT_CRT,time_and_value_scaling_t0,wide,DEoptim,5323,4.556951275697422e-304
91,DFT_CRT,time_and_value_scaling_t0,wide,DEoptim,5324,8.344026997896866e-309
91,DFT_CRT,time_and_value_scaling_t0,wide,DEoptim,5325,8.224288e-317
91,DFT_CRT,time_and_value_scaling_t0,wide,DEoptim,5326,2.781342405772766e-309
91,DFT_CRT,time_and_value_scaling_t0,wide,DEoptim,5327,4.556951275697422e-304
91,DFT_CRT,time_and_value_scaling_t0,wide,DEoptim,5328,8.344026998220657e-309
91,DFT_CRT,time_and_value_scaling_t0,wide,DEoptim,5329,8.224288e-317
91,DFT_CRT,time_and_value_scaling_t0,wide,DEoptim,5330,2.78134240574747e-309
91,DFT_CRT,time_and_value_scaling_t0,wide,DEoptim,5331,4.556951275697422e-304
91,DFT_CRT,time_and_value_scaling_t0,wide,DEoptim,5332,8.34402699854445e-309
91,DFT_CRT,time_and_value_scaling_t0,wide,DEoptim,5333,4.556951275697422e-304
91,DFT_CRT,time_and_value_scaling_t0,wide,DEoptim,5334,8.34402699886824e-309
91,DFT_CRT,time_and_value_scaling_t0,wide,DEoptim,5335,8.224288e-317
91,DFT_CRT,time_and_value_scaling_t0,wide,DEoptim,5336,2.78134240578668e-309
91,DFT_CRT,time_and_value_scaling_t0,wide,DEoptim,5337,8.224288e-317
91,DFT_CRT,time_and_value_scaling_t0,wide,DEoptim,5338,1.2516125334258437e-308
91,DFT_CRT,time_and_value_scaling_t0,wide,DEoptim,5339,8423400390107905e261
91,DFT_CRT,time_and_value_scaling_t0,wide,DEoptim,5340,-8371161056012723e283
91,DFT_CRT,time_and_value_scaling_t0,wide,DEoptim,5341,7.291122019556398e-304
91,DFT_CRT,time_and_value_scaling_t0,wide,DEoptim,5342,4.383618844990073e-193
91,DFT_CRT,time_and_value_scaling_t0,wide,DEoptim,5343,2612613261512666e242
91,DFT_CRT,time_and_value_scaling_t0,wide,DEoptim,5344,9753851238157392e184
91,DFT_CRT,time_and_value_scaling_t0,wide,DEoptim,5345,7339530358615244e208
91,DFT_CRT,time_and_value_scaling_t0,wide,DEoptim,5346,-8371160993642713e283
91,DFT_CRT,time_and_value_scaling_t0,wide,DEoptim,5347,-8371160993642713e283
91,DFT_CRT,time_and_value_scaling_t0,wide,DEoptim,5348,-8371160993642713e283
91,DFT_CRT,time_and_value_scaling_t0,wide,DEoptim,5349,-8371160993642713e283
91,DFT_CRT,time_and_value_scaling_t0,wide,DEoptim,5350,-8371160993642713e283
91,DFT_CRT,time_and_value_scaling_t0,wide,DEoptim,5351,-8371161056012723e283
91,DFT_CRT,time_and_value_scaling_t0,wide,DEoptim,5352,-8371161180752742e283
91,DFT_CRT,time_and_value_scaling_t0,wide,DEoptim,5353,-13715310171984222e288
91,DFT_CRT,time_and_value_scaling_t0,wide,DEoptim,5354,-8371161056012723e283
91,DFT_CRT,time_and_value_scaling_t0,wide,DEoptim,5355,15445336104785657e119
91,DFT_CRT,time_and_value_scaling_t0,wide,DEoptim,5356,-8371161180752742e283
91,DFT_CRT,time_and_value_scaling_t0,wide,DEoptim,5357,-8371161180752742e283
91,DFT_CRT,time_and_value_scaling_t0,wide,DEoptim,5358,-185156687321787e290
91,DFT_CRT,time_and_value_scaling_t0,wide,DEoptim,5359,-8371161056012723e283
91,DFT_CRT,time_and_value_scaling_t0,wide,DEoptim,5360,-8371161180752742e283
91,DFT_CRT,time_and_value_scaling_t0,wide,DEoptim,5361,-10972248137587377e289
91,DFT_CRT,time_and_value_scaling_t0,wide,DEoptim,5362,-8371161056012723e283
91,DFT_CRT,time_and_value_scaling_t0,wide,DEoptim,5363,-3401396922652087e290
91,DFT_CRT,time_and_value_scaling_t0,wide,DEoptim,5364,-8371161056012723e283
91,DFT_CRT,time_and_value_scaling_t0,wide,DEoptim,5365,-7373350748458718e291
91,DFT_CRT,time_and_value_scaling_t0,wide,DEoptim,5366,-8371160993642713e283
91,DFT_CRT,time_and_value_scaling_t0,wide,DEoptim,5367,-8371161056012723e283
91,DFT_CRT,time_and_value_scaling_t0,wide,DEoptim,5368,-10182246271681086e291
91,DFT_CRT,time_and_value_scaling_t0,wide,DEoptim,5369,-8371160993642713e283
91,DFT_CRT,time_and_value_scaling_t0,wide,DEoptim,5370,-2949340316125809e292
91,DFT_CRT,time_and_value_scaling_t0,wide,DEoptim,5371,10122255469632328e124
91,DFT_CRT,time_and_value_scaling_t0,wide,DEoptim,5372,-8371161180752742e283
91,DFT_CRT,time_and_value_scaling_t0,wide,DEoptim,5373,-8229186103190533e289
91,DFT_CRT,time_and_value_scaling_t0,wide,DEoptim,5374,-8371161056012723e283
91,DFT_CRT,time_and_value_scaling_t0,wide,DEoptim,5375,7.29112207387949e-304
91,DFT_CRT,time_and_value_scaling_t0,wide,DEoptim,5376,2.052268469457315e-289
91,DFT_CRT,time_and_value_scaling_t0,wide,DEoptim,5377,8.40445649e-315
91,DFT_CRT,time_and_value_scaling_t0,wide,DEoptim,5378,4.778314194684789e-299
91,DFT_CRT,time_and_value_scaling_t0,wide,DEoptim,5379,2.114160052e-314
91,DFT_CRT,time_and_value_scaling_t0,wide,DEoptim,5380,4.778314194684789e-299
91,DFT_CRT,time_and_value_scaling_t0,wide,DEoptim,5381,2.4834631584438887e-265
91,DFT_CRT,time_and_value_scaling_t0,wide,DEoptim,5382,8.394199487617864e-308
91,DFT_CRT,time_and_value_scaling_t0,wide,DEoptim,5383,6.15188420400071e-304
91,DFT_CRT,time_and_value_scaling_t0,wide,DEoptim,5384,6.835426893334123e-304
91,DFT_CRT,time_and_value_scaling_t0,wide,DEoptim,5385,6.8354268934402224e-304
91,DFT_CRT,time_and_value_scaling_t0,wide,DEoptim,5386,6.835426893652422e-304
91,DFT_CRT,time_and_value_scaling_t0,wide,DEoptim,5387,7.081075047313318e-304
91,DFT_CRT,time_and_value_scaling_t0,wide,DEoptim,5388,6.8354268934402224e-304
91,DFT_CRT,time_and_value_scaling_t0,wide,DEoptim,5389,6.835426893652422e-304
91,DFT_CRT,time_and_value_scaling_t0,wide,DEoptim,5390,7.091755401834152e-304
91,DFT_CRT,time_and_value_scaling_t0,wide,DEoptim,5391,6.8354268934402224e-304
91,DFT_CRT,time_and_value_scaling_t0,wide,DEoptim,5392,6.835426893652422e-304
91,DFT_CRT,time_and_value_scaling_t0,wide,DEoptim,5393,7.094425490464361e-304
91,DFT_CRT,time_and_value_scaling_t0,wide,DEoptim,5394,6.8354268934402224e-304
91,DFT_CRT,time_and_value_scaling_t0,wide,DEoptim,5395,6.835426893652422e-304
91,DFT_CRT,time_and_value_scaling_t0,wide,DEoptim,5396,6.835426893652422e-304
91,DFT_CRT,time_and_value_scaling_t0,wide,DEoptim,5397,7.087305254117138e-304
91,DFT_CRT,time_and_value_scaling_t0,wide,DEoptim,5398,6.8354268934402224e-304
91,DFT_CRT,time_and_value_scaling_t0,wide,DEoptim,5399,6.835426893652422e-304
91,DFT_CRT,time_and_value_scaling_t0,wide,DEoptim,5400,7.123796465396656e-304
91,DFT_CRT,time_and_value_scaling_t0,wide,DEoptim,5401,6.8354268934402224e-304
91,DFT_CRT,time_and_value_scaling_t0,wide,DEoptim,5402,7.147827263068534e-304
91,DFT_CRT,time_and_value_scaling_t0,wide,DEoptim,5403,6.8354268934402224e-304
91,DFT_CRT,time_and_value_scaling_t0,wide,DEoptim,5404,1.390671161567e-309
91,DFT_CRT,time_and_value_scaling_t0,wide,DEoptim,5405,8291341130766513e211
91,DFT_CRT,time_and_value_scaling_t0,wide,DEoptim,5406,19693097845815076e227
91,DFT_CRT,time_and_value_scaling_t0,wide,DEoptim,5407,3.769937e-317
91,DFT_CRT,time_and_value_scaling_t0,wide,DEoptim,5408,2.78134240537688e-309
91,DFT_CRT,time_and_value_scaling_t0,wide,DEoptim,5409,8.224288e-317
91,DFT_CRT,time_and_value_scaling_t0,wide,DEoptim,5410,8.271086e-317
91,DFT_CRT,time_and_value_scaling_t0,wide,DEoptim,5411,2.78134240537688e-309
91,DFT_CRT,time_and_value_scaling_t0,wide,DEoptim,5412,8.224288e-317
91,DFT_CRT,time_and_value_scaling_t0,wide,DEoptim,5413,1.390671166747655e-309
91,DFT_CRT,time_and_value_scaling_t0,wide,DEoptim,5414,2209257078870768e197
91,DFT_CRT,time_and_value_scaling_t0,wide,DEoptim,5415,8.98499705e-315
91,DFT_CRT,time_and_value_scaling_t0,wide,DEoptim,5416,4.778314248086561e-299
91,DFT_CRT,time_and_value_scaling_t0,wide,DEoptim,5417,2.105417699e-314
91,DFT_CRT,time_and_value_scaling_t0,wide,DEoptim,5418,7.291122454141135e-304
91,DFT_CRT,time_and_value_scaling_t0,wide,DEoptim,5419,8.814425958931142e-280
91,DFT_CRT,time_and_value_scaling_t0,wide,DEoptim,5420,5.88755891546346e-310
91,DFT_CRT,time_and_value_scaling_t0,wide,DEoptim,5421,1.37980654311726e-309
91,DFT_CRT,time_and_value_scaling_t0,wide,DEoptim,5422,1.37980654311979e-309
91,DFT_CRT,time_and_value_scaling_t0,wide,DEoptim,5423,1.379806543124848e-309
91,DFT_CRT,time_and_value_scaling_t0,wide,DEoptim,5424,1.385663251500323e-309
91,DFT_CRT,time_and_value_scaling_t0,wide,DEoptim,5425,1.37980654311979e-309
91,DFT_CRT,time_and_value_scaling_t0,wide,DEoptim,5426,1.379806543124848e-309
91,DFT_CRT,time_and_value_scaling_t0,wide,DEoptim,5427,1.38579057124778e-309
91,DFT_CRT,time_and_value_scaling_t0,wide,DEoptim,5428,1.37980654311979e-309
91,DFT_CRT,time_and_value_scaling_t0,wide,DEoptim,5429,2.0527694427391904e-289
91,DFT_CRT,time_and_value_scaling_t0,wide,DEoptim,5430,3608954286560635e213
91,DFT_CRT,time_and_value_scaling_t0,wide,DEoptim,5431,7358764611950671e208
91,DFT_CRT,time_and_value_scaling_t0,wide,DEoptim,5432,4.243991633e-314
91,DFT_CRT,time_and_value_scaling_t0,wide,DEoptim,5433,1.27319748713e-313
91,DFT_CRT,time_and_value_scaling_t0,wide,DEoptim,5434,7547924849643508e153
91,DFT_CRT,time_and_value_scaling_t0,wide,DEoptim,5435,4.243991708e-314
91,DFT_CRT,time_and_value_scaling_t0,wide,DEoptim,5436,-2923003274661971e33
91,DFT_CRT,time_and_value_scaling_t0,wide,DEoptim,5437,4.243991708e-314
91,DFT_CRT,time_and_value_scaling_t0,wide,DEoptim,5438,1.90980916355e-313
91,DFT_CRT,time_and_value_scaling_t0,wide,DEoptim,5439,11453156810126695e232
91,DFT_CRT,time_and_value_scaling_t0,wide,DEoptim,5440,5e-322
91,DFT_CRT,time_and_value_scaling_t0,wide,DEoptim,5441,5.56270586622599e-309
91,DFT_CRT,time_and_value_scaling_t0,wide,DEoptim,5442,5.4344312206665e-311
91,DFT_CRT,time_and_value_scaling_t0,wide,DEoptim,5443,1.37980654311726e-309
91,DFT_CRT,time_and_value_scaling_t0,wide,DEoptim,5444,1.37980654311726e-309
91,DFT_CRT,time_and_value_scaling_t0,wide,DEoptim,5445,1.37980654311979e-309
91,DFT_CRT,time_and_value_scaling_t0,wide,DEoptim,5446,1.379806543124848e-309
91,DFT_CRT,time_and_value_scaling_t0,wide,DEoptim,5447,1.38591789099524e-309
91,DFT_CRT,time_and_value_scaling_t0,wide,DEoptim,5448,1.37980654311979e-309
91,DFT_CRT,time_and_value_scaling_t0,wide,DEoptim,5449,1.379806543124848e-309
91,DFT_CRT,time_and_value_scaling_t0,wide,DEoptim,5450,1.38644838994298e-309
91,DFT_CRT,time_and_value_scaling_t0,wide,DEoptim,5451,1.37980654311979e-309
91,DFT_CRT,time_and_value_scaling_t0,wide,DEoptim,5452,1.379806543124848e-309
91,DFT_CRT,time_and_value_scaling_t0,wide,DEoptim,5453,1.386639369564167e-309
91,DFT_CRT,time_and_value_scaling_t0,wide,DEoptim,5454,1.37980654311979e-309
91,DFT_CRT,time_and_value_scaling_t0,wide,DEoptim,5455,1.38958894371361e-309
91,DFT_CRT,time_and_value_scaling_t0,wide,DEoptim,5456,1.37980654311979e-309
91,DFT_CRT,time_and_value_scaling_t0,wide,DEoptim,5457,1.379806543124848e-309
91,DFT_CRT,time_and_value_scaling_t0,wide,DEoptim,5458,1.38581179120569e-309
91,DFT_CRT,time_and_value_scaling_t0,wide,DEoptim,5459,1.37980654311979e-309
91,DFT_CRT,time_and_value_scaling_t0,wide,DEoptim,5460,1.3858330111636e-309
91,DFT_CRT,time_and_value_scaling_t0,wide,DEoptim,5461,1.37980654311979e-309
91,DFT_CRT,time_and_value_scaling_t0,wide,DEoptim,5462,2.0527694427391904e-289
91,DFT_CRT,time_and_value_scaling_t0,wide,DEoptim,5463,20752938679670942e246
91,DFT_CRT,time_and_value_scaling_t0,wide,DEoptim,5464,33382540013299017e135
91,DFT_CRT,time_and_value_scaling_t0,wide,DEoptim,5465,47436233424556557e154
91,DFT_CRT,time_and_value_scaling_t0,wide,DEoptim,5466,2.449200204384e-312
91,DFT_CRT,time_and_value_scaling_t0,wide,DEoptim,5467,5.38986930905e-312
91,DFT_CRT,time_and_value_scaling_t0,wide,DEoptim,5468,5.38986930905e-312
91,DFT_CRT,time_and_value_scaling_t0,wide,DEoptim,5469,5.38986930905e-312
91,DFT_CRT,time_and_value_scaling_t0,wide,DEoptim,5470,5.38986930906e-312
91,DFT_CRT,time_and_value_scaling_t0,wide,DEoptim,5471,5.38986930908e-312
91,DFT_CRT,time_and_value_scaling_t0,wide,DEoptim,5472,5.412747076173e-312
91,DFT_CRT,time_and_value_scaling_t0,wide,DEoptim,5473,5.38986930906e-312
91,DFT_CRT,time_and_value_scaling_t0,wide,DEoptim,5474,5.38986930908e-312
91,DFT_CRT,time_and_value_scaling_t0,wide,DEoptim,5475,5.413244418937e-312
91,DFT_CRT,time_and_value_scaling_t0,wide,DEoptim,5476,5.38986930906e-312
91,DFT_CRT,time_and_value_scaling_t0,wide,DEoptim,5477,5.38986930908e-312
91,DFT_CRT,time_and_value_scaling_t0,wide,DEoptim,5478,5.413327309397e-312
91,DFT_CRT,time_and_value_scaling_t0,wide,DEoptim,5479,5.38986930906e-312
91,DFT_CRT,time_and_value_scaling_t0,wide,DEoptim,5480,5.41341019986e-312
91,DFT_CRT,time_and_value_scaling_t0,wide,DEoptim,5481,5.38986930906e-312
91,DFT_CRT,time_and_value_scaling_t0,wide,DEoptim,5482,5.4282475923e-312
91,DFT_CRT,time_and_value_scaling_t0,wide,DEoptim,5483,5.38986930905e-312
91,DFT_CRT,time_and_value_scaling_t0,wide,DEoptim,5484,5.38986930906e-312
91,DFT_CRT,time_and_value_scaling_t0,wide,DEoptim,5485,5.38986930908e-312
91,DFT_CRT,time_and_value_scaling_t0,wide,DEoptim,5486,5.411918171567e-312
91,DFT_CRT,time_and_value_scaling_t0,wide,DEoptim,5487,5.38986930906e-312
91,DFT_CRT,time_and_value_scaling_t0,wide,DEoptim,5488,5.38986930908e-312
91,DFT_CRT,time_and_value_scaling_t0,wide,DEoptim,5489,5.413327309397e-312
91,DFT_CRT,time_and_value_scaling_t0,wide,DEoptim,5490,5.38986930906e-312
91,DFT_CRT,time_and_value_scaling_t0,wide,DEoptim,5491,5.41341019986e-312
91,DFT_CRT,time_and_value_scaling_t0,wide,DEoptim,5492,5.38986930906e-312
91,DFT_CRT,time_and_value_scaling_t0,wide,DEoptim,5493,5.4282475923e-312
91,DFT_CRT,time_and_value_scaling_t0,wide,DEoptim,5494,5.38986930905e-312
91,DFT_CRT,time_and_value_scaling_t0,wide,DEoptim,5495,5.38986930906e-312
91,DFT_CRT,time_and_value_scaling_t0,wide,DEoptim,5496,5.42808181138e-312
91,DFT_CRT,time_and_value_scaling_t0,wide,DEoptim,5497,5.38986930905e-312
91,DFT_CRT,time_and_value_scaling_t0,wide,DEoptim,5498,5.38986930905e-312
91,DFT_CRT,time_and_value_scaling_t0,wide,DEoptim,5499,5.38986930906e-312
91,DFT_CRT,time_and_value_scaling_t0,wide,DEoptim,5500,5.38986930908e-312
91,DFT_CRT,time_and_value_scaling_t0,wide,DEoptim,5501,5.38986930908e-312
91,DFT_CRT,time_and_value_scaling_t0,wide,DEoptim,5502,5.41672581828e-312
91,DFT_CRT,time_and_value_scaling_t0,wide,DEoptim,5503,5.38986930906e-312
91,DFT_CRT,time_and_value_scaling_t0,wide,DEoptim,5504,5.42766735908e-312
91,DFT_CRT,time_and_value_scaling_t0,wide,DEoptim,5505,5.38986930906e-312
91,DFT_CRT,time_and_value_scaling_t0,wide,DEoptim,5506,5.562705866225913e-309
91,DFT_CRT,time_and_value_scaling_t0,wide,DEoptim,5507,5834344634920946e237
91,DFT_CRT,time_and_value_scaling_t0,wide,DEoptim,5508,25048009784959796e246
91,DFT_CRT,time_and_value_scaling_t0,wide,DEoptim,5509,1.3533630311240391e-306
91,DFT_CRT,time_and_value_scaling_t0,wide,DEoptim,5510,6.835426893334123e-304
91,DFT_CRT,time_and_value_scaling_t0,wide,DEoptim,5511,6.8354268934402224e-304
91,DFT_CRT,time_and_value_scaling_t0,wide,DEoptim,5512,6.835426893334123e-304
91,DFT_CRT,time_and_value_scaling_t0,wide,DEoptim,5513,6.8354268934402224e-304
91,DFT_CRT,time_and_value_scaling_t0,wide,DEoptim,5514,6.835426893652422e-304
91,DFT_CRT,time_and_value_scaling_t0,wide,DEoptim,5515,7.081075047313318e-304
91,DFT_CRT,time_and_value_scaling_t0,wide,DEoptim,5516,6.8354268934402224e-304
91,DFT_CRT,time_and_value_scaling_t0,wide,DEoptim,5517,6.835426893652422e-304
91,DFT_CRT,time_and_value_scaling_t0,wide,DEoptim,5518,6.835426893652422e-304
91,DFT_CRT,time_and_value_scaling_t0,wide,DEoptim,5519,7.123796465396656e-304
91,DFT_CRT,time_and_value_scaling_t0,wide,DEoptim,5520,6.8354268934402224e-304
91,DFT_CRT,time_and_value_scaling_t0,wide,DEoptim,5521,7.2386102764956275e-304
91,DFT_CRT,time_and_value_scaling_t0,wide,DEoptim,5522,6.8354268934402224e-304
91,DFT_CRT,time_and_value_scaling_t0,wide,DEoptim,5523,7.2386102764956275e-304
91,DFT_CRT,time_and_value_scaling_t0,wide,DEoptim,5524,6.835426893334123e-304
91,DFT_CRT,time_and_value_scaling_t0,wide,DEoptim,5525,6.8354268934402224e-304
91,DFT_CRT,time_and_value_scaling_t0,wide,DEoptim,5526,7.243060424212642e-304
91,DFT_CRT,time_and_value_scaling_t0,wide,DEoptim,5527,7.075734870159e-304
91,DFT_CRT,time_and_value_scaling_t0,wide,DEoptim,5528,6.835426893652422e-304
91,DFT_CRT,time_and_value_scaling_t0,wide,DEoptim,5529,1.390671161567e-309
91,DFT_CRT,time_and_value_scaling_t0,wide,DEoptim,5530,2175541218759831e173
91,DFT_CRT,time_and_value_scaling_t0,wide,DEoptim,5531,29910613419281577e246
91,DFT_CRT,time_and_value_scaling_t0,wide,DEoptim,5532,-8371160993642713e283
91,DFT_CRT,time_and_value_scaling_t0,wide,DEoptim,5533,-8371161056012723e283
91,DFT_CRT,time_and_value_scaling_t0,wide,DEoptim,5534,-37920089563501976e291
91,DFT_CRT,time_and_value_scaling_t0,wide,DEoptim,5535,-8371160993642713e283
91,DFT_CRT,time_and_value_scaling_t0,wide,DEoptim,5536,-8371160993642713e283
91,DFT_CRT,time_and_value_scaling_t0,wide,DEoptim,5537,-8371160993642713e283
91,DFT_CRT,time_and_value_scaling_t0,wide,DEoptim,5538,-8371160993642713e283
91,DFT_CRT,time_and_value_scaling_t0,wide,DEoptim,5539,-8371161056012723e283
91,DFT_CRT,time_and_value_scaling_t0,wide,DEoptim,5540,-8371161180752742e283
91,DFT_CRT,time_and_value_scaling_t0,wide,DEoptim,5541,-13715310171984222e288
91,DFT_CRT,time_and_value_scaling_t0,wide,DEoptim,5542,-8371161056012723e283
91,DFT_CRT,time_and_value_scaling_t0,wide,DEoptim,5543,-8371161180752742e283
91,DFT_CRT,time_and_value_scaling_t0,wide,DEoptim,5544,-9655578361076892e290
91,DFT_CRT,time_and_value_scaling_t0,wide,DEoptim,5545,-8371160993642713e283
91,DFT_CRT,time_and_value_scaling_t0,wide,DEoptim,5546,-8371160993642713e283
91,DFT_CRT,time_and_value_scaling_t0,wide,DEoptim,5547,-8371160993642713e283
91,DFT_CRT,time_and_value_scaling_t0,wide,DEoptim,5548,-8371160993642713e283
91,DFT_CRT,time_and_value_scaling_t0,wide,DEoptim,5549,-8371161056012723e283
91,DFT_CRT,time_and_value_scaling_t0,wide,DEoptim,5550,-8371161180752742e283
91,DFT_CRT,time_and_value_scaling_t0,wide,DEoptim,5551,-13715310171984222e288
91,DFT_CRT,time_and_value_scaling_t0,wide,DEoptim,5552,-8371161056012723e283
91,DFT_CRT,time_and_value_scaling_t0,wide,DEoptim,5553,-8371161180752742e283
91,DFT_CRT,time_and_value_scaling_t0,wide,DEoptim,5554,-8371161180752742e283
91,DFT_CRT,time_and_value_scaling_t0,wide,DEoptim,5555,-10972248137587377e289
91,DFT_CRT,time_and_value_scaling_t0,wide,DEoptim,5556,-8371161056012723e283
91,DFT_CRT,time_and_value_scaling_t0,wide,DEoptim,5557,-2949340299383487e292
91,DFT_CRT,time_and_value_scaling_t0,wide,DEoptim,5558,-8371161056012723e283
91,DFT_CRT,time_and_value_scaling_t0,wide,DEoptim,5559,-2949340299383487e292
91,DFT_CRT,time_and_value_scaling_t0,wide,DEoptim,5560,-8371160993642713e283
91,DFT_CRT,time_and_value_scaling_t0,wide,DEoptim,5561,-8371161056012723e283
91,DFT_CRT,time_and_value_scaling_t0,wide,DEoptim,5562,-3651564180189079e292
91,DFT_CRT,time_and_value_scaling_t0,wide,DEoptim,5563,-8371161056012723e283
91,DFT_CRT,time_and_value_scaling_t0,wide,DEoptim,5564,-10286482628988166e288
91,DFT_CRT,time_and_value_scaling_t0,wide,DEoptim,5565,-8371161056012723e283
91,DFT_CRT,time_and_value_scaling_t0,wide,DEoptim,5566,-37920089563501976e291
91,DFT_CRT,time_and_value_scaling_t0,wide,DEoptim,5567,-8371160993642713e283
91,DFT_CRT,time_and_value_scaling_t0,wide,DEoptim,5568,-8371160993642713e283
91,DFT_CRT,time_and_value_scaling_t0,wide,DEoptim,5569,-8371160993642713e283
91,DFT_CRT,time_and_value_scaling_t0,wide,DEoptim,5570,-8371160993642713e283
91,DFT_CRT,time_and_value_scaling_t0,wide,DEoptim,5571,-8371161056012723e283
91,DFT_CRT,time_and_value_scaling_t0,wide,DEoptim,5572,-8371160993642713e283
91,DFT_CRT,time_and_value_scaling_t0,wide,DEoptim,5573,-8371160993642713e283
91,DFT_CRT,time_and_value_scaling_t0,wide,DEoptim,5574,-8371160993642713e283
91,DFT_CRT,time_and_value_scaling_t0,wide,DEoptim,5575,-8371160993642713e283
91,DFT_CRT,time_and_value_scaling_t0,wide,DEoptim,5576,-8371160993642713e283
91,DFT_CRT,time_and_value_scaling_t0,wide,DEoptim,5577,-8371161056012723e283
91,DFT_CRT,time_and_value_scaling_t0,wide,DEoptim,5578,6633721344578243e129
91,DFT_CRT,time_and_value_scaling_t0,wide,DEoptim,5579,-8371161180752742e283
91,DFT_CRT,time_and_value_scaling_t0,wide,DEoptim,5580,-21944496275174755e288
91,DFT_CRT,time_and_value_scaling_t0,wide,DEoptim,5581,-8371161056012723e283
91,DFT_CRT,time_and_value_scaling_t0,wide,DEoptim,5582,4347475620382797e134
91,DFT_CRT,time_and_value_scaling_t0,wide,DEoptim,5583,-8371161180752742e283
91,DFT_CRT,time_and_value_scaling_t0,wide,DEoptim,5584,-6857655085992111e289
91,DFT_CRT,time_and_value_scaling_t0,wide,DEoptim,5585,-8371161056012723e283
91,DFT_CRT,time_and_value_scaling_t0,wide,DEoptim,5586,284916162257407e140
91,DFT_CRT,time_and_value_scaling_t0,wide,DEoptim,5587,-8371161180752742e283
91,DFT_CRT,time_and_value_scaling_t0,wide,DEoptim,5588,-28802151361166866e288
91,DFT_CRT,time_and_value_scaling_t0,wide,DEoptim,5589,-8371161056012723e283
91,DFT_CRT,time_and_value_scaling_t0,wide,DEoptim,5590,18672265609701425e143
91,DFT_CRT,time_and_value_scaling_t0,wide,DEoptim,5591,-8371161180752742e283
91,DFT_CRT,time_and_value_scaling_t0,wide,DEoptim,5592,-185156687321787e290
91,DFT_CRT,time_and_value_scaling_t0,wide,DEoptim,5593,-8371161056012723e283
91,DFT_CRT,time_and_value_scaling_t0,wide,DEoptim,5594,-65833488825524264e289
91,DFT_CRT,time_and_value_scaling_t0,wide,DEoptim,5595,-8371161056012723e283
91,DFT_CRT,time_and_value_scaling_t0,wide,DEoptim,5596,-9600717120388955e288
91,DFT_CRT,time_and_value_scaling_t0,wide,DEoptim,5597,-8371160993642713e283
91,DFT_CRT,time_and_value_scaling_t0,wide,DEoptim,5598,-8371160993642713e283
91,DFT_CRT,time_and_value_scaling_t0,wide,DEoptim,5599,-8371160993642713e283
91,DFT_CRT,time_and_value_scaling_t0,wide,DEoptim,5600,-8371161056012723e283
91,DFT_CRT,time_and_value_scaling_t0,wide,DEoptim,5601,-8371161180752742e283
91,DFT_CRT,time_and_value_scaling_t0,wide,DEoptim,5602,-13715310171984222e288
91,DFT_CRT,time_and_value_scaling_t0,wide,DEoptim,5603,-8371161056012723e283
91,DFT_CRT,time_and_value_scaling_t0,wide,DEoptim,5604,12237055989973926e148
91,DFT_CRT,time_and_value_scaling_t0,wide,DEoptim,5605,-8371161180752742e283
91,DFT_CRT,time_and_value_scaling_t0,wide,DEoptim,5606,-17829903223579488e288
91,DFT_CRT,time_and_value_scaling_t0,wide,DEoptim,5607,-8371161056012723e283
91,DFT_CRT,time_and_value_scaling_t0,wide,DEoptim,5608,-9600717120388955e288
91,DFT_CRT,time_and_value_scaling_t0,wide,DEoptim,5609,-8371161056012723e283
91,DFT_CRT,time_and_value_scaling_t0,wide,DEoptim,5610,8019677013589312e153
91,DFT_CRT,time_and_value_scaling_t0,wide,DEoptim,5611,-8371161180752742e283
91,DFT_CRT,time_and_value_scaling_t0,wide,DEoptim,5612,7.291122019556398e-304
91,DFT_CRT,time_and_value_scaling_t0,wide,DEoptim,5613,1.9656826738143735e-236
91,DFT_CRT,time_and_value_scaling_t0,wide,DEoptim,5614,9302657103523598e227
91,DFT_CRT,time_and_value_scaling_t0,wide,DEoptim,5615,1.8153139219638234e-306
91,DFT_CRT,time_and_value_scaling_t0,wide,DEoptim,5616,6.8354268934402224e-304
91,DFT_CRT,time_and_value_scaling_t0,wide,DEoptim,5617,7.159397647132771e-304
91,DFT_CRT,time_and_value_scaling_t0,wide,DEoptim,5618,6.8354268934402224e-304
91,DFT_CRT,time_and_value_scaling_t0,wide,DEoptim,5619,7.073954810966095e-304
91,DFT_CRT,time_and_value_scaling_t0,wide,DEoptim,5620,6.835426893334123e-304
91,DFT_CRT,time_and_value_scaling_t0,wide,DEoptim,5621,6.835426893334123e-304
91,DFT_CRT,time_and_value_scaling_t0,wide,DEoptim,5622,6.8354268934402224e-304
91,DFT_CRT,time_and_value_scaling_t0,wide,DEoptim,5623,8.902033798262355e-307
91,DFT_CRT,time_and_value_scaling_t0,wide,DEoptim,5624,6.835426893652422e-304
91,DFT_CRT,time_and_value_scaling_t0,wide,DEoptim,5625,7.086415224573735e-304
91,DFT_CRT,time_and_value_scaling_t0,wide,DEoptim,5626,6.8354268934402224e-304
91,DFT_CRT,time_and_value_scaling_t0,wide,DEoptim,5627,1.390671161567e-309
91,DFT_CRT,time_and_value_scaling_t0,wide,DEoptim,5628,14257626931264429e177
91,DFT_CRT,time_and_value_scaling_t0,wide,DEoptim,5629,10271358116082958e232
91,DFT_CRT,time_and_value_scaling_t0,wide,DEoptim,5630,-8371161056012723e283
91,DFT_CRT,time_and_value_scaling_t0,wide,DEoptim,5631,3444425049784904e163
91,DFT_CRT,time_and_value_scaling_t0,wide,DEoptim,5632,-8371161180752742e283
91,DFT_CRT,time_and_value_scaling_t0,wide,DEoptim,5633,7.291122019556398e-304
91,DFT_CRT,time_and_value_scaling_t0,wide,DEoptim,5634,8.814425958931142e-280
91,DFT_CRT,time_and_value_scaling_t0,wide,DEoptim,5635,6.2718664253098e-310
91,DFT_CRT,time_and_value_scaling_t0,wide,DEoptim,5636,1.37980654311979e-309
91,DFT_CRT,time_and_value_scaling_t0,wide,DEoptim,5637,8.691694759794e-311
91,DFT_CRT,time_and_value_scaling_t0,wide,DEoptim,5638,4.8891114586947e-311
91,DFT_CRT,time_and_value_scaling_t0,wide,DEoptim,5639,10271358118652873e232
91,DFT_CRT,time_and_value_scaling_t0,wide,DEoptim,5640,-10286482669862976e288
91,DFT_CRT,time_and_value_scaling_t0,wide,DEoptim,5641,-10286482628988166e288
91,DFT_CRT,time_and_value_scaling_t0,wide,DEoptim,5642,7.29112207387949e-304
91,DFT_CRT,time_and_value_scaling_t0,wide,DEoptim,5643,3.785767122662269e-270
91,DFT_CRT,time_and_value_scaling_t0,wide,DEoptim,5644,14271838240689533e232
91,DFT_CRT,time_and_value_scaling_t0,wide,DEoptim,5645,1.6259745436952323e-260
91,DFT_CRT,time_and_value_scaling_t0,wide,DEoptim,5646,8.289046e-317
91,DFT_CRT,time_and_value_scaling_t0,wide,DEoptim,5647,-8371160993642713e283
91,DFT_CRT,time_and_value_scaling_t0,wide,DEoptim,5648,-8371160993642713e283
91,DFT_CRT,time_and_value_scaling_t0,wide,DEoptim,5649,-8371161056012723e283
91,DFT_CRT,time_and_value_scaling_t0,wide,DEoptim,5650,2257338400627035e168
91,DFT_CRT,time_and_value_scaling_t0,wide,DEoptim,5651,-8371161180752742e283
91,DFT_CRT,time_and_value_scaling_t0,wide,DEoptim,5652,-17829903223579488e288
91,DFT_CRT,time_and_value_scaling_t0,wide,DEoptim,5653,-8371161056012723e283
91,DFT_CRT,time_and_value_scaling_t0,wide,DEoptim,5654,7.291122019556398e-304
91,DFT_CRT,time_and_value_scaling_t0,wide,DEoptim,5655,1.0655987126833295e-255
91,DFT_CRT,time_and_value_scaling_t0,wide,DEoptim,5656,923613126471319e228
91,DFT_CRT,time_and_value_scaling_t0,wide,DEoptim,5657,2.781342360508294e-309
91,DFT_CRT,time_and_value_scaling_t0,wide,DEoptim,5658,8.224288e-317
91,DFT_CRT,time_and_value_scaling_t0,wide,DEoptim,5659,8.224288e-317
91,DFT_CRT,time_and_value_scaling_t0,wide,DEoptim,5660,2.78134240537688e-309
91,DFT_CRT,time_and_value_scaling_t0,wide,DEoptim,5661,4.556951275697422e-304
91,DFT_CRT,time_and_value_scaling_t0,wide,DEoptim,5662,8.34402700275373e-309
91,DFT_CRT,time_and_value_scaling_t0,wide,DEoptim,5663,8.224288e-317
91,DFT_CRT,time_and_value_scaling_t0,wide,DEoptim,5664,2.781342405741145e-309
91,DFT_CRT,time_and_value_scaling_t0,wide,DEoptim,5665,8.224288e-317
91,DFT_CRT,time_and_value_scaling_t0,wide,DEoptim,5666,2.781342405967546e-309
91,DFT_CRT,time_and_value_scaling_t0,wide,DEoptim,5667,8.344027051644884e-309
91,DFT_CRT,time_and_value_scaling_t0,wide,DEoptim,5668,8.224288e-317
91,DFT_CRT,time_and_value_scaling_t0,wide,DEoptim,5669,2.78134240572597e-309
91,DFT_CRT,time_and_value_scaling_t0,wide,DEoptim,5670,4.556951275697422e-304
91,DFT_CRT,time_and_value_scaling_t0,wide,DEoptim,5671,8.34402700307752e-309
91,DFT_CRT,time_and_value_scaling_t0,wide,DEoptim,5672,8.224288e-317
91,DFT_CRT,time_and_value_scaling_t0,wide,DEoptim,5673,2.781342405733556e-309
91,DFT_CRT,time_and_value_scaling_t0,wide,DEoptim,5674,8.224288e-317
91,DFT_CRT,time_and_value_scaling_t0,wide,DEoptim,5675,2.78134240597134e-309
91,DFT_CRT,time_and_value_scaling_t0,wide,DEoptim,5676,4.556951275697422e-304
91,DFT_CRT,time_and_value_scaling_t0,wide,DEoptim,5677,8.34402700340131e-309
91,DFT_CRT,time_and_value_scaling_t0,wide,DEoptim,5678,8.224288e-317
91,DFT_CRT,time_and_value_scaling_t0,wide,DEoptim,5679,2.78134240584486e-309
91,DFT_CRT,time_and_value_scaling_t0,wide,DEoptim,5680,8.224288e-317
91,DFT_CRT,time_and_value_scaling_t0,wide,DEoptim,5681,1.390671166747655e-309
91,DFT_CRT,time_and_value_scaling_t0,wide,DEoptim,5682,426942475423361e217
91,DFT_CRT,time_and_value_scaling_t0,wide,DEoptim,5683,2.449361772195e-312
91,DFT_CRT,time_and_value_scaling_t0,wide,DEoptim,5684,5.41224973342e-312
91,DFT_CRT,time_and_value_scaling_t0,wide,DEoptim,5685,5.41224973341e-312
91,DFT_CRT,time_and_value_scaling_t0,wide,DEoptim,5686,5.428744935076e-312
91,DFT_CRT,time_and_value_scaling_t0,wide,DEoptim,5687,2.12199579097e-313
91,DFT_CRT,time_and_value_scaling_t0,wide,DEoptim,5688,5e-324
91,DFT_CRT,time_and_value_scaling_t0,wide,DEoptim,5689,5.38986930905e-312
91,DFT_CRT,time_and_value_scaling_t0,wide,DEoptim,5690,5.38986930905e-312
91,DFT_CRT,time_and_value_scaling_t0,wide,DEoptim,5691,5.38986930906e-312
91,DFT_CRT,time_and_value_scaling_t0,wide,DEoptim,5692,2.24939843009e-312
91,DFT_CRT,time_and_value_scaling_t0,wide,DEoptim,5693,5.38986930908e-312
91,DFT_CRT,time_and_value_scaling_t0,wide,DEoptim,5694,5.413244418937e-312
91,DFT_CRT,time_and_value_scaling_t0,wide,DEoptim,5695,5.38986930906e-312
91,DFT_CRT,time_and_value_scaling_t0,wide,DEoptim,5696,5.562705866225913e-309
91,DFT_CRT,time_and_value_scaling_t0,wide,DEoptim,5697,2974642219713296e40
91,DFT_CRT,time_and_value_scaling_t0,wide,DEoptim,5698,2584082384911043e146
91,DFT_CRT,time_and_value_scaling_t0,wide,DEoptim,5699,4443876850391091e237
91,DFT_CRT,time_and_value_scaling_t0,wide,DEoptim,5700,-8371161056012723e283
91,DFT_CRT,time_and_value_scaling_t0,wide,DEoptim,5701,2.7289546761256143e+207
91,DFT_CRT,time_and_value_scaling_t0,wide,DEoptim,5702,-8371161180752742e283
91,DFT_CRT,time_and_value_scaling_t0,wide,DEoptim,5703,7.291122019556398e-304
91,DFT_CRT,time_and_value_scaling_t0,wide,DEoptim,5704,4.778309886942885e-299
91,DFT_CRT,time_and_value_scaling_t0,wide,DEoptim,5705,1.086461860719e-311
91,DFT_CRT,time_and_value_scaling_t0,wide,DEoptim,5706,1.32548345118981e-309
91,DFT_CRT,time_and_value_scaling_t0,wide,DEoptim,5707,3.259385548583e-311
91,DFT_CRT,time_and_value_scaling_t0,wide,DEoptim,5708,3.2126e-319
91,DFT_CRT,time_and_value_scaling_t0,wide,DEoptim,5709,1.086461877332e-311
91,DFT_CRT,time_and_value_scaling_t0,wide,DEoptim,5710,3.2126e-319
91,DFT_CRT,time_and_value_scaling_t0,wide,DEoptim,5711,1.0864618773326e-311
91,DFT_CRT,time_and_value_scaling_t0,wide,DEoptim,5712,3.2126e-319
91,DFT_CRT,time_and_value_scaling_t0,wide,DEoptim,5713,2.052769442741057e-289
91,DFT_CRT,time_and_value_scaling_t0,wide,DEoptim,5714,7824777876791096e208
91,DFT_CRT,time_and_value_scaling_t0,wide,DEoptim,5715,7698438243648087e203
91,DFT_CRT,time_and_value_scaling_t0,wide,DEoptim,5716,2.471081655596e-312
91,DFT_CRT,time_and_value_scaling_t0,wide,DEoptim,5717,5.38986930905e-312
91,DFT_CRT,time_and_value_scaling_t0,wide,DEoptim,5718,5.38986930906e-312
91,DFT_CRT,time_and_value_scaling_t0,wide,DEoptim,5719,2.31305830382e-312
91,DFT_CRT,time_and_value_scaling_t0,wide,DEoptim,5720,5.38986930908e-312
91,DFT_CRT,time_and_value_scaling_t0,wide,DEoptim,5721,5.428744935066e-312
91,DFT_CRT,time_and_value_scaling_t0,wide,DEoptim,5722,5.38986930906e-312
91,DFT_CRT,time_and_value_scaling_t0,wide,DEoptim,5723,5.428827825527e-312
91,DFT_CRT,time_and_value_scaling_t0,wide,DEoptim,5724,5.38986930906e-312
91,DFT_CRT,time_and_value_scaling_t0,wide,DEoptim,5725,3.39519326554e-313
91,DFT_CRT,time_and_value_scaling_t0,wide,DEoptim,5726,1.90980916355e-313
91,DFT_CRT,time_and_value_scaling_t0,wide,DEoptim,5727,23018790919055824e145
91,DFT_CRT,time_and_value_scaling_t0,wide,DEoptim,5728,3.5416454e-317
91,DFT_CRT,time_and_value_scaling_t0,wide,DEoptim,5729,8.224288e-317
91,DFT_CRT,time_and_value_scaling_t0,wide,DEoptim,5730,8.224288e-317
91,DFT_CRT,time_and_value_scaling_t0,wide,DEoptim,5731,2.78134240537688e-309
91,DFT_CRT,time_and_value_scaling_t0,wide,DEoptim,5732,4.556951275697422e-304
91,DFT_CRT,time_and_value_scaling_t0,wide,DEoptim,5733,8.344027005020265e-309
91,DFT_CRT,time_and_value_scaling_t0,wide,DEoptim,5734,8.224288e-317
91,DFT_CRT,time_and_value_scaling_t0,wide,DEoptim,5735,2.781342405741145e-309
91,DFT_CRT,time_and_value_scaling_t0,wide,DEoptim,5736,4.556951275697422e-304
91,DFT_CRT,time_and_value_scaling_t0,wide,DEoptim,5737,8.344027005344056e-309
91,DFT_CRT,time_and_value_scaling_t0,wide,DEoptim,5738,8.224288e-317
91,DFT_CRT,time_and_value_scaling_t0,wide,DEoptim,5739,2.781342405772766e-309
91,DFT_CRT,time_and_value_scaling_t0,wide,DEoptim,5740,8.224288e-317
91,DFT_CRT,time_and_value_scaling_t0,wide,DEoptim,5741,8.2838603e-317
91,DFT_CRT,time_and_value_scaling_t0,wide,DEoptim,5742,2.78134240537688e-309
91,DFT_CRT,time_and_value_scaling_t0,wide,DEoptim,5743,8.344027051644884e-309
91,DFT_CRT,time_and_value_scaling_t0,wide,DEoptim,5744,8.224288e-317
91,DFT_CRT,time_and_value_scaling_t0,wide,DEoptim,5745,2.78134240572597e-309
91,DFT_CRT,time_and_value_scaling_t0,wide,DEoptim,5746,4.556951275697422e-304
91,DFT_CRT,time_and_value_scaling_t0,wide,DEoptim,5747,8.3440270056678465e-309
91,DFT_CRT,time_and_value_scaling_t0,wide,DEoptim,5748,8.224288e-317
91,DFT_CRT,time_and_value_scaling_t0,wide,DEoptim,5749,2.781342405799326e-309
91,DFT_CRT,time_and_value_scaling_t0,wide,DEoptim,5750,8.224288e-317
91,DFT_CRT,time_and_value_scaling_t0,wide,DEoptim,5751,1.390671166747655e-309
91,DFT_CRT,time_and_value_scaling_t0,wide,DEoptim,5752,2639280757236534e217
91,DFT_CRT,time_and_value_scaling_t0,wide,DEoptim,5753,14339749448044695e150
91,DFT_CRT,time_and_value_scaling_t0,wide,DEoptim,5754,15138740687092656e227
91,DFT_CRT,time_and_value_scaling_t0,wide,DEoptim,5755,11670741161214417e184
91,DFT_CRT,time_and_value_scaling_t0,wide,DEoptim,5756,10550638048244696e192
91,DFT_CRT,time_and_value_scaling_t0,wide,DEoptim,5757,10731248153066749e184
91,DFT_CRT,time_and_value_scaling_t0,wide,DEoptim,5758,2.4381298141584336e-152
91,DFT_CRT,time_and_value_scaling_t0,wide,DEoptim,5759,-8371161056012723e283
91,DFT_CRT,time_and_value_scaling_t0,wide,DEoptim,5760,1.2882297539194267e-231
91,DFT_CRT,time_and_value_scaling_t0,wide,DEoptim,5761,2.4834631584438887e-265
91,DFT_CRT,time_and_value_scaling_t0,wide,DEoptim,5762,3101319835810764e154
91,DFT_CRT,time_and_value_scaling_t0,wide,DEoptim,5763,1.2758719585662279e-152
91,DFT_CRT,time_and_value_scaling_t0,wide,DEoptim,5764,58302244603458266e236
91,DFT_CRT,time_and_value_scaling_t0,wide,DEoptim,5765,5492494680170366e226
91,DFT_CRT,time_and_value_scaling_t0,wide,DEoptim,5766,22672761873535567e145
91,DFT_CRT,time_and_value_scaling_t0,wide,DEoptim,5767,4.778311781410056e-299
91,DFT_CRT,time_and_value_scaling_t0,wide,DEoptim,5768,2.1162646927e-314
91,DFT_CRT,time_and_value_scaling_t0,wide,DEoptim,5769,7.291122291171859e-304
91,DFT_CRT,time_and_value_scaling_t0,wide,DEoptim,5770,0
91,DFT_CRT,time_and_value_scaling_t0,wide,DEoptim,5771,2.105417699e-314
91,DFT_CRT,time_and_value_scaling_t0,wide,DEoptim,5772,2.105417699e-314
91,DFT_CRT,time_and_value_scaling_t0,wide,DEoptim,5773,2.105417699e-314
91,DFT_CRT,time_and_value_scaling_t0,wide,DEoptim,5774,2.105417699e-314
91,DFT_CRT,time_and_value_scaling_t0,wide,DEoptim,5775,4.778314248086561e-299
91,DFT_CRT,time_and_value_scaling_t0,wide,DEoptim,5776,-5727786203457123e235
91,DFT_CRT,time_and_value_scaling_t0,wide,DEoptim,5777,8.814429374032023e-280
91,DFT_CRT,time_and_value_scaling_t0,wide,DEoptim,5778,2.105417699e-314
91,DFT_CRT,time_and_value_scaling_t0,wide,DEoptim,5779,2.4834631584438887e-265
91,DFT_CRT,time_and_value_scaling_t0,wide,DEoptim,5780,9305342357549095e184
91,DFT_CRT,time_and_value_scaling_t0,wide,DEoptim,5781,1.086461858938e-311
91,DFT_CRT,time_and_value_scaling_t0,wide,DEoptim,5782,3.2126e-319
91,DFT_CRT,time_and_value_scaling_t0,wide,DEoptim,5783,2.052769442741057e-289
91,DFT_CRT,time_and_value_scaling_t0,wide,DEoptim,5784,22527520001496117e145
91,DFT_CRT,time_and_value_scaling_t0,wide,DEoptim,5785,4.778311781410056e-299
91,DFT_CRT,time_and_value_scaling_t0,wide,DEoptim,5786,2.105417699e-314
91,DFT_CRT,time_and_value_scaling_t0,wide,DEoptim,5787,4.778314266721555e-299
91,DFT_CRT,time_and_value_scaling_t0,wide,DEoptim,5788,2.114160052e-314
91,DFT_CRT,time_and_value_scaling_t0,wide,DEoptim,5789,2.114160052e-314
91,DFT_CRT,time_and_value_scaling_t0,wide,DEoptim,5790,4.778314248086561e-299
91,DFT_CRT,time_and_value_scaling_t0,wide,DEoptim,5791,-5727786203457123e235
91,DFT_CRT,time_and_value_scaling_t0,wide,DEoptim,5792,8.814429406868318e-280
91,DFT_CRT,time_and_value_scaling_t0,wide,DEoptim,5793,2.105417699e-314
91,DFT_CRT,time_and_value_scaling_t0,wide,DEoptim,5794,2.4834631584438887e-265
91,DFT_CRT,time_and_value_scaling_t0,wide,DEoptim,5795,1996719063791883e194
91,DFT_CRT,time_and_value_scaling_t0,wide,DEoptim,5796,1.0427272688369132e-306
91,DFT_CRT,time_and_value_scaling_t0,wide,DEoptim,5797,6.8354268934402224e-304
91,DFT_CRT,time_and_value_scaling_t0,wide,DEoptim,5798,2.2250738585072014e-308
91,DFT_CRT,time_and_value_scaling_t0,wide,DEoptim,5799,1.2516125334258437e-308
91,DFT_CRT,time_and_value_scaling_t0,wide,DEoptim,5800,7698438234457774e203
91,DFT_CRT,time_and_value_scaling_t0,wide,DEoptim,5801,4.2439916387e-314
91,DFT_CRT,time_and_value_scaling_t0,wide,DEoptim,5802,2.999393627791431e-241
91,DFT_CRT,time_and_value_scaling_t0,wide,DEoptim,5803,1.26e-321
91,DFT_CRT,time_and_value_scaling_t0,wide,DEoptim,5804,4.2439917074e-314
91,DFT_CRT,time_and_value_scaling_t0,wide,DEoptim,5805,7.29281863837392e-304
91,DFT_CRT,time_and_value_scaling_t0,wide,DEoptim,5806,1.27319748026e-313
91,DFT_CRT,time_and_value_scaling_t0,wide,DEoptim,5807,6.68887130434731e-198
91,DFT_CRT,time_and_value_scaling_t0,wide,DEoptim,5808,4.243991708e-314
91,DFT_CRT,time_and_value_scaling_t0,wide,DEoptim,5809,1.27319748713e-313
91,DFT_CRT,time_and_value_scaling_t0,wide,DEoptim,5810,2.376364457869084e-212
91,DFT_CRT,time_and_value_scaling_t0,wide,DEoptim,5811,4.243991708e-314
91,DFT_CRT,time_and_value_scaling_t0,wide,DEoptim,5812,1.27319748713e-313
91,DFT_CRT,time_and_value_scaling_t0,wide,DEoptim,5813,1.255e-321
91,DFT_CRT,time_and_value_scaling_t0,wide,DEoptim,5814,1.90980916355e-313
91,DFT_CRT,time_and_value_scaling_t0,wide,DEoptim,5815,19108462622482887e198
91,DFT_CRT,time_and_value_scaling_t0,wide,DEoptim,5816,-8371161056012723e283
91,DFT_CRT,time_and_value_scaling_t0,wide,DEoptim,5817,1.2882297539194267e-231
91,DFT_CRT,time_and_value_scaling_t0,wide,DEoptim,5818,2.4834631584438887e-265
91,DFT_CRT,time_and_value_scaling_t0,wide,DEoptim,5819,5388229624277606e213
91,DFT_CRT,time_and_value_scaling_t0,wide,DEoptim,5820,7342923484335924e208
91,DFT_CRT,time_and_value_scaling_t0,wide,DEoptim,5821,4.243991633e-314
91,DFT_CRT,time_and_value_scaling_t0,wide,DEoptim,5822,1.27319748713e-313
91,DFT_CRT,time_and_value_scaling_t0,wide,DEoptim,5823,2460063114462863e245
91,DFT_CRT,time_and_value_scaling_t0,wide,DEoptim,5824,4.243991708e-314
91,DFT_CRT,time_and_value_scaling_t0,wide,DEoptim,5825,1.255e-321
91,DFT_CRT,time_and_value_scaling_t0,wide,DEoptim,5826,5.56270586622599e-309
91,DFT_CRT,time_and_value_scaling_t0,wide,DEoptim,5827,9301928971863748e227
91,DFT_CRT,time_and_value_scaling_t0,wide,DEoptim,5828,2.781342360508294e-309
91,DFT_CRT,time_and_value_scaling_t0,wide,DEoptim,5829,8.224288e-317
91,DFT_CRT,time_and_value_scaling_t0,wide,DEoptim,5830,8.2584377e-317
91,DFT_CRT,time_and_value_scaling_t0,wide,DEoptim,5831,8.224288e-317
91,DFT_CRT,time_and_value_scaling_t0,wide,DEoptim,5832,2.78134240537688e-309
91,DFT_CRT,time_and_value_scaling_t0,wide,DEoptim,5833,8.344027051644884e-309
91,DFT_CRT,time_and_value_scaling_t0,wide,DEoptim,5834,8.224288e-317
91,DFT_CRT,time_and_value_scaling_t0,wide,DEoptim,5835,2.781342405741145e-309
91,DFT_CRT,time_and_value_scaling_t0,wide,DEoptim,5836,8.224288e-317
91,DFT_CRT,time_and_value_scaling_t0,wide,DEoptim,5837,2.781342405967546e-309
91,DFT_CRT,time_and_value_scaling_t0,wide,DEoptim,5838,8.344027051644884e-309
91,DFT_CRT,time_and_value_scaling_t0,wide,DEoptim,5839,8.224288e-317
91,DFT_CRT,time_and_value_scaling_t0,wide,DEoptim,5840,2.781342405975135e-309
91,DFT_CRT,time_and_value_scaling_t0,wide,DEoptim,5841,8.224288e-317
91,DFT_CRT,time_and_value_scaling_t0,wide,DEoptim,5842,1.390671166747655e-309
91,DFT_CRT,time_and_value_scaling_t0,wide,DEoptim,5843,426942475423361e217
91,DFT_CRT,time_and_value_scaling_t0,wide,DEoptim,5844,2.449361772195e-312
91,DFT_CRT,time_and_value_scaling_t0,wide,DEoptim,5845,5.38986930906e-312
91,DFT_CRT,time_and_value_scaling_t0,wide,DEoptim,5846,5.428827825527e-312
91,DFT_CRT,time_and_value_scaling_t0,wide,DEoptim,5847,5.41224973342e-312
91,DFT_CRT,time_and_value_scaling_t0,wide,DEoptim,5848,5.41224973341e-312
91,DFT_CRT,time_and_value_scaling_t0,wide,DEoptim,5849,5.38986930905e-312
91,DFT_CRT,time_and_value_scaling_t0,wide,DEoptim,5850,5.38986930906e-312
91,DFT_CRT,time_and_value_scaling_t0,wide,DEoptim,5851,5.38986930908e-312
91,DFT_CRT,time_and_value_scaling_t0,wide,DEoptim,5852,5.562705866225913e-309
91,DFT_CRT,time_and_value_scaling_t0,wide,DEoptim,5853,9462831311728085e203
91,DFT_CRT,time_and_value_scaling_t0,wide,DEoptim,5854,2.781342355986675e-309
91,DFT_CRT,time_and_value_scaling_t0,wide,DEoptim,5855,8.224288e-317
91,DFT_CRT,time_and_value_scaling_t0,wide,DEoptim,5856,1.390671166747655e-309
91,DFT_CRT,time_and_value_scaling_t0,wide,DEoptim,5857,426942475423361e217
91,DFT_CRT,time_and_value_scaling_t0,wide,DEoptim,5858,2.449361772195e-312
91,DFT_CRT,time_and_value_scaling_t0,wide,DEoptim,5859,5.41224973342e-312
91,DFT_CRT,time_and_value_scaling_t0,wide,DEoptim,5860,5.41224973341e-312
91,DFT_CRT,time_and_value_scaling_t0,wide,DEoptim,5861,5.38986930905e-312
91,DFT_CRT,time_and_value_scaling_t0,wide,DEoptim,5862,5.38986930905e-312
91,DFT_CRT,time_and_value_scaling_t0,wide,DEoptim,5863,5.38986930905e-312
91,DFT_CRT,time_and_value_scaling_t0,wide,DEoptim,5864,5.413161528486e-312
91,DFT_CRT,time_and_value_scaling_t0,wide,DEoptim,5865,2.12199579097e-313
91,DFT_CRT,time_and_value_scaling_t0,wide,DEoptim,5866,2.1219957915e-314
91,DFT_CRT,time_and_value_scaling_t0,wide,DEoptim,5867,5.38986930905e-312
91,DFT_CRT,time_and_value_scaling_t0,wide,DEoptim,5868,5.38986930905e-312
91,DFT_CRT,time_and_value_scaling_t0,wide,DEoptim,5869,5.38986930905e-312
91,DFT_CRT,time_and_value_scaling_t0,wide,DEoptim,5870,5.38986930906e-312
91,DFT_CRT,time_and_value_scaling_t0,wide,DEoptim,5871,2.461598009186e-312
91,DFT_CRT,time_and_value_scaling_t0,wide,DEoptim,5872,5.38986930908e-312
91,DFT_CRT,time_and_value_scaling_t0,wide,DEoptim,5873,5.413244418937e-312
91,DFT_CRT,time_and_value_scaling_t0,wide,DEoptim,5874,5.38986930906e-312
91,DFT_CRT,time_and_value_scaling_t0,wide,DEoptim,5875,5.562705866225913e-309
91,DFT_CRT,time_and_value_scaling_t0,wide,DEoptim,5876,29909031128904843e246
91,DFT_CRT,time_and_value_scaling_t0,wide,DEoptim,5877,-8371161056012723e283
91,DFT_CRT,time_and_value_scaling_t0,wide,DEoptim,5878,3988371727359409e240
91,DFT_CRT,time_and_value_scaling_t0,wide,DEoptim,5879,-8371161180752742e283
91,DFT_CRT,time_and_value_scaling_t0,wide,DEoptim,5880,7.291122019556398e-304
91,DFT_CRT,time_and_value_scaling_t0,wide,DEoptim,5881,1.0655987126833295e-255
91,DFT_CRT,time_and_value_scaling_t0,wide,DEoptim,5882,13429659952090495e203
91,DFT_CRT,time_and_value_scaling_t0,wide,DEoptim,5883,2.78134236083337e-309
91,DFT_CRT,time_and_value_scaling_t0,wide,DEoptim,5884,8.224288e-317
91,DFT_CRT,time_and_value_scaling_t0,wide,DEoptim,5885,8.2626116e-317
91,DFT_CRT,time_and_value_scaling_t0,wide,DEoptim,5886,8.224288e-317
91,DFT_CRT,time_and_value_scaling_t0,wide,DEoptim,5887,2.78134240537688e-309
91,DFT_CRT,time_and_value_scaling_t0,wide,DEoptim,5888,4.556951275697422e-304
91,DFT_CRT,time_and_value_scaling_t0,wide,DEoptim,5889,8.34402700761059e-309
91,DFT_CRT,time_and_value_scaling_t0,wide,DEoptim,5890,8.224288e-317
91,DFT_CRT,time_and_value_scaling_t0,wide,DEoptim,5891,2.781342405733556e-309
91,DFT_CRT,time_and_value_scaling_t0,wide,DEoptim,5892,8.224288e-317
91,DFT_CRT,time_and_value_scaling_t0,wide,DEoptim,5893,1.2516125334258437e-308
91,DFT_CRT,time_and_value_scaling_t0,wide,DEoptim,5894,3453656952836994e160
91,DFT_CRT,time_and_value_scaling_t0,wide,DEoptim,5895,8882544029711713e232
91,DFT_CRT,time_and_value_scaling_t0,wide,DEoptim,5896,-8371161056012723e283
91,DFT_CRT,time_and_value_scaling_t0,wide,DEoptim,5897,1712992613329969e250
91,DFT_CRT,time_and_value_scaling_t0,wide,DEoptim,5898,-8371161180752742e283
91,DFT_CRT,time_and_value_scaling_t0,wide,DEoptim,5899,-185156687321787e290
91,DFT_CRT,time_and_value_scaling_t0,wide,DEoptim,5900,-8371161056012723e283
91,DFT_CRT,time_and_value_scaling_t0,wide,DEoptim,5901,-8145797017344869e292
91,DFT_CRT,time_and_value_scaling_t0,wide,DEoptim,5902,-8371161056012723e283
91,DFT_CRT,time_and_value_scaling_t0,wide,DEoptim,5903,-3950009329531456e290
91,DFT_CRT,time_and_value_scaling_t0,wide,DEoptim,5904,-8371160993642713e283
91,DFT_CRT,time_and_value_scaling_t0,wide,DEoptim,5905,-8371160993642713e283
91,DFT_CRT,time_and_value_scaling_t0,wide,DEoptim,5906,-8371161056012723e283
91,DFT_CRT,time_and_value_scaling_t0,wide,DEoptim,5907,11226268390719285e254
91,DFT_CRT,time_and_value_scaling_t0,wide,DEoptim,5908,-8371161180752742e283
91,DFT_CRT,time_and_value_scaling_t0,wide,DEoptim,5909,-7584017912700395e292
91,DFT_CRT,time_and_value_scaling_t0,wide,DEoptim,5910,-8371161056012723e283
91,DFT_CRT,time_and_value_scaling_t0,wide,DEoptim,5911,1.2882297539194267e-231
91,DFT_CRT,time_and_value_scaling_t0,wide,DEoptim,5912,2.4834631584438887e-265
91,DFT_CRT,time_and_value_scaling_t0,wide,DEoptim,5913,5388229624277606e213
91,DFT_CRT,time_and_value_scaling_t0,wide,DEoptim,5914,7342923484335924e208
91,DFT_CRT,time_and_value_scaling_t0,wide,DEoptim,5915,4.243991633e-314
91,DFT_CRT,time_and_value_scaling_t0,wide,DEoptim,5916,7.29281863837392e-304
91,DFT_CRT,time_and_value_scaling_t0,wide,DEoptim,5917,1.27319748056e-313
91,DFT_CRT,time_and_value_scaling_t0,wide,DEoptim,5918,2460063114462863e245
91,DFT_CRT,time_and_value_scaling_t0,wide,DEoptim,5919,4.243991708e-314
91,DFT_CRT,time_and_value_scaling_t0,wide,DEoptim,5920,1.255e-321
91,DFT_CRT,time_and_value_scaling_t0,wide,DEoptim,5921,5.56270586622599e-309
91,DFT_CRT,time_and_value_scaling_t0,wide,DEoptim,5922,4908915092455714e237
91,DFT_CRT,time_and_value_scaling_t0,wide,DEoptim,5923,2.06798274534e-312
91,DFT_CRT,time_and_value_scaling_t0,wide,DEoptim,5924,5.38986930906e-312
91,DFT_CRT,time_and_value_scaling_t0,wide,DEoptim,5925,5.42940805875e-312
91,DFT_CRT,time_and_value_scaling_t0,wide,DEoptim,5926,5.38986930905e-312
91,DFT_CRT,time_and_value_scaling_t0,wide,DEoptim,5927,5.38986930905e-312
91,DFT_CRT,time_and_value_scaling_t0,wide,DEoptim,5928,5.38986930906e-312
91,DFT_CRT,time_and_value_scaling_t0,wide,DEoptim,5929,2.588917756644e-312
91,DFT_CRT,time_and_value_scaling_t0,wide,DEoptim,5930,5.38986930908e-312
91,DFT_CRT,time_and_value_scaling_t0,wide,DEoptim,5931,5.412995747555e-312
91,DFT_CRT,time_and_value_scaling_t0,wide,DEoptim,5932,5.38986930906e-312
91,DFT_CRT,time_and_value_scaling_t0,wide,DEoptim,5933,5.38986930908e-312
91,DFT_CRT,time_and_value_scaling_t0,wide,DEoptim,5934,5.412747076173e-312
91,DFT_CRT,time_and_value_scaling_t0,wide,DEoptim,5935,5.38986930906e-312
91,DFT_CRT,time_and_value_scaling_t0,wide,DEoptim,5936,5.38986930908e-312
91,DFT_CRT,time_and_value_scaling_t0,wide,DEoptim,5937,5.4137417617e-312
91,DFT_CRT,time_and_value_scaling_t0,wide,DEoptim,5938,5.38986930906e-312
91,DFT_CRT,time_and_value_scaling_t0,wide,DEoptim,5939,5.38986930908e-312
91,DFT_CRT,time_and_value_scaling_t0,wide,DEoptim,5940,5.562705866225913e-309
91,DFT_CRT,time_and_value_scaling_t0,wide,DEoptim,5941,7340243269301565e208
91,DFT_CRT,time_and_value_scaling_t0,wide,DEoptim,5942,13479512246494014e212
91,DFT_CRT,time_and_value_scaling_t0,wide,DEoptim,5943,4.778311513847625e-299
91,DFT_CRT,time_and_value_scaling_t0,wide,DEoptim,5944,2.105417699e-314
91,DFT_CRT,time_and_value_scaling_t0,wide,DEoptim,5945,7.291122454141135e-304
91,DFT_CRT,time_and_value_scaling_t0,wide,DEoptim,5946,3.785767122662269e-270
91,DFT_CRT,time_and_value_scaling_t0,wide,DEoptim,5947,2865307293017448e146
91,DFT_CRT,time_and_value_scaling_t0,wide,DEoptim,5948,-8371161056012723e283
91,DFT_CRT,time_and_value_scaling_t0,wide,DEoptim,5949,-8145797017344869e292
91,DFT_CRT,time_and_value_scaling_t0,wide,DEoptim,5950,-8371160993642713e283
91,DFT_CRT,time_and_value_scaling_t0,wide,DEoptim,5951,-8371161056012723e283
91,DFT_CRT,time_and_value_scaling_t0,wide,DEoptim,5952,-8371161180752742e283
91,DFT_CRT,time_and_value_scaling_t0,wide,DEoptim,5953,-13715310171984222e288
91,DFT_CRT,time_and_value_scaling_t0,wide,DEoptim,5954,-8371161056012723e283
91,DFT_CRT,time_and_value_scaling_t0,wide,DEoptim,5955,-8371161180752742e283
91,DFT_CRT,time_and_value_scaling_t0,wide,DEoptim,5956,-7584017912700395e292
91,DFT_CRT,time_and_value_scaling_t0,wide,DEoptim,5957,-8371161056012723e283
91,DFT_CRT,time_and_value_scaling_t0,wide,DEoptim,5958,1.2882297539194267e-231
91,DFT_CRT,time_and_value_scaling_t0,wide,DEoptim,5959,2.4834631584438887e-265
91,DFT_CRT,time_and_value_scaling_t0,wide,DEoptim,5960,5388229624277606e213
91,DFT_CRT,time_and_value_scaling_t0,wide,DEoptim,5961,7342923484335924e208
91,DFT_CRT,time_and_value_scaling_t0,wide,DEoptim,5962,4.243991633e-314
91,DFT_CRT,time_and_value_scaling_t0,wide,DEoptim,5963,1.27319748713e-313
91,DFT_CRT,time_and_value_scaling_t0,wide,DEoptim,5964,2460063114462863e245
91,DFT_CRT,time_and_value_scaling_t0,wide,DEoptim,5965,4.243991708e-314
91,DFT_CRT,time_and_value_scaling_t0,wide,DEoptim,5966,1.255e-321
91,DFT_CRT,time_and_value_scaling_t0,wide,DEoptim,5967,5.56270586622599e-309
91,DFT_CRT,time_and_value_scaling_t0,wide,DEoptim,5968,4908915092455714e237
91,DFT_CRT,time_and_value_scaling_t0,wide,DEoptim,5969,2.06798274534e-312
91,DFT_CRT,time_and_value_scaling_t0,wide,DEoptim,5970,5.38986930906e-312
91,DFT_CRT,time_and_value_scaling_t0,wide,DEoptim,5971,5.42940805875e-312
91,DFT_CRT,time_and_value_scaling_t0,wide,DEoptim,5972,5.38986930905e-312
91,DFT_CRT,time_and_value_scaling_t0,wide,DEoptim,5973,5.38986930905e-312
91,DFT_CRT,time_and_value_scaling_t0,wide,DEoptim,5974,5.38986930905e-312
91,DFT_CRT,time_and_value_scaling_t0,wide,DEoptim,5975,5.38986930905e-312
91,DFT_CRT,time_and_value_scaling_t0,wide,DEoptim,5976,5.38986930906e-312
91,DFT_CRT,time_and_value_scaling_t0,wide,DEoptim,5977,5.38986930908e-312
91,DFT_CRT,time_and_value_scaling_t0,wide,DEoptim,5978,5.413244418937e-312
91,DFT_CRT,time_and_value_scaling_t0,wide,DEoptim,5979,5.38986930906e-312
91,DFT_CRT,time_and_value_scaling_t0,wide,DEoptim,5980,5.38986930908e-312
91,DFT_CRT,time_and_value_scaling_t0,wide,DEoptim,5981,5.413327309397e-312
91,DFT_CRT,time_and_value_scaling_t0,wide,DEoptim,5982,5.38986930906e-312
91,DFT_CRT,time_and_value_scaling_t0,wide,DEoptim,5983,5.42940805875e-312
91,DFT_CRT,time_and_value_scaling_t0,wide,DEoptim,5984,5.38986930906e-312
91,DFT_CRT,time_and_value_scaling_t0,wide,DEoptim,5985,5.4192125321e-312
91,DFT_CRT,time_and_value_scaling_t0,wide,DEoptim,5986,5.38986930905e-312
91,DFT_CRT,time_and_value_scaling_t0,wide,DEoptim,5987,5.38986930906e-312
91,DFT_CRT,time_and_value_scaling_t0,wide,DEoptim,5988,5.42957383967e-312
91,DFT_CRT,time_and_value_scaling_t0,wide,DEoptim,5989,5.38986930905e-312
91,DFT_CRT,time_and_value_scaling_t0,wide,DEoptim,5990,5.38986930906e-312
91,DFT_CRT,time_and_value_scaling_t0,wide,DEoptim,5991,5.38986930908e-312
91,DFT_CRT,time_and_value_scaling_t0,wide,DEoptim,5992,5.42915938737e-312
91,DFT_CRT,time_and_value_scaling_t0,wide,DEoptim,5993,5.38986930906e-312
91,DFT_CRT,time_and_value_scaling_t0,wide,DEoptim,5994,3.39519326554e-313
91,DFT_CRT,time_and_value_scaling_t0,wide,DEoptim,5995,1.90980916355e-313
91,DFT_CRT,time_and_value_scaling_t0,wide,DEoptim,5996,39847282052904025e236
91,DFT_CRT,time_and_value_scaling_t0,wide,DEoptim,5997,4.24399163e-314
91,DFT_CRT,time_and_value_scaling_t0,wide,DEoptim,5998,-9526820527087916e124
91,DFT_CRT,time_and_value_scaling_t0,wide,DEoptim,5999,1.26e-321
91,DFT_CRT,time_and_value_scaling_t0,wide,DEoptim,6000,1.255e-321
91,DFT_CRT,time_and_value_scaling_t0,wide,DEoptim,6001,2.8728538294558286e-188
91,DFT_CRT,time_and_value_scaling_t0,wide,DEoptim,6002,1.26e-321
91,DFT_CRT,time_and_value_scaling_t0,wide,DEoptim,6003,2.121995796e-314
91,DFT_CRT,time_and_value_scaling_t0,wide,DEoptim,6004,5e-324
91,DFT_CRT,time_and_value_scaling_t0,wide,DEoptim,6005,4.2439917074e-314
91,DFT_CRT,time_and_value_scaling_t0,wide,DEoptim,6006,7.29281863837392e-304
91,DFT_CRT,time_and_value_scaling_t0,wide,DEoptim,6007,1.27319748066e-313
91,DFT_CRT,time_and_value_scaling_t0,wide,DEoptim,6008,1.8827498946117344e-183
91,DFT_CRT,time_and_value_scaling_t0,wide,DEoptim,6009,4.243991708e-314
91,DFT_CRT,time_and_value_scaling_t0,wide,DEoptim,6010,1.27319748713e-313
91,DFT_CRT,time_and_value_scaling_t0,wide,DEoptim,6011,1.2338789709327463e-178
91,DFT_CRT,time_and_value_scaling_t0,wide,DEoptim,6012,4.243991708e-314
91,DFT_CRT,time_and_value_scaling_t0,wide,DEoptim,6013,-9526820527087916e124
91,DFT_CRT,time_and_value_scaling_t0,wide,DEoptim,6014,4.243991708e-314
91,DFT_CRT,time_and_value_scaling_t0,wide,DEoptim,6015,11517219314031232e148
91,DFT_CRT,time_and_value_scaling_t0,wide,DEoptim,6016,1.26e-321
91,DFT_CRT,time_and_value_scaling_t0,wide,DEoptim,6017,4.2439917074e-314
91,DFT_CRT,time_and_value_scaling_t0,wide,DEoptim,6018,7229475734293445e206
91,DFT_CRT,time_and_value_scaling_t0,wide,DEoptim,6019,1.26e-321
91,DFT_CRT,time_and_value_scaling_t0,wide,DEoptim,6020,4.2439917074e-314
91,DFT_CRT,time_and_value_scaling_t0,wide,DEoptim,6021,7.29281863837392e-304
91,DFT_CRT,time_and_value_scaling_t0,wide,DEoptim,6022,1.2731974807e-313
91,DFT_CRT,time_and_value_scaling_t0,wide,DEoptim,6023,1.255e-321
91,DFT_CRT,time_and_value_scaling_t0,wide,DEoptim,6024,1.90980916355e-313
91,DFT_CRT,time_and_value_scaling_t0,wide,DEoptim,6025,2.2627746807060328e-306
91,DFT_CRT,time_and_value_scaling_t0,wide,DEoptim,6026,6.8354268934402224e-304
91,DFT_CRT,time_and_value_scaling_t0,wide,DEoptim,6027,2.5814333487150635e-306
91,DFT_CRT,time_and_value_scaling_t0,wide,DEoptim,6028,6.835426893652422e-304
91,DFT_CRT,time_and_value_scaling_t0,wide,DEoptim,6029,7.166517883479994e-304
91,DFT_CRT,time_and_value_scaling_t0,wide,DEoptim,6030,6.8354268934402224e-304
91,DFT_CRT,time_and_value_scaling_t0,wide,DEoptim,6031,2.6704363030553515e-306
91,DFT_CRT,time_and_value_scaling_t0,wide,DEoptim,6032,6.835426893652422e-304
91,DFT_CRT,time_and_value_scaling_t0,wide,DEoptim,6033,1.390671161567e-309
91,DFT_CRT,time_and_value_scaling_t0,wide,DEoptim,6034,20014979212736328e172
91,DFT_CRT,time_and_value_scaling_t0,wide,DEoptim,6035,5.83621726690463e-310
91,DFT_CRT,time_and_value_scaling_t0,wide,DEoptim,6036,1.37980654311979e-309
91,DFT_CRT,time_and_value_scaling_t0,wide,DEoptim,6037,8.691694759794e-311
91,DFT_CRT,time_and_value_scaling_t0,wide,DEoptim,6038,4.8891114586947e-311
91,DFT_CRT,time_and_value_scaling_t0,wide,DEoptim,6039,54307422775887e162
91,DFT_CRT,time_and_value_scaling_t0,wide,DEoptim,6040,19831452493633252e207
91,DFT_CRT,time_and_value_scaling_t0,wide,DEoptim,6041,1.47237e-319
91,DFT_CRT,time_and_value_scaling_t0,wide,DEoptim,6042,3.2126e-319
91,DFT_CRT,time_and_value_scaling_t0,wide,DEoptim,6043,1.0864618771003e-311
91,DFT_CRT,time_and_value_scaling_t0,wide,DEoptim,6044,1.32548345118981e-309
91,DFT_CRT,time_and_value_scaling_t0,wide,DEoptim,6045,3.259385550986e-311
91,DFT_CRT,time_and_value_scaling_t0,wide,DEoptim,6046,3.2126e-319
91,DFT_CRT,time_and_value_scaling_t0,wide,DEoptim,6047,1.0864618772575e-311
91,DFT_CRT,time_and_value_scaling_t0,wide,DEoptim,6048,1.0864618771003e-311
91,DFT_CRT,time_and_value_scaling_t0,wide,DEoptim,6049,4.8891114586947e-311
91,DFT_CRT,time_and_value_scaling_t0,wide,DEoptim,6050,5.83621736909613e-310
91,DFT_CRT,time_and_value_scaling_t0,wide,DEoptim,6051,1.363509615442645e-309
91,DFT_CRT,time_and_value_scaling_t0,wide,DEoptim,6052,1.37980654311726e-309
91,DFT_CRT,time_and_value_scaling_t0,wide,DEoptim,6053,1.37980654311979e-309
91,DFT_CRT,time_and_value_scaling_t0,wide,DEoptim,6054,1.379806543124848e-309
91,DFT_CRT,time_and_value_scaling_t0,wide,DEoptim,6055,1.385663251500323e-309
91,DFT_CRT,time_and_value_scaling_t0,wide,DEoptim,6056,1.37980654311979e-309
91,DFT_CRT,time_and_value_scaling_t0,wide,DEoptim,6057,1.379806543124848e-309
91,DFT_CRT,time_and_value_scaling_t0,wide,DEoptim,6058,2.0527694427391904e-289
91,DFT_CRT,time_and_value_scaling_t0,wide,DEoptim,6059,21370986257388666e227
91,DFT_CRT,time_and_value_scaling_t0,wide,DEoptim,6060,5.6707058200613e-310
91,DFT_CRT,time_and_value_scaling_t0,wide,DEoptim,6061,1.37980654311979e-309
91,DFT_CRT,time_and_value_scaling_t0,wide,DEoptim,6062,1.379806543124848e-309
91,DFT_CRT,time_and_value_scaling_t0,wide,DEoptim,6063,1.39005578278762e-309
91,DFT_CRT,time_and_value_scaling_t0,wide,DEoptim,6064,1.38528129226048e-309
91,DFT_CRT,time_and_value_scaling_t0,wide,DEoptim,6065,1.386745469353715e-309
91,DFT_CRT,time_and_value_scaling_t0,wide,DEoptim,6066,1.37980654311726e-309
91,DFT_CRT,time_and_value_scaling_t0,wide,DEoptim,6067,1.38636351011387e-309
91,DFT_CRT,time_and_value_scaling_t0,wide,DEoptim,6068,1.379806543124848e-309
91,DFT_CRT,time_and_value_scaling_t0,wide,DEoptim,6069,1.38655448973253e-309
91,DFT_CRT,time_and_value_scaling_t0,wide,DEoptim,6070,1.37980654311979e-309
91,DFT_CRT,time_and_value_scaling_t0,wide,DEoptim,6071,2.0527694427394237e-289
91,DFT_CRT,time_and_value_scaling_t0,wide,DEoptim,6072,9.347048544685847e-307
91,DFT_CRT,time_and_value_scaling_t0,wide,DEoptim,6073,6.15188420400071e-304
91,DFT_CRT,time_and_value_scaling_t0,wide,DEoptim,6074,6.835426893334123e-304
91,DFT_CRT,time_and_value_scaling_t0,wide,DEoptim,6075,6.8354268934402224e-304
91,DFT_CRT,time_and_value_scaling_t0,wide,DEoptim,6076,6.835426893334123e-304
91,DFT_CRT,time_and_value_scaling_t0,wide,DEoptim,6077,6.8354268934402224e-304
91,DFT_CRT,time_and_value_scaling_t0,wide,DEoptim,6078,6.835426893334123e-304
91,DFT_CRT,time_and_value_scaling_t0,wide,DEoptim,6079,6.835426893334123e-304
91,DFT_CRT,time_and_value_scaling_t0,wide,DEoptim,6080,6.835426893334123e-304
91,DFT_CRT,time_and_value_scaling_t0,wide,DEoptim,6081,6.835426893334123e-304
91,DFT_CRT,time_and_value_scaling_t0,wide,DEoptim,6082,6.8354268934402224e-304
91,DFT_CRT,time_and_value_scaling_t0,wide,DEoptim,6083,6.835426893334123e-304
91,DFT_CRT,time_and_value_scaling_t0,wide,DEoptim,6084,6.835426893334123e-304
91,DFT_CRT,time_and_value_scaling_t0,wide,DEoptim,6085,6.835426893334123e-304
91,DFT_CRT,time_and_value_scaling_t0,wide,DEoptim,6086,6.8354268934402224e-304
91,DFT_CRT,time_and_value_scaling_t0,wide,DEoptim,6087,2.8487898845826375e-306
91,DFT_CRT,time_and_value_scaling_t0,wide,DEoptim,6088,6.835426893652422e-304
91,DFT_CRT,time_and_value_scaling_t0,wide,DEoptim,6089,7.083745135943526e-304
91,DFT_CRT,time_and_value_scaling_t0,wide,DEoptim,6090,6.8354268934402224e-304
91,DFT_CRT,time_and_value_scaling_t0,wide,DEoptim,6091,6.835426893652422e-304
91,DFT_CRT,time_and_value_scaling_t0,wide,DEoptim,6092,7.081075047313318e-304
91,DFT_CRT,time_and_value_scaling_t0,wide,DEoptim,6093,6.8354268934402224e-304
91,DFT_CRT,time_and_value_scaling_t0,wide,DEoptim,6094,6.835426893652422e-304
91,DFT_CRT,time_and_value_scaling_t0,wide,DEoptim,6095,7.263531103710908e-304
91,DFT_CRT,time_and_value_scaling_t0,wide,DEoptim,6096,6.8354268934402224e-304
91,DFT_CRT,time_and_value_scaling_t0,wide,DEoptim,6097,6.835426893652422e-304
91,DFT_CRT,time_and_value_scaling_t0,wide,DEoptim,6098,7.166517883479994e-304
91,DFT_CRT,time_and_value_scaling_t0,wide,DEoptim,6099,6.8354268934402224e-304
91,DFT_CRT,time_and_value_scaling_t0,wide,DEoptim,6100,6.835426893652422e-304
91,DFT_CRT,time_and_value_scaling_t0,wide,DEoptim,6101,7.264421133254311e-304
91,DFT_CRT,time_and_value_scaling_t0,wide,DEoptim,6102,6.8354268934402224e-304
91,DFT_CRT,time_and_value_scaling_t0,wide,DEoptim,6103,2.2250738585072014e-308
91,DFT_CRT,time_and_value_scaling_t0,wide,DEoptim,6104,1.2516125334258437e-308
91,DFT_CRT,time_and_value_scaling_t0,wide,DEoptim,6105,3776731604290667e194
91,DFT_CRT,time_and_value_scaling_t0,wide,DEoptim,6106,23320216235021846e39
91,DFT_CRT,time_and_value_scaling_t0,wide,DEoptim,6107,22121157642201783e198
91,DFT_CRT,time_and_value_scaling_t0,wide,DEoptim,6108,8.32189615e-315
91,DFT_CRT,time_and_value_scaling_t0,wide,DEoptim,6109,2.105417699e-314
91,DFT_CRT,time_and_value_scaling_t0,wide,DEoptim,6110,4.778314248086561e-299
91,DFT_CRT,time_and_value_scaling_t0,wide,DEoptim,6111,8.814434003821268e-280
91,DFT_CRT,time_and_value_scaling_t0,wide,DEoptim,6112,2.105417699e-314
91,DFT_CRT,time_and_value_scaling_t0,wide,DEoptim,6113,4.778314270198233e-299
91,DFT_CRT,time_and_value_scaling_t0,wide,DEoptim,6114,4.778314248086561e-299
91,DFT_CRT,time_and_value_scaling_t0,wide,DEoptim,6115,2.1210567975e-314
91,DFT_CRT,time_and_value_scaling_t0,wide,DEoptim,6116,2.0805505607e-314
91,DFT_CRT,time_and_value_scaling_t0,wide,DEoptim,6117,4.778314248086561e-299
91,DFT_CRT,time_and_value_scaling_t0,wide,DEoptim,6118,8.814434003821268e-280
91,DFT_CRT,time_and_value_scaling_t0,wide,DEoptim,6119,2.105417699e-314
91,DFT_CRT,time_and_value_scaling_t0,wide,DEoptim,6120,4.778314267277823e-299
91,DFT_CRT,time_and_value_scaling_t0,wide,DEoptim,6121,8.814434003821268e-280
91,DFT_CRT,time_and_value_scaling_t0,wide,DEoptim,6122,2.105417699e-314
91,DFT_CRT,time_and_value_scaling_t0,wide,DEoptim,6123,4.778314281740803e-299
91,DFT_CRT,time_and_value_scaling_t0,wide,DEoptim,6124,8.814434003821268e-280
91,DFT_CRT,time_and_value_scaling_t0,wide,DEoptim,6125,2.105417699e-314
91,DFT_CRT,time_and_value_scaling_t0,wide,DEoptim,6126,4.77831428167127e-299
91,DFT_CRT,time_and_value_scaling_t0,wide,DEoptim,6127,2.113771503e-314
91,DFT_CRT,time_and_value_scaling_t0,wide,DEoptim,6128,2.11600566e-314
91,DFT_CRT,time_and_value_scaling_t0,wide,DEoptim,6129,4.778314248086561e-299
91,DFT_CRT,time_and_value_scaling_t0,wide,DEoptim,6130,8.814434043455702e-280
91,DFT_CRT,time_and_value_scaling_t0,wide,DEoptim,6131,2.105417699e-314
91,DFT_CRT,time_and_value_scaling_t0,wide,DEoptim,6132,4.778314270198233e-299
91,DFT_CRT,time_and_value_scaling_t0,wide,DEoptim,6133,4.778314248086561e-299
91,DFT_CRT,time_and_value_scaling_t0,wide,DEoptim,6134,2.1211215556e-314
91,DFT_CRT,time_and_value_scaling_t0,wide,DEoptim,6135,2.0805505607e-314
91,DFT_CRT,time_and_value_scaling_t0,wide,DEoptim,6136,4.778314248086561e-299
91,DFT_CRT,time_and_value_scaling_t0,wide,DEoptim,6137,2.105417699e-314
91,DFT_CRT,time_and_value_scaling_t0,wide,DEoptim,6138,4.778314248086561e-299
91,DFT_CRT,time_and_value_scaling_t0,wide,DEoptim,6139,2.105417699e-314
91,DFT_CRT,time_and_value_scaling_t0,wide,DEoptim,6140,2.105417699e-314
91,DFT_CRT,time_and_value_scaling_t0,wide,DEoptim,6141,2.105417699e-314
91,DFT_CRT,time_and_value_scaling_t0,wide,DEoptim,6142,2.105417699e-314
91,DFT_CRT,time_and_value_scaling_t0,wide,DEoptim,6143,4.778314248086561e-299
91,DFT_CRT,time_and_value_scaling_t0,wide,DEoptim,6144,2.105417699e-314
91,DFT_CRT,time_and_value_scaling_t0,wide,DEoptim,6145,2.105417699e-314
91,DFT_CRT,time_and_value_scaling_t0,wide,DEoptim,6146,2.105417699e-314
91,DFT_CRT,time_and_value_scaling_t0,wide,DEoptim,6147,2.105417699e-314
91,DFT_CRT,time_and_value_scaling_t0,wide,DEoptim,6148,4.778314248086561e-299
91,DFT_CRT,time_and_value_scaling_t0,wide,DEoptim,6149,2.114516222e-314
91,DFT_CRT,time_and_value_scaling_t0,wide,DEoptim,6150,7.291122291171859e-304
91,DFT_CRT,time_and_value_scaling_t0,wide,DEoptim,6151,8.289046e-317
91,DFT_CRT,time_and_value_scaling_t0,wide,DEoptim,6152,4.778314248086561e-299
91,DFT_CRT,time_and_value_scaling_t0,wide,DEoptim,6153,-5727786203457123e235
91,DFT_CRT,time_and_value_scaling_t0,wide,DEoptim,6154,8.814429899412734e-280
91,DFT_CRT,time_and_value_scaling_t0,wide,DEoptim,6155,2.105417699e-314
91,DFT_CRT,time_and_value_scaling_t0,wide,DEoptim,6156,4.778314267347357e-299
91,DFT_CRT,time_and_value_scaling_t0,wide,DEoptim,6157,2.105417699e-314
91,DFT_CRT,time_and_value_scaling_t0,wide,DEoptim,6158,7.291122454141135e-304
91,DFT_CRT,time_and_value_scaling_t0,wide,DEoptim,6159,1.3449746641435458e-284
91,DFT_CRT,time_and_value_scaling_t0,wide,DEoptim,6160,2.428724632826e-312
91,DFT_CRT,time_and_value_scaling_t0,wide,DEoptim,6161,5.38986930905e-312
91,DFT_CRT,time_and_value_scaling_t0,wide,DEoptim,6162,5.38986930906e-312
91,DFT_CRT,time_and_value_scaling_t0,wide,DEoptim,6163,2.75867741992e-312
91,DFT_CRT,time_and_value_scaling_t0,wide,DEoptim,6164,5.38986930908e-312
91,DFT_CRT,time_and_value_scaling_t0,wide,DEoptim,6165,5.413244418937e-312
91,DFT_CRT,time_and_value_scaling_t0,wide,DEoptim,6166,5.38986930906e-312
91,DFT_CRT,time_and_value_scaling_t0,wide,DEoptim,6167,5.411255047883e-312
91,DFT_CRT,time_and_value_scaling_t0,wide,DEoptim,6168,5.38986930906e-312
91,DFT_CRT,time_and_value_scaling_t0,wide,DEoptim,6169,2.77989737783e-312
91,DFT_CRT,time_and_value_scaling_t0,wide,DEoptim,6170,5.38986930908e-312
91,DFT_CRT,time_and_value_scaling_t0,wide,DEoptim,6171,2.80111733574e-312
91,DFT_CRT,time_and_value_scaling_t0,wide,DEoptim,6172,5.38986930908e-312
91,DFT_CRT,time_and_value_scaling_t0,wide,DEoptim,6173,5.41672581828e-312
91,DFT_CRT,time_and_value_scaling_t0,wide,DEoptim,6174,5.38986930906e-312
91,DFT_CRT,time_and_value_scaling_t0,wide,DEoptim,6175,5.418963860717e-312
91,DFT_CRT,time_and_value_scaling_t0,wide,DEoptim,6176,5.38986930906e-312
91,DFT_CRT,time_and_value_scaling_t0,wide,DEoptim,6177,5.41912964164e-312
91,DFT_CRT,time_and_value_scaling_t0,wide,DEoptim,6178,5.38986930905e-312
91,DFT_CRT,time_and_value_scaling_t0,wide,DEoptim,6179,5.38986930906e-312
91,DFT_CRT,time_and_value_scaling_t0,wide,DEoptim,6180,5.418383627493e-312
91,DFT_CRT,time_and_value_scaling_t0,wide,DEoptim,6181,5.38986930906e-312
91,DFT_CRT,time_and_value_scaling_t0,wide,DEoptim,6182,5.418466517953e-312
91,DFT_CRT,time_and_value_scaling_t0,wide,DEoptim,6183,5.41224973342e-312
91,DFT_CRT,time_and_value_scaling_t0,wide,DEoptim,6184,5.41224973341e-312
91,DFT_CRT,time_and_value_scaling_t0,wide,DEoptim,6185,5.4124984048e-312
91,DFT_CRT,time_and_value_scaling_t0,wide,DEoptim,6186,5.41249840479e-312
91,DFT_CRT,time_and_value_scaling_t0,wide,DEoptim,6187,5.41258129526e-312
91,DFT_CRT,time_and_value_scaling_t0,wide,DEoptim,6188,5.41258129525e-312
91,DFT_CRT,time_and_value_scaling_t0,wide,DEoptim,6189,5.38986930905e-312
91,DFT_CRT,time_and_value_scaling_t0,wide,DEoptim,6190,5.38986930905e-312
91,DFT_CRT,time_and_value_scaling_t0,wide,DEoptim,6191,5.38986930906e-312
91,DFT_CRT,time_and_value_scaling_t0,wide,DEoptim,6192,2.82233729365e-312
91,DFT_CRT,time_and_value_scaling_t0,wide,DEoptim,6193,5.38986930908e-312
91,DFT_CRT,time_and_value_scaling_t0,wide,DEoptim,6194,5.562705866225913e-309
91,DFT_CRT,time_and_value_scaling_t0,wide,DEoptim,6195,11435766847379804e227
91,DFT_CRT,time_and_value_scaling_t0,wide,DEoptim,6196,602179507350416e137
91,DFT_CRT,time_and_value_scaling_t0,wide,DEoptim,6197,4.778311728152512e-299
91,DFT_CRT,time_and_value_scaling_t0,wide,DEoptim,6198,2.105417699e-314
91,DFT_CRT,time_and_value_scaling_t0,wide,DEoptim,6199,7.291122454141135e-304
91,DFT_CRT,time_and_value_scaling_t0,wide,DEoptim,6200,1.3449746641435458e-284
91,DFT_CRT,time_and_value_scaling_t0,wide,DEoptim,6201,2.428724632826e-312
91,DFT_CRT,time_and_value_scaling_t0,wide,DEoptim,6202,5.38986930905e-312
91,DFT_CRT,time_and_value_scaling_t0,wide,DEoptim,6203,5.38986930906e-312
91,DFT_CRT,time_and_value_scaling_t0,wide,DEoptim,6204,2.84355725156e-312
91,DFT_CRT,time_and_value_scaling_t0,wide,DEoptim,6205,5.38986930908e-312
91,DFT_CRT,time_and_value_scaling_t0,wide,DEoptim,6206,5.413244418937e-312
91,DFT_CRT,time_and_value_scaling_t0,wide,DEoptim,6207,5.38986930906e-312
91,DFT_CRT,time_and_value_scaling_t0,wide,DEoptim,6208,5.38986930908e-312
91,DFT_CRT,time_and_value_scaling_t0,wide,DEoptim,6209,5.413327309397e-312
91,DFT_CRT,time_and_value_scaling_t0,wide,DEoptim,6210,5.38986930906e-312
91,DFT_CRT,time_and_value_scaling_t0,wide,DEoptim,6211,2.86477720947e-312
91,DFT_CRT,time_and_value_scaling_t0,wide,DEoptim,6212,5.38986930908e-312
91,DFT_CRT,time_and_value_scaling_t0,wide,DEoptim,6213,5.413327309397e-312
91,DFT_CRT,time_and_value_scaling_t0,wide,DEoptim,6214,5.38986930906e-312
91,DFT_CRT,time_and_value_scaling_t0,wide,DEoptim,6215,5.411337938343e-312
91,DFT_CRT,time_and_value_scaling_t0,wide,DEoptim,6216,5.38986930906e-312
91,DFT_CRT,time_and_value_scaling_t0,wide,DEoptim,6217,5.42211369822e-312
91,DFT_CRT,time_and_value_scaling_t0,wide,DEoptim,6218,5.38986930905e-312
91,DFT_CRT,time_and_value_scaling_t0,wide,DEoptim,6219,5.38986930906e-312
91,DFT_CRT,time_and_value_scaling_t0,wide,DEoptim,6220,5.42385439789e-312
91,DFT_CRT,time_and_value_scaling_t0,wide,DEoptim,6221,5.38986930905e-312
91,DFT_CRT,time_and_value_scaling_t0,wide,DEoptim,6222,5.38986930906e-312
91,DFT_CRT,time_and_value_scaling_t0,wide,DEoptim,6223,2.88599716738e-312
91,DFT_CRT,time_and_value_scaling_t0,wide,DEoptim,6224,5.38986930908e-312
91,DFT_CRT,time_and_value_scaling_t0,wide,DEoptim,6225,5.42360572651e-312
91,DFT_CRT,time_and_value_scaling_t0,wide,DEoptim,6226,5.38986930905e-312
91,DFT_CRT,time_and_value_scaling_t0,wide,DEoptim,6227,5.38986930905e-312
91,DFT_CRT,time_and_value_scaling_t0,wide,DEoptim,6228,5.38986930906e-312
91,DFT_CRT,time_and_value_scaling_t0,wide,DEoptim,6229,2.90721712529e-312
91,DFT_CRT,time_and_value_scaling_t0,wide,DEoptim,6230,5.38986930908e-312
91,DFT_CRT,time_and_value_scaling_t0,wide,DEoptim,6231,5.413244418937e-312
91,DFT_CRT,time_and_value_scaling_t0,wide,DEoptim,6232,5.38986930906e-312
91,DFT_CRT,time_and_value_scaling_t0,wide,DEoptim,6233,5.562705866225913e-309
91,DFT_CRT,time_and_value_scaling_t0,wide,DEoptim,6234,5826212999740103e160
91,DFT_CRT,time_and_value_scaling_t0,wide,DEoptim,6235,16937526986489907e174
91,DFT_CRT,time_and_value_scaling_t0,wide,DEoptim,6236,4.2439916387e-314
91,DFT_CRT,time_and_value_scaling_t0,wide,DEoptim,6237,7.29281863837392e-304
91,DFT_CRT,time_and_value_scaling_t0,wide,DEoptim,6238,1.2731974814e-313
91,DFT_CRT,time_and_value_scaling_t0,wide,DEoptim,6239,-2.999393627791431e-241
91,DFT_CRT,time_and_value_scaling_t0,wide,DEoptim,6240,4.243991708e-314
91,DFT_CRT,time_and_value_scaling_t0,wide,DEoptim,6241,1.90980916355e-313
91,DFT_CRT,time_and_value_scaling_t0,wide,DEoptim,6242,6.27163931489117e-310
91,DFT_CRT,time_and_value_scaling_t0,wide,DEoptim,6243,8.691694759794e-311
91,DFT_CRT,time_and_value_scaling_t0,wide,DEoptim,6244,4.8891114586947e-311
91,DFT_CRT,time_and_value_scaling_t0,wide,DEoptim,6245,3285982194111781e146
91,DFT_CRT,time_and_value_scaling_t0,wide,DEoptim,6246,2.19480775309e-312
91,DFT_CRT,time_and_value_scaling_t0,wide,DEoptim,6247,5.38986930905e-312
91,DFT_CRT,time_and_value_scaling_t0,wide,DEoptim,6248,5.38986930905e-312
91,DFT_CRT,time_and_value_scaling_t0,wide,DEoptim,6249,5.38986930906e-312
91,DFT_CRT,time_and_value_scaling_t0,wide,DEoptim,6250,2.94965704111e-312
91,DFT_CRT,time_and_value_scaling_t0,wide,DEoptim,6251,5.38986930908e-312
91,DFT_CRT,time_and_value_scaling_t0,wide,DEoptim,6252,5.414736447227e-312
91,DFT_CRT,time_and_value_scaling_t0,wide,DEoptim,6253,5.38986930906e-312
91,DFT_CRT,time_and_value_scaling_t0,wide,DEoptim,6254,5.562705866225913e-309
91,DFT_CRT,time_and_value_scaling_t0,wide,DEoptim,6255,58262099805701634e159
91,DFT_CRT,time_and_value_scaling_t0,wide,DEoptim,6256,16937526986489907e174
91,DFT_CRT,time_and_value_scaling_t0,wide,DEoptim,6257,-8371161056012723e283
91,DFT_CRT,time_and_value_scaling_t0,wide,DEoptim,6258,-12920919406822896e292
91,DFT_CRT,time_and_value_scaling_t0,wide,DEoptim,6259,-8371161056012723e283
91,DFT_CRT,time_and_value_scaling_t0,wide,DEoptim,6260,-8371161180752742e283
91,DFT_CRT,time_and_value_scaling_t0,wide,DEoptim,6261,-13715310171984222e288
91,DFT_CRT,time_and_value_scaling_t0,wide,DEoptim,6262,-8371161056012723e283
91,DFT_CRT,time_and_value_scaling_t0,wide,DEoptim,6263,-7.419983055185386e-251
91,DFT_CRT,time_and_value_scaling_t0,wide,DEoptim,6264,-8371161180752742e283
91,DFT_CRT,time_and_value_scaling_t0,wide,DEoptim,6265,7.291122019556398e-304
91,DFT_CRT,time_and_value_scaling_t0,wide,DEoptim,6266,5.776622196445113e-275
91,DFT_CRT,time_and_value_scaling_t0,wide,DEoptim,6267,9.525020847601017e-307
91,DFT_CRT,time_and_value_scaling_t0,wide,DEoptim,6268,6.8354268934402224e-304
91,DFT_CRT,time_and_value_scaling_t0,wide,DEoptim,6269,2.2250738585072014e-308
91,DFT_CRT,time_and_value_scaling_t0,wide,DEoptim,6270,1.2516125334258437e-308
91,DFT_CRT,time_and_value_scaling_t0,wide,DEoptim,6271,72829740994901805e183
91,DFT_CRT,time_and_value_scaling_t0,wide,DEoptim,6272,4.778310300416428e-299
91,DFT_CRT,time_and_value_scaling_t0,wide,DEoptim,6273,2.105417699e-314
91,DFT_CRT,time_and_value_scaling_t0,wide,DEoptim,6274,2.121251072e-314
91,DFT_CRT,time_and_value_scaling_t0,wide,DEoptim,6275,2.105417699e-314
91,DFT_CRT,time_and_value_scaling_t0,wide,DEoptim,6276,2.105417699e-314
91,DFT_CRT,time_and_value_scaling_t0,wide,DEoptim,6277,4.778314248086561e-299
91,DFT_CRT,time_and_value_scaling_t0,wide,DEoptim,6278,-5727786203457123e235
91,DFT_CRT,time_and_value_scaling_t0,wide,DEoptim,6279,8.814430293448267e-280
91,DFT_CRT,time_and_value_scaling_t0,wide,DEoptim,6280,2.105417699e-314
91,DFT_CRT,time_and_value_scaling_t0,wide,DEoptim,6281,2.4834631584438887e-265
91,DFT_CRT,time_and_value_scaling_t0,wide,DEoptim,6282,7347462723785144e208
91,DFT_CRT,time_and_value_scaling_t0,wide,DEoptim,6283,6201982290543264e208
91,DFT_CRT,time_and_value_scaling_t0,wide,DEoptim,6284,2157705253772223e218
91,DFT_CRT,time_and_value_scaling_t0,wide,DEoptim,6285,9076801783934489e208
91,DFT_CRT,time_and_value_scaling_t0,wide,DEoptim,6286,2.44994943626e-312
91,DFT_CRT,time_and_value_scaling_t0,wide,DEoptim,6287,5.38986930906e-312
91,DFT_CRT,time_and_value_scaling_t0,wide,DEoptim,6288,5.411835281107e-312
91,DFT_CRT,time_and_value_scaling_t0,wide,DEoptim,6289,5.38986930906e-312
91,DFT_CRT,time_and_value_scaling_t0,wide,DEoptim,6290,5.411255047883e-312
91,DFT_CRT,time_and_value_scaling_t0,wide,DEoptim,6291,5.38986930906e-312
91,DFT_CRT,time_and_value_scaling_t0,wide,DEoptim,6292,5.41258129525e-312
91,DFT_CRT,time_and_value_scaling_t0,wide,DEoptim,6293,5.38986930905e-312
91,DFT_CRT,time_and_value_scaling_t0,wide,DEoptim,6294,5.38986930906e-312
91,DFT_CRT,time_and_value_scaling_t0,wide,DEoptim,6295,3.013316914837e-312
91,DFT_CRT,time_and_value_scaling_t0,wide,DEoptim,6296,5.38986930908e-312
91,DFT_CRT,time_and_value_scaling_t0,wide,DEoptim,6297,5.413244418937e-312
91,DFT_CRT,time_and_value_scaling_t0,wide,DEoptim,6298,5.38986930906e-312
91,DFT_CRT,time_and_value_scaling_t0,wide,DEoptim,6299,5.41216684295e-312
91,DFT_CRT,time_and_value_scaling_t0,wide,DEoptim,6300,5.38986930906e-312
91,DFT_CRT,time_and_value_scaling_t0,wide,DEoptim,6301,5.38986930908e-312
91,DFT_CRT,time_and_value_scaling_t0,wide,DEoptim,6302,5.422859712364e-312
91,DFT_CRT,time_and_value_scaling_t0,wide,DEoptim,6303,5.38986930905e-312
91,DFT_CRT,time_and_value_scaling_t0,wide,DEoptim,6304,5.38986930905e-312
91,DFT_CRT,time_and_value_scaling_t0,wide,DEoptim,6305,5.38986930905e-312
91,DFT_CRT,time_and_value_scaling_t0,wide,DEoptim,6306,5.38986930906e-312
91,DFT_CRT,time_and_value_scaling_t0,wide,DEoptim,6307,5.38986930908e-312
91,DFT_CRT,time_and_value_scaling_t0,wide,DEoptim,6308,5.412747076173e-312
91,DFT_CRT,time_and_value_scaling_t0,wide,DEoptim,6309,5.38986930906e-312
91,DFT_CRT,time_and_value_scaling_t0,wide,DEoptim,6310,5.38986930908e-312
91,DFT_CRT,time_and_value_scaling_t0,wide,DEoptim,6311,5.413244418937e-312
91,DFT_CRT,time_and_value_scaling_t0,wide,DEoptim,6312,5.38986930906e-312
91,DFT_CRT,time_and_value_scaling_t0,wide,DEoptim,6313,5.38986930908e-312
91,DFT_CRT,time_and_value_scaling_t0,wide,DEoptim,6314,5.413327309397e-312
91,DFT_CRT,time_and_value_scaling_t0,wide,DEoptim,6315,5.38986930906e-312
91,DFT_CRT,time_and_value_scaling_t0,wide,DEoptim,6316,5.38986930908e-312
91,DFT_CRT,time_and_value_scaling_t0,wide,DEoptim,6317,5.413327309397e-312
91,DFT_CRT,time_and_value_scaling_t0,wide,DEoptim,6318,5.38986930906e-312
91,DFT_CRT,time_and_value_scaling_t0,wide,DEoptim,6319,5.411337938343e-312
91,DFT_CRT,time_and_value_scaling_t0,wide,DEoptim,6320,5.38986930906e-312
91,DFT_CRT,time_and_value_scaling_t0,wide,DEoptim,6321,5.42211369822e-312
91,DFT_CRT,time_and_value_scaling_t0,wide,DEoptim,6322,5.38986930905e-312
91,DFT_CRT,time_and_value_scaling_t0,wide,DEoptim,6323,5.38986930906e-312
91,DFT_CRT,time_and_value_scaling_t0,wide,DEoptim,6324,5.42385439789e-312
91,DFT_CRT,time_and_value_scaling_t0,wide,DEoptim,6325,5.38986930905e-312
91,DFT_CRT,time_and_value_scaling_t0,wide,DEoptim,6326,5.38986930906e-312
91,DFT_CRT,time_and_value_scaling_t0,wide,DEoptim,6327,5.38986930908e-312
91,DFT_CRT,time_and_value_scaling_t0,wide,DEoptim,6328,5.42360572651e-312
91,DFT_CRT,time_and_value_scaling_t0,wide,DEoptim,6329,5.38986930905e-312
91,DFT_CRT,time_and_value_scaling_t0,wide,DEoptim,6330,5.38986930905e-312
91,DFT_CRT,time_and_value_scaling_t0,wide,DEoptim,6331,5.38986930905e-312
91,DFT_CRT,time_and_value_scaling_t0,wide,DEoptim,6332,5.38986930905e-312
91,DFT_CRT,time_and_value_scaling_t0,wide,DEoptim,6333,5.38986930906e-312
91,DFT_CRT,time_and_value_scaling_t0,wide,DEoptim,6334,3.034536872746e-312
91,DFT_CRT,time_and_value_scaling_t0,wide,DEoptim,6335,5.38986930908e-312
91,DFT_CRT,time_and_value_scaling_t0,wide,DEoptim,6336,5.4137417617e-312
91,DFT_CRT,time_and_value_scaling_t0,wide,DEoptim,6337,5.38986930906e-312
91,DFT_CRT,time_and_value_scaling_t0,wide,DEoptim,6338,3.055756830656e-312
91,DFT_CRT,time_and_value_scaling_t0,wide,DEoptim,6339,5.38986930908e-312
91,DFT_CRT,time_and_value_scaling_t0,wide,DEoptim,6340,5.415814023215e-312
91,DFT_CRT,time_and_value_scaling_t0,wide,DEoptim,6341,5.38986930906e-312
91,DFT_CRT,time_and_value_scaling_t0,wide,DEoptim,6342,5.38986930908e-312
91,DFT_CRT,time_and_value_scaling_t0,wide,DEoptim,6343,5.562705866225913e-309
91,DFT_CRT,time_and_value_scaling_t0,wide,DEoptim,6344,2.173135889528e-310
91,DFT_CRT,time_and_value_scaling_t0,wide,DEoptim,6345,1.37980654311979e-309
91,DFT_CRT,time_and_value_scaling_t0,wide,DEoptim,6346,7.8770605787283e-310
91,DFT_CRT,time_and_value_scaling_t0,wide,DEoptim,6347,1.379806543124848e-309
91,DFT_CRT,time_and_value_scaling_t0,wide,DEoptim,6348,1.389822363250615e-309
91,DFT_CRT,time_and_value_scaling_t0,wide,DEoptim,6349,1.37980654311979e-309
91,DFT_CRT,time_and_value_scaling_t0,wide,DEoptim,6350,7.93138367097703e-310
91,DFT_CRT,time_and_value_scaling_t0,wide,DEoptim,6351,1.379806543124848e-309
91,DFT_CRT,time_and_value_scaling_t0,wide,DEoptim,6352,2.0527694427391904e-289
91,DFT_CRT,time_and_value_scaling_t0,wide,DEoptim,6353,8763115236516659e232
91,DFT_CRT,time_and_value_scaling_t0,wide,DEoptim,6354,3180937979644181e136
91,DFT_CRT,time_and_value_scaling_t0,wide,DEoptim,6355,1.2650683006724318e-306
91,DFT_CRT,time_and_value_scaling_t0,wide,DEoptim,6356,6.8354268934402224e-304
91,DFT_CRT,time_and_value_scaling_t0,wide,DEoptim,6357,6.835426893652422e-304
91,DFT_CRT,time_and_value_scaling_t0,wide,DEoptim,6358,7.087305254117138e-304
91,DFT_CRT,time_and_value_scaling_t0,wide,DEoptim,6359,6.8354268934402224e-304
91,DFT_CRT,time_and_value_scaling_t0,wide,DEoptim,6360,7.065944545075469e-304
91,DFT_CRT,time_and_value_scaling_t0,wide,DEoptim,6361,6.8354268934402224e-304
91,DFT_CRT,time_and_value_scaling_t0,wide,DEoptim,6362,7.181648385717843e-304
91,DFT_CRT,time_and_value_scaling_t0,wide,DEoptim,6363,6.835426893334123e-304
91,DFT_CRT,time_and_value_scaling_t0,wide,DEoptim,6364,6.835426893334123e-304
91,DFT_CRT,time_and_value_scaling_t0,wide,DEoptim,6365,6.8354268934402224e-304
91,DFT_CRT,time_and_value_scaling_t0,wide,DEoptim,6366,6.765615221248732e-306
91,DFT_CRT,time_and_value_scaling_t0,wide,DEoptim,6367,6.835426893652422e-304
91,DFT_CRT,time_and_value_scaling_t0,wide,DEoptim,6368,7.094425490464361e-304
91,DFT_CRT,time_and_value_scaling_t0,wide,DEoptim,6369,6.8354268934402224e-304
91,DFT_CRT,time_and_value_scaling_t0,wide,DEoptim,6370,6.835426893652422e-304
91,DFT_CRT,time_and_value_scaling_t0,wide,DEoptim,6371,7.122906435853253e-304
91,DFT_CRT,time_and_value_scaling_t0,wide,DEoptim,6372,6.8354268934402224e-304
91,DFT_CRT,time_and_value_scaling_t0,wide,DEoptim,6373,6.835426893652422e-304
91,DFT_CRT,time_and_value_scaling_t0,wide,DEoptim,6374,6.835426893652422e-304
91,DFT_CRT,time_and_value_scaling_t0,wide,DEoptim,6375,7.123796465396656e-304
91,DFT_CRT,time_and_value_scaling_t0,wide,DEoptim,6376,6.8354268934402224e-304
91,DFT_CRT,time_and_value_scaling_t0,wide,DEoptim,6377,7.124686494940059e-304
91,DFT_CRT,time_and_value_scaling_t0,wide,DEoptim,6378,6.8354268934402224e-304
91,DFT_CRT,time_and_value_scaling_t0,wide,DEoptim,6379,7.125576524483462e-304
91,DFT_CRT,time_and_value_scaling_t0,wide,DEoptim,6380,6.835426893334123e-304
91,DFT_CRT,time_and_value_scaling_t0,wide,DEoptim,6381,6.8354268934402224e-304
91,DFT_CRT,time_and_value_scaling_t0,wide,DEoptim,6382,7.0668345746188716e-304
91,DFT_CRT,time_and_value_scaling_t0,wide,DEoptim,6383,6.835426893334123e-304
91,DFT_CRT,time_and_value_scaling_t0,wide,DEoptim,6384,6.835426893334123e-304
91,DFT_CRT,time_and_value_scaling_t0,wide,DEoptim,6385,6.8354268934402224e-304
91,DFT_CRT,time_and_value_scaling_t0,wide,DEoptim,6386,2.2250738585072014e-308
91,DFT_CRT,time_and_value_scaling_t0,wide,DEoptim,6387,1.2516125334258437e-308
91,DFT_CRT,time_and_value_scaling_t0,wide,DEoptim,6388,1.2650682997250418e-306
91,DFT_CRT,time_and_value_scaling_t0,wide,DEoptim,6389,6.835426893334123e-304
91,DFT_CRT,time_and_value_scaling_t0,wide,DEoptim,6390,6.835426893334123e-304
91,DFT_CRT,time_and_value_scaling_t0,wide,DEoptim,6391,6.835426893334123e-304
91,DFT_CRT,time_and_value_scaling_t0,wide,DEoptim,6392,6.835426893334123e-304
91,DFT_CRT,time_and_value_scaling_t0,wide,DEoptim,6393,6.8354268934402224e-304
91,DFT_CRT,time_and_value_scaling_t0,wide,DEoptim,6394,6.835426893652422e-304
91,DFT_CRT,time_and_value_scaling_t0,wide,DEoptim,6395,7.081075047313318e-304
91,DFT_CRT,time_and_value_scaling_t0,wide,DEoptim,6396,6.8354268934402224e-304
91,DFT_CRT,time_and_value_scaling_t0,wide,DEoptim,6397,7.121627038609884e-306
91,DFT_CRT,time_and_value_scaling_t0,wide,DEoptim,6398,6.835426893652422e-304
91,DFT_CRT,time_and_value_scaling_t0,wide,DEoptim,6399,7.091755401834152e-304
91,DFT_CRT,time_and_value_scaling_t0,wide,DEoptim,6400,6.8354268934402224e-304
91,DFT_CRT,time_and_value_scaling_t0,wide,DEoptim,6401,7.477638855971036e-306
91,DFT_CRT,time_and_value_scaling_t0,wide,DEoptim,6402,6.835426893652422e-304
91,DFT_CRT,time_and_value_scaling_t0,wide,DEoptim,6403,1.390671161567e-309
91,DFT_CRT,time_and_value_scaling_t0,wide,DEoptim,6404,23952813244906662e177
91,DFT_CRT,time_and_value_scaling_t0,wide,DEoptim,6405,46527249847641275e135
91,DFT_CRT,time_and_value_scaling_t0,wide,DEoptim,6406,6186207300998975e208
91,DFT_CRT,time_and_value_scaling_t0,wide,DEoptim,6407,4.778311780855945e-299
91,DFT_CRT,time_and_value_scaling_t0,wide,DEoptim,6408,2.105417699e-314
91,DFT_CRT,time_and_value_scaling_t0,wide,DEoptim,6409,2.114127673e-314
91,DFT_CRT,time_and_value_scaling_t0,wide,DEoptim,6410,4.778314248086561e-299
91,DFT_CRT,time_and_value_scaling_t0,wide,DEoptim,6411,8.814434003821268e-280
91,DFT_CRT,time_and_value_scaling_t0,wide,DEoptim,6412,2.105417699e-314
91,DFT_CRT,time_and_value_scaling_t0,wide,DEoptim,6413,4.778314267277823e-299
91,DFT_CRT,time_and_value_scaling_t0,wide,DEoptim,6414,-5727786203457123e235
91,DFT_CRT,time_and_value_scaling_t0,wide,DEoptim,6415,8.814430588974916e-280
91,DFT_CRT,time_and_value_scaling_t0,wide,DEoptim,6416,2.105417699e-314
91,DFT_CRT,time_and_value_scaling_t0,wide,DEoptim,6417,4.778314268112226e-299
91,DFT_CRT,time_and_value_scaling_t0,wide,DEoptim,6418,-5727786203457123e235
91,DFT_CRT,time_and_value_scaling_t0,wide,DEoptim,6419,8.81443062181121e-280
91,DFT_CRT,time_and_value_scaling_t0,wide,DEoptim,6420,2.105417699e-314
91,DFT_CRT,time_and_value_scaling_t0,wide,DEoptim,6421,4.778314269850565e-299
91,DFT_CRT,time_and_value_scaling_t0,wide,DEoptim,6422,-5727786203457123e235
91,DFT_CRT,time_and_value_scaling_t0,wide,DEoptim,6423,8.814430654647505e-280
91,DFT_CRT,time_and_value_scaling_t0,wide,DEoptim,6424,2.105417699e-314
91,DFT_CRT,time_and_value_scaling_t0,wide,DEoptim,6425,2.4834631584438887e-265
91,DFT_CRT,time_and_value_scaling_t0,wide,DEoptim,6426,4068267450578467e73
91,DFT_CRT,time_and_value_scaling_t0,wide,DEoptim,6427,1.0864618537434e-311
91,DFT_CRT,time_and_value_scaling_t0,wide,DEoptim,6428,1.32548345118981e-309
91,DFT_CRT,time_and_value_scaling_t0,wide,DEoptim,6429,3.2593855542747e-311
91,DFT_CRT,time_and_value_scaling_t0,wide,DEoptim,6430,3.2126e-319
91,DFT_CRT,time_and_value_scaling_t0,wide,DEoptim,6431,1.08646187724e-311
91,DFT_CRT,time_and_value_scaling_t0,wide,DEoptim,6432,3.2126e-319
91,DFT_CRT,time_and_value_scaling_t0,wide,DEoptim,6433,1.086461877281e-311
91,DFT_CRT,time_and_value_scaling_t0,wide,DEoptim,6434,3.2126e-319
91,DFT_CRT,time_and_value_scaling_t0,wide,DEoptim,6435,4.8891114586947e-311
91,DFT_CRT,time_and_value_scaling_t0,wide,DEoptim,6436,17746002076623726e232
91,DFT_CRT,time_and_value_scaling_t0,wide,DEoptim,6437,5742569526379222e179
91,DFT_CRT,time_and_value_scaling_t0,wide,DEoptim,6438,3.510785e-317
91,DFT_CRT,time_and_value_scaling_t0,wide,DEoptim,6439,8.224288e-317
91,DFT_CRT,time_and_value_scaling_t0,wide,DEoptim,6440,8.224288e-317
91,DFT_CRT,time_and_value_scaling_t0,wide,DEoptim,6441,2.78134240537688e-309
91,DFT_CRT,time_and_value_scaling_t0,wide,DEoptim,6442,8.344027051644884e-309
91,DFT_CRT,time_and_value_scaling_t0,wide,DEoptim,6443,8.224288e-317
91,DFT_CRT,time_and_value_scaling_t0,wide,DEoptim,6444,2.78134240572597e-309
91,DFT_CRT,time_and_value_scaling_t0,wide,DEoptim,6445,4.556951275697422e-304
91,DFT_CRT,time_and_value_scaling_t0,wide,DEoptim,6446,8.344027019267063e-309
91,DFT_CRT,time_and_value_scaling_t0,wide,DEoptim,6447,8.224288e-317
91,DFT_CRT,time_and_value_scaling_t0,wide,DEoptim,6448,2.781342405799326e-309
91,DFT_CRT,time_and_value_scaling_t0,wide,DEoptim,6449,8.224288e-317
91,DFT_CRT,time_and_value_scaling_t0,wide,DEoptim,6450,1.390671166747655e-309
91,DFT_CRT,time_and_value_scaling_t0,wide,DEoptim,6451,24560730381082163e14
91,DFT_CRT,time_and_value_scaling_t0,wide,DEoptim,6452,10640025029917894e232
91,DFT_CRT,time_and_value_scaling_t0,wide,DEoptim,6453,17205371833642223e227
91,DFT_CRT,time_and_value_scaling_t0,wide,DEoptim,6454,10306798350854349e82
91,DFT_CRT,time_and_value_scaling_t0,wide,DEoptim,6455,494142262232066e243
91,DFT_CRT,time_and_value_scaling_t0,wide,DEoptim,6456,1.2190794811483608e-152
91,DFT_CRT,time_and_value_scaling_t0,wide,DEoptim,6457,18875372574819587e203
91,DFT_CRT,time_and_value_scaling_t0,wide,DEoptim,6458,204738166057912e176
91,DFT_CRT,time_and_value_scaling_t0,wide,DEoptim,6459,1.7602870295649e-310
91,DFT_CRT,time_and_value_scaling_t0,wide,DEoptim,6460,1.37980654311979e-309
91,DFT_CRT,time_and_value_scaling_t0,wide,DEoptim,6461,1.388039886786204e-309
91,DFT_CRT,time_and_value_scaling_t0,wide,DEoptim,6462,1.37980654311979e-309
91,DFT_CRT,time_and_value_scaling_t0,wide,DEoptim,6463,8.691694759794e-311
91,DFT_CRT,time_and_value_scaling_t0,wide,DEoptim,6464,4.8891114586947e-311
91,DFT_CRT,time_and_value_scaling_t0,wide,DEoptim,6465,4941422622310473e242
91,DFT_CRT,time_and_value_scaling_t0,wide,DEoptim,6466,6081636245896291e232
91,DFT_CRT,time_and_value_scaling_t0,wide,DEoptim,6467,30383756431852213e164
91,DFT_CRT,time_and_value_scaling_t0,wide,DEoptim,6468,982158062365374e238
91,DFT_CRT,time_and_value_scaling_t0,wide,DEoptim,6469,4272556020055599e165
91,DFT_CRT,time_and_value_scaling_t0,wide,DEoptim,6470,4.2439915977e-314
91,DFT_CRT,time_and_value_scaling_t0,wide,DEoptim,6471,1.255e-321
91,DFT_CRT,time_and_value_scaling_t0,wide,DEoptim,6472,5.56270586622599e-309
91,DFT_CRT,time_and_value_scaling_t0,wide,DEoptim,6473,1.3385891624116974e-152
91,DFT_CRT,time_and_value_scaling_t0,wide,DEoptim,6474,9477512636650373e155
91,DFT_CRT,time_and_value_scaling_t0,wide,DEoptim,6475,7628707229165771e213
91,DFT_CRT,time_and_value_scaling_t0,wide,DEoptim,6476,530214.1510336436
91,DFT_CRT,time_and_value_scaling_t0,wide,DEoptim,6477,975020895838295e185
91,DFT_CRT,time_and_value_scaling_t0,wide,DEoptim,6478,9523454747382215e213
91,DFT_CRT,time_and_value_scaling_t0,wide,DEoptim,6479,11531351911826423e198
91,DFT_CRT,time_and_value_scaling_t0,wide,DEoptim,6480,4.778309913047147e-299
91,DFT_CRT,time_and_value_scaling_t0,wide,DEoptim,6481,2.105417699e-314
91,DFT_CRT,time_and_value_scaling_t0,wide,DEoptim,6482,7.291122454141135e-304
91,DFT_CRT,time_and_value_scaling_t0,wide,DEoptim,6483,10384594065242652e18
91,DFT_CRT,time_and_value_scaling_t0,wide,DEoptim,6484,9821579937955209e237
91,DFT_CRT,time_and_value_scaling_t0,wide,DEoptim,6485,29697405989544804e206
91,DFT_CRT,time_and_value_scaling_t0,wide,DEoptim,6486,4.221729224982217e-153
91,DFT_CRT,time_and_value_scaling_t0,wide,DEoptim,6487,2.321585956808693e-152
91,DFT_CRT,time_and_value_scaling_t0,wide,DEoptim,6488,7342879218940982e208
91,DFT_CRT,time_and_value_scaling_t0,wide,DEoptim,6489,1948563139479134e212
91,DFT_CRT,time_and_value_scaling_t0,wide,DEoptim,6490,7628672550629766e213
91,DFT_CRT,time_and_value_scaling_t0,wide,DEoptim,6491,14273230416654342e48
91,DFT_CRT,time_and_value_scaling_t0,wide,DEoptim,6492,1.8184538972149653e-306
91,DFT_CRT,time_and_value_scaling_t0,wide,DEoptim,6493,6.8354268934402224e-304
91,DFT_CRT,time_and_value_scaling_t0,wide,DEoptim,6494,2.2250738585072014e-308
91,DFT_CRT,time_and_value_scaling_t0,wide,DEoptim,6495,1.2516125334258437e-308
91,DFT_CRT,time_and_value_scaling_t0,wide,DEoptim,6496,9338835960756189e237
91,DFT_CRT,time_and_value_scaling_t0,wide,DEoptim,6497,9491216836564164e213
91,DFT_CRT,time_and_value_scaling_t0,wide,DEoptim,6498,3776731604646941e194
91,DFT_CRT,time_and_value_scaling_t0,wide,DEoptim,6499,17101035007632497e198
91,DFT_CRT,time_and_value_scaling_t0,wide,DEoptim,6500,4.778309905453586e-299
91,DFT_CRT,time_and_value_scaling_t0,wide,DEoptim,6501,2.105417699e-314
91,DFT_CRT,time_and_value_scaling_t0,wide,DEoptim,6502,7.291122454141135e-304
91,DFT_CRT,time_and_value_scaling_t0,wide,DEoptim,6503,1.8827499577361656e-183
91,DFT_CRT,time_and_value_scaling_t0,wide,DEoptim,6504,17746002076633345e232
91,DFT_CRT,time_and_value_scaling_t0,wide,DEoptim,6505,5742569526379222e179
91,DFT_CRT,time_and_value_scaling_t0,wide,DEoptim,6506,7506926547701045e232
91,DFT_CRT,time_and_value_scaling_t0,wide,DEoptim,6507,1.086461846244e-311
91,DFT_CRT,time_and_value_scaling_t0,wide,DEoptim,6508,3.2126e-319
91,DFT_CRT,time_and_value_scaling_t0,wide,DEoptim,6509,2.052769442741057e-289
91,DFT_CRT,time_and_value_scaling_t0,wide,DEoptim,6510,14354384331569137e212
91,DFT_CRT,time_and_value_scaling_t0,wide,DEoptim,6511,2112362092284807e247
91,DFT_CRT,time_and_value_scaling_t0,wide,DEoptim,6512,2.4320754225891624e-152
91,DFT_CRT,time_and_value_scaling_t0,wide,DEoptim,6513,3682050653678016e44
91,DFT_CRT,time_and_value_scaling_t0,wide,DEoptim,6514,2.4414129179362297e-152
91,DFT_CRT,time_and_value_scaling_t0,wide,DEoptim,6515,7201007755361225e237
91,DFT_CRT,time_and_value_scaling_t0,wide,DEoptim,6516,928680865147352e185
91,DFT_CRT,time_and_value_scaling_t0,wide,DEoptim,6517,2969740598321776e207
91,DFT_CRT,time_and_value_scaling_t0,wide,DEoptim,6518,4.221729224982217e-153
91,DFT_CRT,time_and_value_scaling_t0,wide,DEoptim,6519,6.258983357876825e-85
91,DFT_CRT,time_and_value_scaling_t0,wide,DEoptim,6520,1.086461846244e-311
91,DFT_CRT,time_and_value_scaling_t0,wide,DEoptim,6521,3.22916e-319
91,DFT_CRT,time_and_value_scaling_t0,wide,DEoptim,6522,5.43230923752e-312
91,DFT_CRT,time_and_value_scaling_t0,wide,DEoptim,6523,0
91,DFT_CRT,time_and_value_scaling_t0,wide,DEoptim,6524,3.2126e-319
91,DFT_CRT,time_and_value_scaling_t0,wide,DEoptim,6525,3.2126e-319
91,DFT_CRT,time_and_value_scaling_t0,wide,DEoptim,6526,3.2126e-319
91,DFT_CRT,time_and_value_scaling_t0,wide,DEoptim,6527,3.2126e-319
91,DFT_CRT,time_and_value_scaling_t0,wide,DEoptim,6528,1.0864618771003e-311
91,DFT_CRT,time_and_value_scaling_t0,wide,DEoptim,6529,1.32548345118981e-309
91,DFT_CRT,time_and_value_scaling_t0,wide,DEoptim,6530,3.2593855545277e-311
91,DFT_CRT,time_and_value_scaling_t0,wide,DEoptim,6531,3.2126e-319
91,DFT_CRT,time_and_value_scaling_t0,wide,DEoptim,6532,1.0864618772426e-311
91,DFT_CRT,time_and_value_scaling_t0,wide,DEoptim,6533,1.32548345118981e-309
91,DFT_CRT,time_and_value_scaling_t0,wide,DEoptim,6534,3.259385554654e-311
91,DFT_CRT,time_and_value_scaling_t0,wide,DEoptim,6535,3.2126e-319
91,DFT_CRT,time_and_value_scaling_t0,wide,DEoptim,6536,1.086461877255e-311
91,DFT_CRT,time_and_value_scaling_t0,wide,DEoptim,6537,1.32548345118981e-309
91,DFT_CRT,time_and_value_scaling_t0,wide,DEoptim,6538,3.2593855547806e-311
91,DFT_CRT,time_and_value_scaling_t0,wide,DEoptim,6539,3.2126e-319
91,DFT_CRT,time_and_value_scaling_t0,wide,DEoptim,6540,1.086461877244e-311
91,DFT_CRT,time_and_value_scaling_t0,wide,DEoptim,6541,3.2126e-319
91,DFT_CRT,time_and_value_scaling_t0,wide,DEoptim,6542,1.0864618772313e-311
91,DFT_CRT,time_and_value_scaling_t0,wide,DEoptim,6543,3.2126e-319
91,DFT_CRT,time_and_value_scaling_t0,wide,DEoptim,6544,2.052769442741057e-289
91,DFT_CRT,time_and_value_scaling_t0,wide,DEoptim,6545,8716966380189567e237
91,DFT_CRT,time_and_value_scaling_t0,wide,DEoptim,6546,8.240300835e-315
91,DFT_CRT,time_and_value_scaling_t0,wide,DEoptim,6547,2.105417699e-314
91,DFT_CRT,time_and_value_scaling_t0,wide,DEoptim,6548,4.778314248086561e-299
91,DFT_CRT,time_and_value_scaling_t0,wide,DEoptim,6549,8.814434003821268e-280
91,DFT_CRT,time_and_value_scaling_t0,wide,DEoptim,6550,2.105417699e-314
91,DFT_CRT,time_and_value_scaling_t0,wide,DEoptim,6551,4.778314267277823e-299
91,DFT_CRT,time_and_value_scaling_t0,wide,DEoptim,6552,-5727786203457123e235
91,DFT_CRT,time_and_value_scaling_t0,wide,DEoptim,6553,8.814430851665272e-280
91,DFT_CRT,time_and_value_scaling_t0,wide,DEoptim,6554,2.105417699e-314
91,DFT_CRT,time_and_value_scaling_t0,wide,DEoptim,6555,4.77831427131077e-299
91,DFT_CRT,time_and_value_scaling_t0,wide,DEoptim,6556,2.105417699e-314
91,DFT_CRT,time_and_value_scaling_t0,wide,DEoptim,6557,7.291122454141135e-304
91,DFT_CRT,time_and_value_scaling_t0,wide,DEoptim,6558,2.481040341507945e-265
91,DFT_CRT,time_and_value_scaling_t0,wide,DEoptim,6559,1.2785022264441204e-152
91,DFT_CRT,time_and_value_scaling_t0,wide,DEoptim,6560,4.243991601e-314
91,DFT_CRT,time_and_value_scaling_t0,wide,DEoptim,6561,2.481040258324164e-265
91,DFT_CRT,time_and_value_scaling_t0,wide,DEoptim,6562,4.243991708e-314
91,DFT_CRT,time_and_value_scaling_t0,wide,DEoptim,6563,1.255e-321
91,DFT_CRT,time_and_value_scaling_t0,wide,DEoptim,6564,5.56270586622599e-309
91,DFT_CRT,time_and_value_scaling_t0,wide,DEoptim,6565,2414861038162183e183
91,DFT_CRT,time_and_value_scaling_t0,wide,DEoptim,6566,5743783906616256e242
91,DFT_CRT,time_and_value_scaling_t0,wide,DEoptim,6567,1.2169809231743397e-152
91,DFT_CRT,time_and_value_scaling_t0,wide,DEoptim,6568,4.778310304312472e-299
91,DFT_CRT,time_and_value_scaling_t0,wide,DEoptim,6569,2.105417699e-314
91,DFT_CRT,time_and_value_scaling_t0,wide,DEoptim,6570,4.778314275065582e-299
91,DFT_CRT,time_and_value_scaling_t0,wide,DEoptim,6571,2.105417699e-314
91,DFT_CRT,time_and_value_scaling_t0,wide,DEoptim,6572,7.291122454141135e-304
91,DFT_CRT,time_and_value_scaling_t0,wide,DEoptim,6573,7.745184089377921e-121
91,DFT_CRT,time_and_value_scaling_t0,wide,DEoptim,6574,6.582036206005337e-85
91,DFT_CRT,time_and_value_scaling_t0,wide,DEoptim,6575,1.2798933284193325e-152
91,DFT_CRT,time_and_value_scaling_t0,wide,DEoptim,6576,23478330208117846e235
91,DFT_CRT,time_and_value_scaling_t0,wide,DEoptim,6577,4941422622327517e242
91,DFT_CRT,time_and_value_scaling_t0,wide,DEoptim,6578,4.560357703883279e-308
91,DFT_CRT,time_and_value_scaling_t0,wide,DEoptim,6579,6.8354268934402224e-304
91,DFT_CRT,time_and_value_scaling_t0,wide,DEoptim,6580,2.2250738585072014e-308
91,DFT_CRT,time_and_value_scaling_t0,wide,DEoptim,6581,1.2516125334258437e-308
91,DFT_CRT,time_and_value_scaling_t0,wide,DEoptim,6582,14692199777340068e179
91,DFT_CRT,time_and_value_scaling_t0,wide,DEoptim,6583,188753725748236e205
91,DFT_CRT,time_and_value_scaling_t0,wide,DEoptim,6584,27963325714822354e23
91,DFT_CRT,time_and_value_scaling_t0,wide,DEoptim,6585,4.778310550869215e-299
91,DFT_CRT,time_and_value_scaling_t0,wide,DEoptim,6586,2.1162646927e-314
91,DFT_CRT,time_and_value_scaling_t0,wide,DEoptim,6587,7.291122291171859e-304
91,DFT_CRT,time_and_value_scaling_t0,wide,DEoptim,6588,0
91,DFT_CRT,time_and_value_scaling_t0,wide,DEoptim,6589,2.105417699e-314
91,DFT_CRT,time_and_value_scaling_t0,wide,DEoptim,6590,2.105417699e-314
91,DFT_CRT,time_and_value_scaling_t0,wide,DEoptim,6591,2.105417699e-314
91,DFT_CRT,time_and_value_scaling_t0,wide,DEoptim,6592,2.105417699e-314
91,DFT_CRT,time_and_value_scaling_t0,wide,DEoptim,6593,4.778314248086561e-299
91,DFT_CRT,time_and_value_scaling_t0,wide,DEoptim,6594,-5727786203457123e235
91,DFT_CRT,time_and_value_scaling_t0,wide,DEoptim,6595,8.814430884501566e-280
91,DFT_CRT,time_and_value_scaling_t0,wide,DEoptim,6596,2.105417699e-314
91,DFT_CRT,time_and_value_scaling_t0,wide,DEoptim,6597,4.778314268112226e-299
91,DFT_CRT,time_and_value_scaling_t0,wide,DEoptim,6598,-5727786203457123e235
91,DFT_CRT,time_and_value_scaling_t0,wide,DEoptim,6599,8.81443091733786e-280
91,DFT_CRT,time_and_value_scaling_t0,wide,DEoptim,6600,2.105417699e-314
91,DFT_CRT,time_and_value_scaling_t0,wide,DEoptim,6601,4.778314268529427e-299
91,DFT_CRT,time_and_value_scaling_t0,wide,DEoptim,6602,-5727786203457123e235
91,DFT_CRT,time_and_value_scaling_t0,wide,DEoptim,6603,8.814430950174155e-280
91,DFT_CRT,time_and_value_scaling_t0,wide,DEoptim,6604,2.105417699e-314
91,DFT_CRT,time_and_value_scaling_t0,wide,DEoptim,6605,4.778314267764558e-299
91,DFT_CRT,time_and_value_scaling_t0,wide,DEoptim,6606,2.105417699e-314
91,DFT_CRT,time_and_value_scaling_t0,wide,DEoptim,6607,4.778314266095753e-299
91,DFT_CRT,time_and_value_scaling_t0,wide,DEoptim,6608,2.105417699e-314
91,DFT_CRT,time_and_value_scaling_t0,wide,DEoptim,6609,2.4834631584438887e-265
91,DFT_CRT,time_and_value_scaling_t0,wide,DEoptim,6610,15059682716040953e145
91,DFT_CRT,time_and_value_scaling_t0,wide,DEoptim,6611,16770971675702296e227
91,DFT_CRT,time_and_value_scaling_t0,wide,DEoptim,6612,8.573467813e-315
91,DFT_CRT,time_and_value_scaling_t0,wide,DEoptim,6613,4.778314248086561e-299
91,DFT_CRT,time_and_value_scaling_t0,wide,DEoptim,6614,8.814434003821268e-280
91,DFT_CRT,time_and_value_scaling_t0,wide,DEoptim,6615,2.105417699e-314
91,DFT_CRT,time_and_value_scaling_t0,wide,DEoptim,6616,4.778314282297072e-299
91,DFT_CRT,time_and_value_scaling_t0,wide,DEoptim,6617,-5727786203457123e235
91,DFT_CRT,time_and_value_scaling_t0,wide,DEoptim,6618,8.81443098301045e-280
91,DFT_CRT,time_and_value_scaling_t0,wide,DEoptim,6619,2.105417699e-314
91,DFT_CRT,time_and_value_scaling_t0,wide,DEoptim,6620,4.778314280906401e-299
91,DFT_CRT,time_and_value_scaling_t0,wide,DEoptim,6621,-5727786203457123e235
91,DFT_CRT,time_and_value_scaling_t0,wide,DEoptim,6622,8.814431015846744e-280
91,DFT_CRT,time_and_value_scaling_t0,wide,DEoptim,6623,2.105417699e-314
91,DFT_CRT,time_and_value_scaling_t0,wide,DEoptim,6624,4.778314268459894e-299
91,DFT_CRT,time_and_value_scaling_t0,wide,DEoptim,6625,2.105417699e-314
91,DFT_CRT,time_and_value_scaling_t0,wide,DEoptim,6626,2.118207438e-314
91,DFT_CRT,time_and_value_scaling_t0,wide,DEoptim,6627,4.778314248086561e-299
91,DFT_CRT,time_and_value_scaling_t0,wide,DEoptim,6628,-5727786203457123e235
91,DFT_CRT,time_and_value_scaling_t0,wide,DEoptim,6629,8.814431048683038e-280
91,DFT_CRT,time_and_value_scaling_t0,wide,DEoptim,6630,2.105417699e-314
91,DFT_CRT,time_and_value_scaling_t0,wide,DEoptim,6631,4.778314269850565e-299
91,DFT_CRT,time_and_value_scaling_t0,wide,DEoptim,6632,-5727786203457123e235
91,DFT_CRT,time_and_value_scaling_t0,wide,DEoptim,6633,8.814431081519333e-280
91,DFT_CRT,time_and_value_scaling_t0,wide,DEoptim,6634,2.105417699e-314
91,DFT_CRT,time_and_value_scaling_t0,wide,DEoptim,6635,4.778314269920098e-299
91,DFT_CRT,time_and_value_scaling_t0,wide,DEoptim,6636,2.105417699e-314
91,DFT_CRT,time_and_value_scaling_t0,wide,DEoptim,6637,2.118207438e-314
91,DFT_CRT,time_and_value_scaling_t0,wide,DEoptim,6638,2.105417699e-314
91,DFT_CRT,time_and_value_scaling_t0,wide,DEoptim,6639,2.105417699e-314
91,DFT_CRT,time_and_value_scaling_t0,wide,DEoptim,6640,2.105417699e-314
91,DFT_CRT,time_and_value_scaling_t0,wide,DEoptim,6641,2.105417699e-314
91,DFT_CRT,time_and_value_scaling_t0,wide,DEoptim,6642,4.778314248086561e-299
91,DFT_CRT,time_and_value_scaling_t0,wide,DEoptim,6643,-5727786203457123e235
91,DFT_CRT,time_and_value_scaling_t0,wide,DEoptim,6644,8.814431114355627e-280
91,DFT_CRT,time_and_value_scaling_t0,wide,DEoptim,6645,2.105417699e-314
91,DFT_CRT,time_and_value_scaling_t0,wide,DEoptim,6646,4.778314267695025e-299
91,DFT_CRT,time_and_value_scaling_t0,wide,DEoptim,6647,2.105417699e-314
91,DFT_CRT,time_and_value_scaling_t0,wide,DEoptim,6648,4.778314269641964e-299
91,DFT_CRT,time_and_value_scaling_t0,wide,DEoptim,6649,-5727786203457123e235
91,DFT_CRT,time_and_value_scaling_t0,wide,DEoptim,6650,8.814431147191921e-280
91,DFT_CRT,time_and_value_scaling_t0,wide,DEoptim,6651,2.105417699e-314
91,DFT_CRT,time_and_value_scaling_t0,wide,DEoptim,6652,4.778314266582488e-299
91,DFT_CRT,time_and_value_scaling_t0,wide,DEoptim,6653,2.105417699e-314
91,DFT_CRT,time_and_value_scaling_t0,wide,DEoptim,6654,4.778314269641964e-299
91,DFT_CRT,time_and_value_scaling_t0,wide,DEoptim,6655,2.105417699e-314
91,DFT_CRT,time_and_value_scaling_t0,wide,DEoptim,6656,2.1181426797e-314
91,DFT_CRT,time_and_value_scaling_t0,wide,DEoptim,6657,2.105417699e-314
91,DFT_CRT,time_and_value_scaling_t0,wide,DEoptim,6658,2.105417699e-314
91,DFT_CRT,time_and_value_scaling_t0,wide,DEoptim,6659,4.778314248086561e-299
91,DFT_CRT,time_and_value_scaling_t0,wide,DEoptim,6660,-5727786203457123e235
91,DFT_CRT,time_and_value_scaling_t0,wide,DEoptim,6661,8.814431180028216e-280
91,DFT_CRT,time_and_value_scaling_t0,wide,DEoptim,6662,2.105417699e-314
91,DFT_CRT,time_and_value_scaling_t0,wide,DEoptim,6663,4.778314267695025e-299
91,DFT_CRT,time_and_value_scaling_t0,wide,DEoptim,6664,2.105417699e-314
91,DFT_CRT,time_and_value_scaling_t0,wide,DEoptim,6665,2.4834631584438887e-265
91,DFT_CRT,time_and_value_scaling_t0,wide,DEoptim,6666,4934327528509069e242
91,DFT_CRT,time_and_value_scaling_t0,wide,DEoptim,6667,6.32702674651194e-310
91,DFT_CRT,time_and_value_scaling_t0,wide,DEoptim,6668,1.37980654311979e-309
91,DFT_CRT,time_and_value_scaling_t0,wide,DEoptim,6669,9.1808147926974e-310
91,DFT_CRT,time_and_value_scaling_t0,wide,DEoptim,6670,1.379806543124848e-309
91,DFT_CRT,time_and_value_scaling_t0,wide,DEoptim,6671,1.38755182775428e-309
91,DFT_CRT,time_and_value_scaling_t0,wide,DEoptim,6672,1.37980654311979e-309
91,DFT_CRT,time_and_value_scaling_t0,wide,DEoptim,6673,1.38528129225795e-309
91,DFT_CRT,time_and_value_scaling_t0,wide,DEoptim,6674,1.37980654311979e-309
91,DFT_CRT,time_and_value_scaling_t0,wide,DEoptim,6675,1.385620811584504e-309
91,DFT_CRT,time_and_value_scaling_t0,wide,DEoptim,6676,1.37980654311726e-309
91,DFT_CRT,time_and_value_scaling_t0,wide,DEoptim,6677,1.37980654311726e-309
91,DFT_CRT,time_and_value_scaling_t0,wide,DEoptim,6678,1.37980654311979e-309
91,DFT_CRT,time_and_value_scaling_t0,wide,DEoptim,6679,9.2351378849461e-310
91,DFT_CRT,time_and_value_scaling_t0,wide,DEoptim,6680,1.379806543124848e-309
91,DFT_CRT,time_and_value_scaling_t0,wide,DEoptim,6681,2.0527694427391904e-289
91,DFT_CRT,time_and_value_scaling_t0,wide,DEoptim,6682,24579968203212096e227
91,DFT_CRT,time_and_value_scaling_t0,wide,DEoptim,6683,749229463133778e233
91,DFT_CRT,time_and_value_scaling_t0,wide,DEoptim,6684,-8371161056012723e283
91,DFT_CRT,time_and_value_scaling_t0,wide,DEoptim,6685,NaN
91,DFT_CRT,time_and_value_scaling_t0,wide,DEoptim,6686,-8371161056012723e283
91,DFT_CRT,time_and_value_scaling_t0,wide,DEoptim,6687,-2962506997148592e290
91,DFT_CRT,time_and_value_scaling_t0,wide,DEoptim,6688,7.29112207387949e-304
91,DFT_CRT,time_and_value_scaling_t0,wide,DEoptim,6689,3.785767122662269e-270
91,DFT_CRT,time_and_value_scaling_t0,wide,DEoptim,6690,750057342968189e233
91,DFT_CRT,time_and_value_scaling_t0,wide,DEoptim,6691,1.6259745436952323e-260
91,DFT_CRT,time_and_value_scaling_t0,wide,DEoptim,6692,7.291122046717944e-304
91,DFT_CRT,time_and_value_scaling_t0,wide,DEoptim,6693,-8371160993642713e283
91,DFT_CRT,time_and_value_scaling_t0,wide,DEoptim,6694,-8371161056012723e283
91,DFT_CRT,time_and_value_scaling_t0,wide,DEoptim,6695,-1.5180314277245227e-101
91,DFT_CRT,time_and_value_scaling_t0,wide,DEoptim,6696,-8371161180752742e283
91,DFT_CRT,time_and_value_scaling_t0,wide,DEoptim,6697,-21944496275174755e288
91,DFT_CRT,time_and_value_scaling_t0,wide,DEoptim,6698,-8371161056012723e283
91,DFT_CRT,time_and_value_scaling_t0,wide,DEoptim,6699,-10972248137587377e288
91,DFT_CRT,time_and_value_scaling_t0,wide,DEoptim,6700,-8371161056012723e283
91,DFT_CRT,time_and_value_scaling_t0,wide,DEoptim,6701,-8371161180752742e283
91,DFT_CRT,time_and_value_scaling_t0,wide,DEoptim,6702,-13715310171984222e288
91,DFT_CRT,time_and_value_scaling_t0,wide,DEoptim,6703,-8371161056012723e283
91,DFT_CRT,time_and_value_scaling_t0,wide,DEoptim,6704,-9.948570764735432e-97
91,DFT_CRT,time_and_value_scaling_t0,wide,DEoptim,6705,-8371161180752742e283
91,DFT_CRT,time_and_value_scaling_t0,wide,DEoptim,6706,-14401075680583433e288
91,DFT_CRT,time_and_value_scaling_t0,wide,DEoptim,6707,-8371161056012723e283
91,DFT_CRT,time_and_value_scaling_t0,wide,DEoptim,6708,1.2882297539194267e-231
91,DFT_CRT,time_and_value_scaling_t0,wide,DEoptim,6709,2.4834631584438887e-265
91,DFT_CRT,time_and_value_scaling_t0,wide,DEoptim,6710,5.264271841145365e-90
91,DFT_CRT,time_and_value_scaling_t0,wide,DEoptim,6711,7372477010771657e213
91,DFT_CRT,time_and_value_scaling_t0,wide,DEoptim,6712,5.63e-322
91,DFT_CRT,time_and_value_scaling_t0,wide,DEoptim,6713,4.2439917074e-314
91,DFT_CRT,time_and_value_scaling_t0,wide,DEoptim,6714,7.29281863837392e-304
91,DFT_CRT,time_and_value_scaling_t0,wide,DEoptim,6715,1.27319748313e-313
91,DFT_CRT,time_and_value_scaling_t0,wide,DEoptim,6716,1.4916681462401255e-154
91,DFT_CRT,time_and_value_scaling_t0,wide,DEoptim,6717,4.243991708e-314
91,DFT_CRT,time_and_value_scaling_t0,wide,DEoptim,6718,7.29281863837392e-304
91,DFT_CRT,time_and_value_scaling_t0,wide,DEoptim,6719,1.2731974832e-313
91,DFT_CRT,time_and_value_scaling_t0,wide,DEoptim,6720,3.851859888774689e-34
91,DFT_CRT,time_and_value_scaling_t0,wide,DEoptim,6721,4.243991708e-314
91,DFT_CRT,time_and_value_scaling_t0,wide,DEoptim,6722,7.29281863837392e-304
91,DFT_CRT,time_and_value_scaling_t0,wide,DEoptim,6723,1.27319748323e-313
91,DFT_CRT,time_and_value_scaling_t0,wide,DEoptim,6724,1.8033161362863782e-130
91,DFT_CRT,time_and_value_scaling_t0,wide,DEoptim,6725,4.243991708e-314
91,DFT_CRT,time_and_value_scaling_t0,wide,DEoptim,6726,7.29281863837392e-304
91,DFT_CRT,time_and_value_scaling_t0,wide,DEoptim,6727,1.27319748327e-313
91,DFT_CRT,time_and_value_scaling_t0,wide,DEoptim,6728,1.2338789709327463e-178
91,DFT_CRT,time_and_value_scaling_t0,wide,DEoptim,6729,4.243991708e-314
91,DFT_CRT,time_and_value_scaling_t0,wide,DEoptim,6730,3.1315130625141966e-294
91,DFT_CRT,time_and_value_scaling_t0,wide,DEoptim,6731,4.243991708e-314
91,DFT_CRT,time_and_value_scaling_t0,wide,DEoptim,6732,1.255e-321
91,DFT_CRT,time_and_value_scaling_t0,wide,DEoptim,6733,1.90980916355e-313
91,DFT_CRT,time_and_value_scaling_t0,wide,DEoptim,6734,6988967827467031e213
91,DFT_CRT,time_and_value_scaling_t0,wide,DEoptim,6735,6.2164823673043e-310
91,DFT_CRT,time_and_value_scaling_t0,wide,DEoptim,6736,1.37980654311726e-309
91,DFT_CRT,time_and_value_scaling_t0,wide,DEoptim,6737,1.37980654311726e-309
91,DFT_CRT,time_and_value_scaling_t0,wide,DEoptim,6738,1.37980654311726e-309
91,DFT_CRT,time_and_value_scaling_t0,wide,DEoptim,6739,1.37980654311979e-309
91,DFT_CRT,time_and_value_scaling_t0,wide,DEoptim,6740,1.379806543124848e-309
91,DFT_CRT,time_and_value_scaling_t0,wide,DEoptim,6741,1.385663251500323e-309
91,DFT_CRT,time_and_value_scaling_t0,wide,DEoptim,6742,1.37980654311979e-309
91,DFT_CRT,time_and_value_scaling_t0,wide,DEoptim,6743,9.61539953068707e-310
91,DFT_CRT,time_and_value_scaling_t0,wide,DEoptim,6744,1.379806543124848e-309
91,DFT_CRT,time_and_value_scaling_t0,wide,DEoptim,6745,1.38579057124778e-309
91,DFT_CRT,time_and_value_scaling_t0,wide,DEoptim,6746,1.37980654311979e-309
91,DFT_CRT,time_and_value_scaling_t0,wide,DEoptim,6747,2.0527694427391904e-289
91,DFT_CRT,time_and_value_scaling_t0,wide,DEoptim,6748,8891857327180625e256
91,DFT_CRT,time_and_value_scaling_t0,wide,DEoptim,6749,8196906779253116e232
91,DFT_CRT,time_and_value_scaling_t0,wide,DEoptim,6750,-8371161056012723e283
91,DFT_CRT,time_and_value_scaling_t0,wide,DEoptim,6751,-7.882069813331178e-68
91,DFT_CRT,time_and_value_scaling_t0,wide,DEoptim,6752,-8371161180752742e283
91,DFT_CRT,time_and_value_scaling_t0,wide,DEoptim,6753,-8371161180752742e283
91,DFT_CRT,time_and_value_scaling_t0,wide,DEoptim,6754,-185156687321787e290
91,DFT_CRT,time_and_value_scaling_t0,wide,DEoptim,6755,-8371161056012723e283
91,DFT_CRT,time_and_value_scaling_t0,wide,DEoptim,6756,-6514772331692505e288
91,DFT_CRT,time_and_value_scaling_t0,wide,DEoptim,6757,-8371161056012723e283
91,DFT_CRT,time_and_value_scaling_t0,wide,DEoptim,6758,NaN
91,DFT_CRT,time_and_value_scaling_t0,wide,DEoptim,6759,-8371160993642713e283
91,DFT_CRT,time_and_value_scaling_t0,wide,DEoptim,6760,-8371161056012723e283
91,DFT_CRT,time_and_value_scaling_t0,wide,DEoptim,6761,-65833488825524264e289
91,DFT_CRT,time_and_value_scaling_t0,wide,DEoptim,6762,-8371161056012723e283
91,DFT_CRT,time_and_value_scaling_t0,wide,DEoptim,6763,-2962506997148592e290
91,DFT_CRT,time_and_value_scaling_t0,wide,DEoptim,6764,-8371161056012723e283
91,DFT_CRT,time_and_value_scaling_t0,wide,DEoptim,6765,-8572068857490139e288
91,DFT_CRT,time_and_value_scaling_t0,wide,DEoptim,6766,-8371161056012723e283
91,DFT_CRT,time_and_value_scaling_t0,wide,DEoptim,6767,-9943599874688561e288
91,DFT_CRT,time_and_value_scaling_t0,wide,DEoptim,6768,-8371161056012723e283
91,DFT_CRT,time_and_value_scaling_t0,wide,DEoptim,6769,-21944496275174755e290
91,DFT_CRT,time_and_value_scaling_t0,wide,DEoptim,6770,-8371161056012723e283
91,DFT_CRT,time_and_value_scaling_t0,wide,DEoptim,6771,-7200537840291716e288
91,DFT_CRT,time_and_value_scaling_t0,wide,DEoptim,6772,-8371160993642713e283
91,DFT_CRT,time_and_value_scaling_t0,wide,DEoptim,6773,-8371160993642713e283
91,DFT_CRT,time_and_value_scaling_t0,wide,DEoptim,6774,-8371161056012723e283
91,DFT_CRT,time_and_value_scaling_t0,wide,DEoptim,6775,-5.165593272864721e-63
91,DFT_CRT,time_and_value_scaling_t0,wide,DEoptim,6776,-8371161180752742e283
91,DFT_CRT,time_and_value_scaling_t0,wide,DEoptim,6777,-17829903223579488e288
91,DFT_CRT,time_and_value_scaling_t0,wide,DEoptim,6778,-8371161056012723e283
91,DFT_CRT,time_and_value_scaling_t0,wide,DEoptim,6779,-8371161180752742e283
91,DFT_CRT,time_and_value_scaling_t0,wide,DEoptim,6780,-185156687321787e290
91,DFT_CRT,time_and_value_scaling_t0,wide,DEoptim,6781,-8371161056012723e283
91,DFT_CRT,time_and_value_scaling_t0,wide,DEoptim,6782,-3.3853232073046235e-58
91,DFT_CRT,time_and_value_scaling_t0,wide,DEoptim,6783,-8371161180752742e283
91,DFT_CRT,time_and_value_scaling_t0,wide,DEoptim,6784,-185156687321787e290
91,DFT_CRT,time_and_value_scaling_t0,wide,DEoptim,6785,-8371161056012723e283
91,DFT_CRT,time_and_value_scaling_t0,wide,DEoptim,6786,-6514772331692505e288
91,DFT_CRT,time_and_value_scaling_t0,wide,DEoptim,6787,-8371161056012723e283
91,DFT_CRT,time_and_value_scaling_t0,wide,DEoptim,6788,-18433376871146794e290
91,DFT_CRT,time_and_value_scaling_t0,wide,DEoptim,6789,-8371160993642713e283
91,DFT_CRT,time_and_value_scaling_t0,wide,DEoptim,6790,-8371161056012723e283
91,DFT_CRT,time_and_value_scaling_t0,wide,DEoptim,6791,-4564455225236349e291
91,DFT_CRT,time_and_value_scaling_t0,wide,DEoptim,6792,-8371160993642713e283
91,DFT_CRT,time_and_value_scaling_t0,wide,DEoptim,6793,-8371161056012723e283
91,DFT_CRT,time_and_value_scaling_t0,wide,DEoptim,6794,-2.218605417139158e-53
91,DFT_CRT,time_and_value_scaling_t0,wide,DEoptim,6795,-8371161180752742e283
91,DFT_CRT,time_and_value_scaling_t0,wide,DEoptim,6796,-8914951611789744e288
91,DFT_CRT,time_and_value_scaling_t0,wide,DEoptim,6797,-8371161056012723e283
91,DFT_CRT,time_and_value_scaling_t0,wide,DEoptim,6798,-8371161180752742e283
91,DFT_CRT,time_and_value_scaling_t0,wide,DEoptim,6799,-185156687321787e290
91,DFT_CRT,time_and_value_scaling_t0,wide,DEoptim,6800,-8371161056012723e283
91,DFT_CRT,time_and_value_scaling_t0,wide,DEoptim,6801,-8371161180752742e283
91,DFT_CRT,time_and_value_scaling_t0,wide,DEoptim,6802,-185156687321787e290
91,DFT_CRT,time_and_value_scaling_t0,wide,DEoptim,6803,-8371161056012723e283
91,DFT_CRT,time_and_value_scaling_t0,wide,DEoptim,6804,-6514772331692505e288
91,DFT_CRT,time_and_value_scaling_t0,wide,DEoptim,6805,-8371161056012723e283
91,DFT_CRT,time_and_value_scaling_t0,wide,DEoptim,6806,-18433376871146794e290
91,DFT_CRT,time_and_value_scaling_t0,wide,DEoptim,6807,-8371160993642713e283
91,DFT_CRT,time_and_value_scaling_t0,wide,DEoptim,6808,-8371161056012723e283
91,DFT_CRT,time_and_value_scaling_t0,wide,DEoptim,6809,-4564455225236349e291
91,DFT_CRT,time_and_value_scaling_t0,wide,DEoptim,6810,-8371160993642713e283
91,DFT_CRT,time_and_value_scaling_t0,wide,DEoptim,6811,-8371161056012723e283
91,DFT_CRT,time_and_value_scaling_t0,wide,DEoptim,6812,NaN
91,DFT_CRT,time_and_value_scaling_t0,wide,DEoptim,6813,-8371160993642713e283
91,DFT_CRT,time_and_value_scaling_t0,wide,DEoptim,6814,-8371160993642713e283
91,DFT_CRT,time_and_value_scaling_t0,wide,DEoptim,6815,-8371160993642713e283
91,DFT_CRT,time_and_value_scaling_t0,wide,DEoptim,6816,-8371160993642713e283
91,DFT_CRT,time_and_value_scaling_t0,wide,DEoptim,6817,-8371161056012723e283
91,DFT_CRT,time_and_value_scaling_t0,wide,DEoptim,6818,-1.4539852461763186e-48
91,DFT_CRT,time_and_value_scaling_t0,wide,DEoptim,6819,-8371161180752742e283
91,DFT_CRT,time_and_value_scaling_t0,wide,DEoptim,6820,-21944496275174755e288
91,DFT_CRT,time_and_value_scaling_t0,wide,DEoptim,6821,-8371161056012723e283
91,DFT_CRT,time_and_value_scaling_t0,wide,DEoptim,6822,-8371161180752742e283
91,DFT_CRT,time_and_value_scaling_t0,wide,DEoptim,6823,-10094468286580387e290
91,DFT_CRT,time_and_value_scaling_t0,wide,DEoptim,6824,-8371161056012723e283
91,DFT_CRT,time_and_value_scaling_t0,wide,DEoptim,6825,-8572068857490139e288
91,DFT_CRT,time_and_value_scaling_t0,wide,DEoptim,6826,-8371160993642713e283
91,DFT_CRT,time_and_value_scaling_t0,wide,DEoptim,6827,-8371161056012723e283
91,DFT_CRT,time_and_value_scaling_t0,wide,DEoptim,6828,-8371161180752742e283
91,DFT_CRT,time_and_value_scaling_t0,wide,DEoptim,6829,-13715310171984222e288
91,DFT_CRT,time_and_value_scaling_t0,wide,DEoptim,6830,-8371161056012723e283
91,DFT_CRT,time_and_value_scaling_t0,wide,DEoptim,6831,-9.528837709341122e-44
91,DFT_CRT,time_and_value_scaling_t0,wide,DEoptim,6832,-8371161180752742e283
91,DFT_CRT,time_and_value_scaling_t0,wide,DEoptim,6833,7.291122019556398e-304
91,DFT_CRT,time_and_value_scaling_t0,wide,DEoptim,6834,1.8033161967475715e-130
91,DFT_CRT,time_and_value_scaling_t0,wide,DEoptim,6835,17468007125519333e227
91,DFT_CRT,time_and_value_scaling_t0,wide,DEoptim,6836,4770922047923507e165
91,DFT_CRT,time_and_value_scaling_t0,wide,DEoptim,6837,60143327657254174e159
91,DFT_CRT,time_and_value_scaling_t0,wide,DEoptim,6838,2649366535076476e165
91,DFT_CRT,time_and_value_scaling_t0,wide,DEoptim,6839,2.44870121993e-312
91,DFT_CRT,time_and_value_scaling_t0,wide,DEoptim,6840,5.38986930906e-312
91,DFT_CRT,time_and_value_scaling_t0,wide,DEoptim,6841,5.418632298875e-312
91,DFT_CRT,time_and_value_scaling_t0,wide,DEoptim,6842,5.38986930906e-312
91,DFT_CRT,time_and_value_scaling_t0,wide,DEoptim,6843,5.42078745085e-312
91,DFT_CRT,time_and_value_scaling_t0,wide,DEoptim,6844,5.38986930906e-312
91,DFT_CRT,time_and_value_scaling_t0,wide,DEoptim,6845,5.42244526006e-312
91,DFT_CRT,time_and_value_scaling_t0,wide,DEoptim,6846,5.38986930906e-312
91,DFT_CRT,time_and_value_scaling_t0,wide,DEoptim,6847,5.411503719264e-312
91,DFT_CRT,time_and_value_scaling_t0,wide,DEoptim,6848,5.38986930905e-312
91,DFT_CRT,time_and_value_scaling_t0,wide,DEoptim,6849,5.38986930905e-312
91,DFT_CRT,time_and_value_scaling_t0,wide,DEoptim,6850,5.38986930905e-312
91,DFT_CRT,time_and_value_scaling_t0,wide,DEoptim,6851,5.38986930906e-312
91,DFT_CRT,time_and_value_scaling_t0,wide,DEoptim,6852,3.90455514704e-312
91,DFT_CRT,time_and_value_scaling_t0,wide,DEoptim,6853,5.38986930908e-312
91,DFT_CRT,time_and_value_scaling_t0,wide,DEoptim,6854,5.430154072896e-312
91,DFT_CRT,time_and_value_scaling_t0,wide,DEoptim,6855,5.38986930906e-312
91,DFT_CRT,time_and_value_scaling_t0,wide,DEoptim,6856,3.39519326554e-313
91,DFT_CRT,time_and_value_scaling_t0,wide,DEoptim,6857,1.90980916355e-313
91,DFT_CRT,time_and_value_scaling_t0,wide,DEoptim,6858,698867864843766e214
91,DFT_CRT,time_and_value_scaling_t0,wide,DEoptim,6859,6.2164823673043e-310
91,DFT_CRT,time_and_value_scaling_t0,wide,DEoptim,6860,1.37980654311726e-309
91,DFT_CRT,time_and_value_scaling_t0,wide,DEoptim,6861,1.37980654311979e-309
91,DFT_CRT,time_and_value_scaling_t0,wide,DEoptim,6862,1.004998426867676e-309
91,DFT_CRT,time_and_value_scaling_t0,wide,DEoptim,6863,1.379806543124848e-309
91,DFT_CRT,time_and_value_scaling_t0,wide,DEoptim,6864,1.38579057124778e-309
91,DFT_CRT,time_and_value_scaling_t0,wide,DEoptim,6865,1.37980654311979e-309
91,DFT_CRT,time_and_value_scaling_t0,wide,DEoptim,6866,2.0527694427391904e-289
91,DFT_CRT,time_and_value_scaling_t0,wide,DEoptim,6867,38957427051113784e164
91,DFT_CRT,time_and_value_scaling_t0,wide,DEoptim,6868,5286591898629044e165
91,DFT_CRT,time_and_value_scaling_t0,wide,DEoptim,6869,4.243991641e-314
91,DFT_CRT,time_and_value_scaling_t0,wide,DEoptim,6870,7.29281863837392e-304
91,DFT_CRT,time_and_value_scaling_t0,wide,DEoptim,6871,1.27319748377e-313
91,DFT_CRT,time_and_value_scaling_t0,wide,DEoptim,6872,1.1818212630766408e-125
91,DFT_CRT,time_and_value_scaling_t0,wide,DEoptim,6873,4.243991708e-314
91,DFT_CRT,time_and_value_scaling_t0,wide,DEoptim,6874,7.29281863837392e-304
91,DFT_CRT,time_and_value_scaling_t0,wide,DEoptim,6875,1.2731974838e-313
91,DFT_CRT,time_and_value_scaling_t0,wide,DEoptim,6876,6805647338419153e23
91,DFT_CRT,time_and_value_scaling_t0,wide,DEoptim,6877,4.243991708e-314
91,DFT_CRT,time_and_value_scaling_t0,wide,DEoptim,6878,1.255e-321
91,DFT_CRT,time_and_value_scaling_t0,wide,DEoptim,6879,5.56270586622599e-309
91,DFT_CRT,time_and_value_scaling_t0,wide,DEoptim,6880,7229824814438573e125
91,DFT_CRT,time_and_value_scaling_t0,wide,DEoptim,6881,9067657134559437e256
91,DFT_CRT,time_and_value_scaling_t0,wide,DEoptim,6882,1.086461849548e-311
91,DFT_CRT,time_and_value_scaling_t0,wide,DEoptim,6883,3.2126e-319
91,DFT_CRT,time_and_value_scaling_t0,wide,DEoptim,6884,3.22546e-319
91,DFT_CRT,time_and_value_scaling_t0,wide,DEoptim,6885,1.0864618771003e-311
91,DFT_CRT,time_and_value_scaling_t0,wide,DEoptim,6886,1.32548345118981e-309
91,DFT_CRT,time_and_value_scaling_t0,wide,DEoptim,6887,3.2593855587015e-311
91,DFT_CRT,time_and_value_scaling_t0,wide,DEoptim,6888,3.2126e-319
91,DFT_CRT,time_and_value_scaling_t0,wide,DEoptim,6889,4.8891114586947e-311
91,DFT_CRT,time_and_value_scaling_t0,wide,DEoptim,6890,2.57676426924e-312
91,DFT_CRT,time_and_value_scaling_t0,wide,DEoptim,6891,5.38986930906e-312
91,DFT_CRT,time_and_value_scaling_t0,wide,DEoptim,6892,4.01065493659e-312
91,DFT_CRT,time_and_value_scaling_t0,wide,DEoptim,6893,5.38986930908e-312
91,DFT_CRT,time_and_value_scaling_t0,wide,DEoptim,6894,5.41656003736e-312
91,DFT_CRT,time_and_value_scaling_t0,wide,DEoptim,6895,5.38986930906e-312
91,DFT_CRT,time_and_value_scaling_t0,wide,DEoptim,6896,4.0318748945e-312
91,DFT_CRT,time_and_value_scaling_t0,wide,DEoptim,6897,5.38986930908e-312
91,DFT_CRT,time_and_value_scaling_t0,wide,DEoptim,6898,5.411918171567e-312
91,DFT_CRT,time_and_value_scaling_t0,wide,DEoptim,6899,5.38986930906e-312
91,DFT_CRT,time_and_value_scaling_t0,wide,DEoptim,6900,3.39519326554e-313
91,DFT_CRT,time_and_value_scaling_t0,wide,DEoptim,6901,1.90980916355e-313
91,DFT_CRT,time_and_value_scaling_t0,wide,DEoptim,6902,4414403765269067e184
91,DFT_CRT,time_and_value_scaling_t0,wide,DEoptim,6903,4.2439916303e-314
91,DFT_CRT,time_and_value_scaling_t0,wide,DEoptim,6904,1.255e-321
91,DFT_CRT,time_and_value_scaling_t0,wide,DEoptim,6905,5.56270586622599e-309
91,DFT_CRT,time_and_value_scaling_t0,wide,DEoptim,6906,8400640717565817e149
91,DFT_CRT,time_and_value_scaling_t0,wide,DEoptim,6907,2.1713434047939892e-306
91,DFT_CRT,time_and_value_scaling_t0,wide,DEoptim,6908,6.835426893334123e-304
91,DFT_CRT,time_and_value_scaling_t0,wide,DEoptim,6909,6.8354268934402224e-304
91,DFT_CRT,time_and_value_scaling_t0,wide,DEoptim,6910,6.835426893652422e-304
91,DFT_CRT,time_and_value_scaling_t0,wide,DEoptim,6911,7.087305254117138e-304
91,DFT_CRT,time_and_value_scaling_t0,wide,DEoptim,6912,6.8354268934402224e-304
91,DFT_CRT,time_and_value_scaling_t0,wide,DEoptim,6913,6.835426893652422e-304
91,DFT_CRT,time_and_value_scaling_t0,wide,DEoptim,6914,7.087305254117138e-304
91,DFT_CRT,time_and_value_scaling_t0,wide,DEoptim,6915,6.8354268934402224e-304
91,DFT_CRT,time_and_value_scaling_t0,wide,DEoptim,6916,7.065944545075469e-304
91,DFT_CRT,time_and_value_scaling_t0,wide,DEoptim,6917,6.8354268934402224e-304
91,DFT_CRT,time_and_value_scaling_t0,wide,DEoptim,6918,7.181648385717843e-304
91,DFT_CRT,time_and_value_scaling_t0,wide,DEoptim,6919,6.835426893334123e-304
91,DFT_CRT,time_and_value_scaling_t0,wide,DEoptim,6920,6.8354268934402224e-304
91,DFT_CRT,time_and_value_scaling_t0,wide,DEoptim,6921,7.200339006129304e-304
91,DFT_CRT,time_and_value_scaling_t0,wide,DEoptim,6922,6.835426893334123e-304
91,DFT_CRT,time_and_value_scaling_t0,wide,DEoptim,6923,6.835426893334123e-304
91,DFT_CRT,time_and_value_scaling_t0,wide,DEoptim,6924,6.835426893334123e-304
91,DFT_CRT,time_and_value_scaling_t0,wide,DEoptim,6925,6.835426893334123e-304
91,DFT_CRT,time_and_value_scaling_t0,wide,DEoptim,6926,6.835426893334123e-304
91,DFT_CRT,time_and_value_scaling_t0,wide,DEoptim,6927,6.8354268934402224e-304
91,DFT_CRT,time_and_value_scaling_t0,wide,DEoptim,6928,4.4151028118330233e-305
91,DFT_CRT,time_and_value_scaling_t0,wide,DEoptim,6929,6.835426893652422e-304
91,DFT_CRT,time_and_value_scaling_t0,wide,DEoptim,6930,7.0819650768567206e-304
91,DFT_CRT,time_and_value_scaling_t0,wide,DEoptim,6931,6.8354268934402224e-304
91,DFT_CRT,time_and_value_scaling_t0,wide,DEoptim,6932,2.2250738585072014e-308
91,DFT_CRT,time_and_value_scaling_t0,wide,DEoptim,6933,1.2516125334258437e-308
91,DFT_CRT,time_and_value_scaling_t0,wide,DEoptim,6934,38720419575336e215
91,DFT_CRT,time_and_value_scaling_t0,wide,DEoptim,6935,4.9e-322
91,DFT_CRT,time_and_value_scaling_t0,wide,DEoptim,6936,4.2439917074e-314
91,DFT_CRT,time_and_value_scaling_t0,wide,DEoptim,6937,7.29281863837392e-304
91,DFT_CRT,time_and_value_scaling_t0,wide,DEoptim,6938,1.27319748407e-313
91,DFT_CRT,time_and_value_scaling_t0,wide,DEoptim,6939,1.8827498946117344e-183
91,DFT_CRT,time_and_value_scaling_t0,wide,DEoptim,6940,4.243991708e-314
91,DFT_CRT,time_and_value_scaling_t0,wide,DEoptim,6941,1.255e-321
91,DFT_CRT,time_and_value_scaling_t0,wide,DEoptim,6942,1.90980916355e-313
91,DFT_CRT,time_and_value_scaling_t0,wide,DEoptim,6943,8429615472278841e237
91,DFT_CRT,time_and_value_scaling_t0,wide,DEoptim,6944,-8371161056012723e283
91,DFT_CRT,time_and_value_scaling_t0,wide,DEoptim,6945,-139264.119140625
91,DFT_CRT,time_and_value_scaling_t0,wide,DEoptim,6946,-8371161180752742e283
91,DFT_CRT,time_and_value_scaling_t0,wide,DEoptim,6947,-8229186103190533e289
91,DFT_CRT,time_and_value_scaling_t0,wide,DEoptim,6948,-8371161056012723e283
91,DFT_CRT,time_and_value_scaling_t0,wide,DEoptim,6949,-41145930679451903e288
91,DFT_CRT,time_and_value_scaling_t0,wide,DEoptim,6950,-2974033816955566e269
91,DFT_CRT,time_and_value_scaling_t0,wide,DEoptim,6951,7.29112207387949e-304
91,DFT_CRT,time_and_value_scaling_t0,wide,DEoptim,6952,3.785767122662269e-270
91,DFT_CRT,time_and_value_scaling_t0,wide,DEoptim,6953,9494392022111351e155
91,DFT_CRT,time_and_value_scaling_t0,wide,DEoptim,6954,1.6259745436952323e-260
91,DFT_CRT,time_and_value_scaling_t0,wide,DEoptim,6955,8.289046e-317
91,DFT_CRT,time_and_value_scaling_t0,wide,DEoptim,6956,-8371160993642713e283
91,DFT_CRT,time_and_value_scaling_t0,wide,DEoptim,6957,-8371161056012723e283
91,DFT_CRT,time_and_value_scaling_t0,wide,DEoptim,6958,-8371161180752742e283
91,DFT_CRT,time_and_value_scaling_t0,wide,DEoptim,6959,-13715310171984222e288
91,DFT_CRT,time_and_value_scaling_t0,wide,DEoptim,6960,-8371161056012723e283
91,DFT_CRT,time_and_value_scaling_t0,wide,DEoptim,6961,-8371161180752742e283
91,DFT_CRT,time_and_value_scaling_t0,wide,DEoptim,6962,-17829903223579488e288
91,DFT_CRT,time_and_value_scaling_t0,wide,DEoptim,6963,-8371161056012723e283
91,DFT_CRT,time_and_value_scaling_t0,wide,DEoptim,6964,7.291122019556398e-304
91,DFT_CRT,time_and_value_scaling_t0,wide,DEoptim,6965,1.0655987126833295e-255
91,DFT_CRT,time_and_value_scaling_t0,wide,DEoptim,6966,6349159341425506e136
91,DFT_CRT,time_and_value_scaling_t0,wide,DEoptim,6967,2.78134236017946e-309
91,DFT_CRT,time_and_value_scaling_t0,wide,DEoptim,6968,8.344027051644884e-309
91,DFT_CRT,time_and_value_scaling_t0,wide,DEoptim,6969,8.224288e-317
91,DFT_CRT,time_and_value_scaling_t0,wide,DEoptim,6970,2.78134240593719e-309
91,DFT_CRT,time_and_value_scaling_t0,wide,DEoptim,6971,8.224288e-317
91,DFT_CRT,time_and_value_scaling_t0,wide,DEoptim,6972,1.390671166747655e-309
91,DFT_CRT,time_and_value_scaling_t0,wide,DEoptim,6973,2.9649931718787576e-82
91,DFT_CRT,time_and_value_scaling_t0,wide,DEoptim,6974,4.2439915997e-314
91,DFT_CRT,time_and_value_scaling_t0,wide,DEoptim,6975,1.255e-321
91,DFT_CRT,time_and_value_scaling_t0,wide,DEoptim,6976,5.56270586622599e-309
91,DFT_CRT,time_and_value_scaling_t0,wide,DEoptim,6977,4.4e-323
91,DFT_CRT,time_and_value_scaling_t0,wide,DEoptim,6978,5.38986930906e-312
91,DFT_CRT,time_and_value_scaling_t0,wide,DEoptim,6979,5.38986930908e-312
91,DFT_CRT,time_and_value_scaling_t0,wide,DEoptim,6980,5.38986930908e-312
91,DFT_CRT,time_and_value_scaling_t0,wide,DEoptim,6981,5.413327309397e-312
91,DFT_CRT,time_and_value_scaling_t0,wide,DEoptim,6982,5.38986930906e-312
91,DFT_CRT,time_and_value_scaling_t0,wide,DEoptim,6983,5.38986930908e-312
91,DFT_CRT,time_and_value_scaling_t0,wide,DEoptim,6984,5.41672581828e-312
91,DFT_CRT,time_and_value_scaling_t0,wide,DEoptim,6985,5.38986930906e-312
91,DFT_CRT,time_and_value_scaling_t0,wide,DEoptim,6986,5.418963860717e-312
91,DFT_CRT,time_and_value_scaling_t0,wide,DEoptim,6987,5.38986930906e-312
91,DFT_CRT,time_and_value_scaling_t0,wide,DEoptim,6988,5.424600412037e-312
91,DFT_CRT,time_and_value_scaling_t0,wide,DEoptim,6989,5.38986930905e-312
91,DFT_CRT,time_and_value_scaling_t0,wide,DEoptim,6990,5.38986930906e-312
91,DFT_CRT,time_and_value_scaling_t0,wide,DEoptim,6991,5.42053877947e-312
91,DFT_CRT,time_and_value_scaling_t0,wide,DEoptim,6992,5.38986930905e-312
91,DFT_CRT,time_and_value_scaling_t0,wide,DEoptim,6993,5.38986930906e-312
91,DFT_CRT,time_and_value_scaling_t0,wide,DEoptim,6994,3.39519326554e-313
91,DFT_CRT,time_and_value_scaling_t0,wide,DEoptim,6995,1.90980916355e-313
91,DFT_CRT,time_and_value_scaling_t0,wide,DEoptim,6996,3995289322985032e237
91,DFT_CRT,time_and_value_scaling_t0,wide,DEoptim,6997,5.14e-322
91,DFT_CRT,time_and_value_scaling_t0,wide,DEoptim,6998,1.255e-321
91,DFT_CRT,time_and_value_scaling_t0,wide,DEoptim,6999,1.255e-321
91,DFT_CRT,time_and_value_scaling_t0,wide,DEoptim,7000,4.2439917074e-314
91,DFT_CRT,time_and_value_scaling_t0,wide,DEoptim,7001,1.27319748713e-313
91,DFT_CRT,time_and_value_scaling_t0,wide,DEoptim,7002,1.4916681462401255e-154
91,DFT_CRT,time_and_value_scaling_t0,wide,DEoptim,7003,4.243991708e-314
91,DFT_CRT,time_and_value_scaling_t0,wide,DEoptim,7004,1.27319748713e-313
91,DFT_CRT,time_and_value_scaling_t0,wide,DEoptim,7005,1.1818212630766408e-125
91,DFT_CRT,time_and_value_scaling_t0,wide,DEoptim,7006,4.243991708e-314
91,DFT_CRT,time_and_value_scaling_t0,wide,DEoptim,7007,1.27319748713e-313
91,DFT_CRT,time_and_value_scaling_t0,wide,DEoptim,7008,3.851859888774689e-34
91,DFT_CRT,time_and_value_scaling_t0,wide,DEoptim,7009,4.243991708e-314
91,DFT_CRT,time_and_value_scaling_t0,wide,DEoptim,7010,1.27319748713e-313
91,DFT_CRT,time_and_value_scaling_t0,wide,DEoptim,7011,1.8033161362863782e-130
91,DFT_CRT,time_and_value_scaling_t0,wide,DEoptim,7012,4.243991708e-314
91,DFT_CRT,time_and_value_scaling_t0,wide,DEoptim,7013,5.77662200276778e-275
91,DFT_CRT,time_and_value_scaling_t0,wide,DEoptim,7014,1.26e-321
91,DFT_CRT,time_and_value_scaling_t0,wide,DEoptim,7015,1.255e-321
91,DFT_CRT,time_and_value_scaling_t0,wide,DEoptim,7016,4.2439917074e-314
91,DFT_CRT,time_and_value_scaling_t0,wide,DEoptim,7017,1.27319748713e-313
91,DFT_CRT,time_and_value_scaling_t0,wide,DEoptim,7018,2.52435489670738e-29
91,DFT_CRT,time_and_value_scaling_t0,wide,DEoptim,7019,4.243991708e-314
91,DFT_CRT,time_and_value_scaling_t0,wide,DEoptim,7020,-19490628022801097e273
91,DFT_CRT,time_and_value_scaling_t0,wide,DEoptim,7021,1.26e-321
91,DFT_CRT,time_and_value_scaling_t0,wide,DEoptim,7022,1.255e-321
91,DFT_CRT,time_and_value_scaling_t0,wide,DEoptim,7023,4.2439917074e-314
91,DFT_CRT,time_and_value_scaling_t0,wide,DEoptim,7024,1.27319748713e-313
91,DFT_CRT,time_and_value_scaling_t0,wide,DEoptim,7025,2.376364457869084e-212
91,DFT_CRT,time_and_value_scaling_t0,wide,DEoptim,7026,4.243991708e-314
91,DFT_CRT,time_and_value_scaling_t0,wide,DEoptim,7027,1.27319748713e-313
91,DFT_CRT,time_and_value_scaling_t0,wide,DEoptim,7028,1.8827498946117344e-183
91,DFT_CRT,time_and_value_scaling_t0,wide,DEoptim,7029,4.243991708e-314
91,DFT_CRT,time_and_value_scaling_t0,wide,DEoptim,7030,1.255e-321
91,DFT_CRT,time_and_value_scaling_t0,wide,DEoptim,7031,1.90980916355e-313
91,DFT_CRT,time_and_value_scaling_t0,wide,DEoptim,7032,7497821644634493e232
91,DFT_CRT,time_and_value_scaling_t0,wide,DEoptim,7033,3658301642521597e218
91,DFT_CRT,time_and_value_scaling_t0,wide,DEoptim,7034,-8371161056012723e283
91,DFT_CRT,time_and_value_scaling_t0,wide,DEoptim,7035,-8371161180752742e283
91,DFT_CRT,time_and_value_scaling_t0,wide,DEoptim,7036,-7954879899750849e289
91,DFT_CRT,time_and_value_scaling_t0,wide,DEoptim,7037,-8371161056012723e283
91,DFT_CRT,time_and_value_scaling_t0,wide,DEoptim,7038,NaN
91,DFT_CRT,time_and_value_scaling_t0,wide,DEoptim,7039,-8371160993642713e283
91,DFT_CRT,time_and_value_scaling_t0,wide,DEoptim,7040,-8371160993642713e283
91,DFT_CRT,time_and_value_scaling_t0,wide,DEoptim,7041,-8371161056012723e283
91,DFT_CRT,time_and_value_scaling_t0,wide,DEoptim,7042,-8371161180752742e283
91,DFT_CRT,time_and_value_scaling_t0,wide,DEoptim,7043,7.291122019556398e-304
91,DFT_CRT,time_and_value_scaling_t0,wide,DEoptim,7044,3.785767122662269e-270
91,DFT_CRT,time_and_value_scaling_t0,wide,DEoptim,7045,13545180811124955e227
91,DFT_CRT,time_and_value_scaling_t0,wide,DEoptim,7046,-8371161056012723e283
91,DFT_CRT,time_and_value_scaling_t0,wide,DEoptim,7047,NaN
91,DFT_CRT,time_and_value_scaling_t0,wide,DEoptim,7048,-8371161056012723e283
91,DFT_CRT,time_and_value_scaling_t0,wide,DEoptim,7049,NaN
91,DFT_CRT,time_and_value_scaling_t0,wide,DEoptim,7050,-8371160993642713e283
91,DFT_CRT,time_and_value_scaling_t0,wide,DEoptim,7051,-8371161056012723e283
91,DFT_CRT,time_and_value_scaling_t0,wide,DEoptim,7052,-8371161180752742e283
91,DFT_CRT,time_and_value_scaling_t0,wide,DEoptim,7053,-15772606697781855e288
91,DFT_CRT,time_and_value_scaling_t0,wide,DEoptim,7054,-8371161056012723e283
91,DFT_CRT,time_and_value_scaling_t0,wide,DEoptim,7055,-8371161180752742e283
91,DFT_CRT,time_and_value_scaling_t0,wide,DEoptim,7056,NaN
91,DFT_CRT,time_and_value_scaling_t0,wide,DEoptim,7057,-8371161056012723e283
91,DFT_CRT,time_and_value_scaling_t0,wide,DEoptim,7058,NaN
91,DFT_CRT,time_and_value_scaling_t0,wide,DEoptim,7059,-8371161056012723e283
91,DFT_CRT,time_and_value_scaling_t0,wide,DEoptim,7060,NaN
91,DFT_CRT,time_and_value_scaling_t0,wide,DEoptim,7061,-8371160993642713e283
91,DFT_CRT,time_and_value_scaling_t0,wide,DEoptim,7062,-17144137796729896e288
91,DFT_CRT,time_and_value_scaling_t0,wide,DEoptim,7063,1.6259745436952323e-260
91,DFT_CRT,time_and_value_scaling_t0,wide,DEoptim,7064,7.291122046717944e-304
91,DFT_CRT,time_and_value_scaling_t0,wide,DEoptim,7065,-8371160993642713e283
91,DFT_CRT,time_and_value_scaling_t0,wide,DEoptim,7066,-8371160993642713e283
91,DFT_CRT,time_and_value_scaling_t0,wide,DEoptim,7067,-8371160993642713e283
91,DFT_CRT,time_and_value_scaling_t0,wide,DEoptim,7068,-8371161056012723e283
91,DFT_CRT,time_and_value_scaling_t0,wide,DEoptim,7069,-8371161180752742e283
91,DFT_CRT,time_and_value_scaling_t0,wide,DEoptim,7070,-17829903223579488e288
91,DFT_CRT,time_and_value_scaling_t0,wide,DEoptim,7071,-8371161056012723e283
91,DFT_CRT,time_and_value_scaling_t0,wide,DEoptim,7072,-2962506997148592e290
91,DFT_CRT,time_and_value_scaling_t0,wide,DEoptim,7073,-8371161056012723e283
91,DFT_CRT,time_and_value_scaling_t0,wide,DEoptim,7074,-8371161180752742e283
91,DFT_CRT,time_and_value_scaling_t0,wide,DEoptim,7075,7.291122019556398e-304
91,DFT_CRT,time_and_value_scaling_t0,wide,DEoptim,7076,1.0655987126833295e-255
91,DFT_CRT,time_and_value_scaling_t0,wide,DEoptim,7077,6059848080621861e218
91,DFT_CRT,time_and_value_scaling_t0,wide,DEoptim,7078,2.781342355652696e-309
91,DFT_CRT,time_and_value_scaling_t0,wide,DEoptim,7079,8.224288e-317
91,DFT_CRT,time_and_value_scaling_t0,wide,DEoptim,7080,8.2681767e-317
91,DFT_CRT,time_and_value_scaling_t0,wide,DEoptim,7081,8.224288e-317
91,DFT_CRT,time_and_value_scaling_t0,wide,DEoptim,7082,2.78134240537688e-309
91,DFT_CRT,time_and_value_scaling_t0,wide,DEoptim,7083,8.344027051644884e-309
91,DFT_CRT,time_and_value_scaling_t0,wide,DEoptim,7084,8.224288e-317
91,DFT_CRT,time_and_value_scaling_t0,wide,DEoptim,7085,2.781342405733556e-309
91,DFT_CRT,time_and_value_scaling_t0,wide,DEoptim,7086,8.224288e-317
91,DFT_CRT,time_and_value_scaling_t0,wide,DEoptim,7087,2.781342405758853e-309
91,DFT_CRT,time_and_value_scaling_t0,wide,DEoptim,7088,8.344027051644884e-309
91,DFT_CRT,time_and_value_scaling_t0,wide,DEoptim,7089,8.224288e-317
91,DFT_CRT,time_and_value_scaling_t0,wide,DEoptim,7090,2.781342406023198e-309
91,DFT_CRT,time_and_value_scaling_t0,wide,DEoptim,7091,8.224288e-317
91,DFT_CRT,time_and_value_scaling_t0,wide,DEoptim,7092,8.262485e-317
91,DFT_CRT,time_and_value_scaling_t0,wide,DEoptim,7093,8.224288e-317
91,DFT_CRT,time_and_value_scaling_t0,wide,DEoptim,7094,2.78134240537688e-309
91,DFT_CRT,time_and_value_scaling_t0,wide,DEoptim,7095,8.344027051644884e-309
91,DFT_CRT,time_and_value_scaling_t0,wide,DEoptim,7096,8.224288e-317
91,DFT_CRT,time_and_value_scaling_t0,wide,DEoptim,7097,2.781342405741145e-309
91,DFT_CRT,time_and_value_scaling_t0,wide,DEoptim,7098,8.344027051644884e-309
91,DFT_CRT,time_and_value_scaling_t0,wide,DEoptim,7099,8.224288e-317
91,DFT_CRT,time_and_value_scaling_t0,wide,DEoptim,7100,2.781342405748734e-309
91,DFT_CRT,time_and_value_scaling_t0,wide,DEoptim,7101,8.344027051644884e-309
91,DFT_CRT,time_and_value_scaling_t0,wide,DEoptim,7102,8.224288e-317
91,DFT_CRT,time_and_value_scaling_t0,wide,DEoptim,7103,2.781342405772766e-309
91,DFT_CRT,time_and_value_scaling_t0,wide,DEoptim,7104,8.344027051644884e-309
91,DFT_CRT,time_and_value_scaling_t0,wide,DEoptim,7105,8.224288e-317
91,DFT_CRT,time_and_value_scaling_t0,wide,DEoptim,7106,2.78134240579174e-309
91,DFT_CRT,time_and_value_scaling_t0,wide,DEoptim,7107,8.224288e-317
91,DFT_CRT,time_and_value_scaling_t0,wide,DEoptim,7108,2.781342405793e-309
91,DFT_CRT,time_and_value_scaling_t0,wide,DEoptim,7109,8.224288e-317
91,DFT_CRT,time_and_value_scaling_t0,wide,DEoptim,7110,8.262485e-317
91,DFT_CRT,time_and_value_scaling_t0,wide,DEoptim,7111,8.224288e-317
91,DFT_CRT,time_and_value_scaling_t0,wide,DEoptim,7112,2.78134240537688e-309
91,DFT_CRT,time_and_value_scaling_t0,wide,DEoptim,7113,8.344027051644884e-309
91,DFT_CRT,time_and_value_scaling_t0,wide,DEoptim,7114,8.224288e-317
91,DFT_CRT,time_and_value_scaling_t0,wide,DEoptim,7115,2.781342405772766e-309
91,DFT_CRT,time_and_value_scaling_t0,wide,DEoptim,7116,8.344027051644884e-309
91,DFT_CRT,time_and_value_scaling_t0,wide,DEoptim,7117,8.224288e-317
91,DFT_CRT,time_and_value_scaling_t0,wide,DEoptim,7118,2.78134240579174e-309
91,DFT_CRT,time_and_value_scaling_t0,wide,DEoptim,7119,8.224288e-317
91,DFT_CRT,time_and_value_scaling_t0,wide,DEoptim,7120,2.781342405793e-309
91,DFT_CRT,time_and_value_scaling_t0,wide,DEoptim,7121,8.224288e-317
91,DFT_CRT,time_and_value_scaling_t0,wide,DEoptim,7122,8.2681767e-317
91,DFT_CRT,time_and_value_scaling_t0,wide,DEoptim,7123,8.224288e-317
91,DFT_CRT,time_and_value_scaling_t0,wide,DEoptim,7124,8.224288e-317
91,DFT_CRT,time_and_value_scaling_t0,wide,DEoptim,7125,2.78134240537688e-309
91,DFT_CRT,time_and_value_scaling_t0,wide,DEoptim,7126,8.344027051644884e-309
91,DFT_CRT,time_and_value_scaling_t0,wide,DEoptim,7127,8.224288e-317
91,DFT_CRT,time_and_value_scaling_t0,wide,DEoptim,7128,2.78134240572597e-309
91,DFT_CRT,time_and_value_scaling_t0,wide,DEoptim,7129,8.344027051644884e-309
91,DFT_CRT,time_and_value_scaling_t0,wide,DEoptim,7130,8.224288e-317
91,DFT_CRT,time_and_value_scaling_t0,wide,DEoptim,7131,2.781342405762647e-309
91,DFT_CRT,time_and_value_scaling_t0,wide,DEoptim,7132,8.344027051644884e-309
91,DFT_CRT,time_and_value_scaling_t0,wide,DEoptim,7133,8.224288e-317
91,DFT_CRT,time_and_value_scaling_t0,wide,DEoptim,7134,1.2516125334258437e-308
91,DFT_CRT,time_and_value_scaling_t0,wide,DEoptim,7135,38720419578866016e212
91,DFT_CRT,time_and_value_scaling_t0,wide,DEoptim,7136,11449046184367284e227
91,DFT_CRT,time_and_value_scaling_t0,wide,DEoptim,7137,4.243991639e-314
91,DFT_CRT,time_and_value_scaling_t0,wide,DEoptim,7138,2218135755296777e115
91,DFT_CRT,time_and_value_scaling_t0,wide,DEoptim,7139,4.243991708e-314
91,DFT_CRT,time_and_value_scaling_t0,wide,DEoptim,7140,-2.052268400649304e-289
91,DFT_CRT,time_and_value_scaling_t0,wide,DEoptim,7141,4.243991708e-314
91,DFT_CRT,time_and_value_scaling_t0,wide,DEoptim,7142,1.27319748713e-313
91,DFT_CRT,time_and_value_scaling_t0,wide,DEoptim,7143,1.2338789709327463e-178
91,DFT_CRT,time_and_value_scaling_t0,wide,DEoptim,7144,4.243991708e-314
91,DFT_CRT,time_and_value_scaling_t0,wide,DEoptim,7145,1.27319748713e-313
91,DFT_CRT,time_and_value_scaling_t0,wide,DEoptim,7146,1.2338789709327463e-178
91,DFT_CRT,time_and_value_scaling_t0,wide,DEoptim,7147,4.243991708e-314
91,DFT_CRT,time_and_value_scaling_t0,wide,DEoptim,7148,3.1315130625141966e-294
91,DFT_CRT,time_and_value_scaling_t0,wide,DEoptim,7149,4.243991708e-314
91,DFT_CRT,time_and_value_scaling_t0,wide,DEoptim,7150,-1.3449746190495278e-284
91,DFT_CRT,time_and_value_scaling_t0,wide,DEoptim,7151,1.26e-321
91,DFT_CRT,time_and_value_scaling_t0,wide,DEoptim,7152,4.2439917074e-314
91,DFT_CRT,time_and_value_scaling_t0,wide,DEoptim,7153,-1.7272337110189863e-77
91,DFT_CRT,time_and_value_scaling_t0,wide,DEoptim,7154,1.26e-321
91,DFT_CRT,time_and_value_scaling_t0,wide,DEoptim,7155,4.2439917074e-314
91,DFT_CRT,time_and_value_scaling_t0,wide,DEoptim,7156,4.021529366772124e-87
91,DFT_CRT,time_and_value_scaling_t0,wide,DEoptim,7157,4.243991708e-314
91,DFT_CRT,time_and_value_scaling_t0,wide,DEoptim,7158,-2974033816955734e269
91,DFT_CRT,time_and_value_scaling_t0,wide,DEoptim,7159,4.243991708e-314
91,DFT_CRT,time_and_value_scaling_t0,wide,DEoptim,7160,1.27319748713e-313
91,DFT_CRT,time_and_value_scaling_t0,wide,DEoptim,7161,1.2338789709327463e-178
91,DFT_CRT,time_and_value_scaling_t0,wide,DEoptim,7162,4.243991708e-314
91,DFT_CRT,time_and_value_scaling_t0,wide,DEoptim,7163,1.27319748713e-313
91,DFT_CRT,time_and_value_scaling_t0,wide,DEoptim,7164,1.2338789709327463e-178
91,DFT_CRT,time_and_value_scaling_t0,wide,DEoptim,7165,4.243991708e-314
91,DFT_CRT,time_and_value_scaling_t0,wide,DEoptim,7166,3.1315130625141966e-294
91,DFT_CRT,time_and_value_scaling_t0,wide,DEoptim,7167,4.243991708e-314
91,DFT_CRT,time_and_value_scaling_t0,wide,DEoptim,7168,-1.3449746190495278e-284
91,DFT_CRT,time_and_value_scaling_t0,wide,DEoptim,7169,1.26e-321
91,DFT_CRT,time_and_value_scaling_t0,wide,DEoptim,7170,4.2439917074e-314
91,DFT_CRT,time_and_value_scaling_t0,wide,DEoptim,7171,-1.8827498946117344e-183
91,DFT_CRT,time_and_value_scaling_t0,wide,DEoptim,7172,1.26e-321
91,DFT_CRT,time_and_value_scaling_t0,wide,DEoptim,7173,4.2439917074e-314
91,DFT_CRT,time_and_value_scaling_t0,wide,DEoptim,7174,1.27319748713e-313
91,DFT_CRT,time_and_value_scaling_t0,wide,DEoptim,7175,3.851859888774689e-34
91,DFT_CRT,time_and_value_scaling_t0,wide,DEoptim,7176,4.243991708e-314
91,DFT_CRT,time_and_value_scaling_t0,wide,DEoptim,7177,8.44254251528683e-227
91,DFT_CRT,time_and_value_scaling_t0,wide,DEoptim,7178,1.26e-321
91,DFT_CRT,time_and_value_scaling_t0,wide,DEoptim,7179,1.255e-321
91,DFT_CRT,time_and_value_scaling_t0,wide,DEoptim,7180,1.255e-321
91,DFT_CRT,time_and_value_scaling_t0,wide,DEoptim,7181,1.255e-321
91,DFT_CRT,time_and_value_scaling_t0,wide,DEoptim,7182,1.255e-321
91,DFT_CRT,time_and_value_scaling_t0,wide,DEoptim,7183,4.2439917074e-314
91,DFT_CRT,time_and_value_scaling_t0,wide,DEoptim,7184,1.27319748713e-313
91,DFT_CRT,time_and_value_scaling_t0,wide,DEoptim,7185,1.8827498946117344e-183
91,DFT_CRT,time_and_value_scaling_t0,wide,DEoptim,7186,4.243991708e-314
91,DFT_CRT,time_and_value_scaling_t0,wide,DEoptim,7187,1584563250285376e14
91,DFT_CRT,time_and_value_scaling_t0,wide,DEoptim,7188,4.243991708e-314
91,DFT_CRT,time_and_value_scaling_t0,wide,DEoptim,7189,1.27319748713e-313
91,DFT_CRT,time_and_value_scaling_t0,wide,DEoptim,7190,1.27319748713e-313
91,DFT_CRT,time_and_value_scaling_t0,wide,DEoptim,7191,3689348814742118e4
91,DFT_CRT,time_and_value_scaling_t0,wide,DEoptim,7192,4.243991708e-314
91,DFT_CRT,time_and_value_scaling_t0,wide,DEoptim,7193,24178516392293947e8
91,DFT_CRT,time_and_value_scaling_t0,wide,DEoptim,7194,4.243991708e-314
91,DFT_CRT,time_and_value_scaling_t0,wide,DEoptim,7195,1584563250285376e14
91,DFT_CRT,time_and_value_scaling_t0,wide,DEoptim,7196,1.26e-321
91,DFT_CRT,time_and_value_scaling_t0,wide,DEoptim,7197,4.2439917074e-314
91,DFT_CRT,time_and_value_scaling_t0,wide,DEoptim,7198,4.021529366772124e-87
91,DFT_CRT,time_and_value_scaling_t0,wide,DEoptim,7199,1.26e-321
91,DFT_CRT,time_and_value_scaling_t0,wide,DEoptim,7200,1.255e-321
91,DFT_CRT,time_and_value_scaling_t0,wide,DEoptim,7201,4.2439917074e-314
91,DFT_CRT,time_and_value_scaling_t0,wide,DEoptim,7202,1.27319748713e-313
91,DFT_CRT,time_and_value_scaling_t0,wide,DEoptim,7203,1.8827498946117344e-183
91,DFT_CRT,time_and_value_scaling_t0,wide,DEoptim,7204,4.243991708e-314
91,DFT_CRT,time_and_value_scaling_t0,wide,DEoptim,7205,1.255e-321
91,DFT_CRT,time_and_value_scaling_t0,wide,DEoptim,7206,1.90980916355e-313
91,DFT_CRT,time_and_value_scaling_t0,wide,DEoptim,7207,4.778311799976485e-299
91,DFT_CRT,time_and_value_scaling_t0,wide,DEoptim,7208,8.814434003821268e-280
91,DFT_CRT,time_and_value_scaling_t0,wide,DEoptim,7209,2.105417699e-314
91,DFT_CRT,time_and_value_scaling_t0,wide,DEoptim,7210,4.778314268112226e-299
91,DFT_CRT,time_and_value_scaling_t0,wide,DEoptim,7211,8.814434003821268e-280
91,DFT_CRT,time_and_value_scaling_t0,wide,DEoptim,7212,2.105417699e-314
91,DFT_CRT,time_and_value_scaling_t0,wide,DEoptim,7213,4.778314276803921e-299
91,DFT_CRT,time_and_value_scaling_t0,wide,DEoptim,7214,2.105417699e-314
91,DFT_CRT,time_and_value_scaling_t0,wide,DEoptim,7215,2.115973281e-314
91,DFT_CRT,time_and_value_scaling_t0,wide,DEoptim,7216,4.778314248086561e-299
91,DFT_CRT,time_and_value_scaling_t0,wide,DEoptim,7217,8.814434003821268e-280
91,DFT_CRT,time_and_value_scaling_t0,wide,DEoptim,7218,2.105417699e-314
91,DFT_CRT,time_and_value_scaling_t0,wide,DEoptim,7219,4.778314272770974e-299
91,DFT_CRT,time_and_value_scaling_t0,wide,DEoptim,7220,2.105417699e-314
91,DFT_CRT,time_and_value_scaling_t0,wide,DEoptim,7221,7.291122454141135e-304
91,DFT_CRT,time_and_value_scaling_t0,wide,DEoptim,7222,7.29112226401197e-304
91,DFT_CRT,time_and_value_scaling_t0,wide,DEoptim,7223,4.2439916047e-314
91,DFT_CRT,time_and_value_scaling_t0,wide,DEoptim,7224,1584563250285376e14
91,DFT_CRT,time_and_value_scaling_t0,wide,DEoptim,7225,1392349035579629e173
91,DFT_CRT,time_and_value_scaling_t0,wide,DEoptim,7226,1.26e-321
91,DFT_CRT,time_and_value_scaling_t0,wide,DEoptim,7227,5.56270586622599e-309
91,DFT_CRT,time_and_value_scaling_t0,wide,DEoptim,7228,4.4e-323
91,DFT_CRT,time_and_value_scaling_t0,wide,DEoptim,7229,5.38986930905e-312
91,DFT_CRT,time_and_value_scaling_t0,wide,DEoptim,7230,5.38986930906e-312
91,DFT_CRT,time_and_value_scaling_t0,wide,DEoptim,7231,3.39519326554e-313
91,DFT_CRT,time_and_value_scaling_t0,wide,DEoptim,7232,1.90980916355e-313
91,DFT_CRT,time_and_value_scaling_t0,wide,DEoptim,7233,0
91,DFT_CRT,time_and_value_scaling_t0,wide,DEoptim,7234,1.255e-321
91,DFT_CRT,time_and_value_scaling_t0,wide,DEoptim,7235,4.2439917074e-314
91,DFT_CRT,time_and_value_scaling_t0,wide,DEoptim,7236,1.27319748713e-313
91,DFT_CRT,time_and_value_scaling_t0,wide,DEoptim,7237,1.8827498946117344e-183
91,DFT_CRT,time_and_value_scaling_t0,wide,DEoptim,7238,4.243991708e-314
91,DFT_CRT,time_and_value_scaling_t0,wide,DEoptim,7239,1.255e-321
91,DFT_CRT,time_and_value_scaling_t0,wide,DEoptim,7240,1.90980916355e-313
91,DFT_CRT,time_and_value_scaling_t0,wide,DEoptim,7241,3180937979644136e136
91,DFT_CRT,time_and_value_scaling_t0,wide,DEoptim,7242,3603337380747697e237
91,DFT_CRT,time_and_value_scaling_t0,wide,DEoptim,7243,1.086461859194e-311
91,DFT_CRT,time_and_value_scaling_t0,wide,DEoptim,7244,3.259385567049e-311
91,DFT_CRT,time_and_value_scaling_t0,wide,DEoptim,7245,3.2126e-319
91,DFT_CRT,time_and_value_scaling_t0,wide,DEoptim,7246,1.0864618772634e-311
91,DFT_CRT,time_and_value_scaling_t0,wide,DEoptim,7247,3.259385567049e-311
91,DFT_CRT,time_and_value_scaling_t0,wide,DEoptim,7248,3.2126e-319
91,DFT_CRT,time_and_value_scaling_t0,wide,DEoptim,7249,4.8891114586947e-311
91,DFT_CRT,time_and_value_scaling_t0,wide,DEoptim,7250,5367523035585367e184
91,DFT_CRT,time_and_value_scaling_t0,wide,DEoptim,7251,1.086461857802e-311
91,DFT_CRT,time_and_value_scaling_t0,wide,DEoptim,7252,3.2126e-319
91,DFT_CRT,time_and_value_scaling_t0,wide,DEoptim,7253,2.052769442741057e-289
91,DFT_CRT,time_and_value_scaling_t0,wide,DEoptim,7254,22527520001496117e145
91,DFT_CRT,time_and_value_scaling_t0,wide,DEoptim,7255,4.77831149674048e-299
91,DFT_CRT,time_and_value_scaling_t0,wide,DEoptim,7256,2.4834631584438887e-265
91,DFT_CRT,time_and_value_scaling_t0,wide,DEoptim,7257,6500852702664666e160
91,DFT_CRT,time_and_value_scaling_t0,wide,DEoptim,7258,3.2593855493933e-311
91,DFT_CRT,time_and_value_scaling_t0,wide,DEoptim,7259,3.2126e-319
91,DFT_CRT,time_and_value_scaling_t0,wide,DEoptim,7260,4.8891114586947e-311
91,DFT_CRT,time_and_value_scaling_t0,wide,DEoptim,7261,9.10794814384336e-307
91,DFT_CRT,time_and_value_scaling_t0,wide,DEoptim,7262,6.835426893334123e-304
91,DFT_CRT,time_and_value_scaling_t0,wide,DEoptim,7263,1.390671162214583e-309
91,DFT_CRT,time_and_value_scaling_t0,wide,DEoptim,7264,30540434589746594e167
91,DFT_CRT,time_and_value_scaling_t0,wide,DEoptim,7265,6.3270266981072e-310
91,DFT_CRT,time_and_value_scaling_t0,wide,DEoptim,7266,1.3852601551905e-309
91,DFT_CRT,time_and_value_scaling_t0,wide,DEoptim,7267,1.37980654311726e-309
91,DFT_CRT,time_and_value_scaling_t0,wide,DEoptim,7268,1.37980654311726e-309
91,DFT_CRT,time_and_value_scaling_t0,wide,DEoptim,7269,1.37980654311726e-309
91,DFT_CRT,time_and_value_scaling_t0,wide,DEoptim,7270,1.37980654311979e-309
91,DFT_CRT,time_and_value_scaling_t0,wide,DEoptim,7271,1.379806543124848e-309
91,DFT_CRT,time_and_value_scaling_t0,wide,DEoptim,7272,1.38572691137405e-309
91,DFT_CRT,time_and_value_scaling_t0,wide,DEoptim,7273,1.37980654311979e-309
91,DFT_CRT,time_and_value_scaling_t0,wide,DEoptim,7274,1.379806543124848e-309
91,DFT_CRT,time_and_value_scaling_t0,wide,DEoptim,7275,1.38640595002716e-309
91,DFT_CRT,time_and_value_scaling_t0,wide,DEoptim,7276,1.37980654311979e-309
91,DFT_CRT,time_and_value_scaling_t0,wide,DEoptim,7277,1.38528137514841e-309
91,DFT_CRT,time_and_value_scaling_t0,wide,DEoptim,7278,1.37980654311726e-309
91,DFT_CRT,time_and_value_scaling_t0,wide,DEoptim,7279,1.3857693512924e-309
91,DFT_CRT,time_and_value_scaling_t0,wide,DEoptim,7280,5.432309224871e-311
91,DFT_CRT,time_and_value_scaling_t0,wide,DEoptim,7281,5.432309226136e-312
91,DFT_CRT,time_and_value_scaling_t0,wide,DEoptim,7282,1.37980654311726e-309
91,DFT_CRT,time_and_value_scaling_t0,wide,DEoptim,7283,1.37980654311979e-309
91,DFT_CRT,time_and_value_scaling_t0,wide,DEoptim,7284,1.379806543124848e-309
91,DFT_CRT,time_and_value_scaling_t0,wide,DEoptim,7285,1.38579057124778e-309
91,DFT_CRT,time_and_value_scaling_t0,wide,DEoptim,7286,1.37980654311979e-309
91,DFT_CRT,time_and_value_scaling_t0,wide,DEoptim,7287,2.0527694427391904e-289
91,DFT_CRT,time_and_value_scaling_t0,wide,DEoptim,7288,8716966380189567e237
91,DFT_CRT,time_and_value_scaling_t0,wide,DEoptim,7289,4.778311781971467e-299
91,DFT_CRT,time_and_value_scaling_t0,wide,DEoptim,7290,8.814434003821268e-280
91,DFT_CRT,time_and_value_scaling_t0,wide,DEoptim,7291,2.105417699e-314
91,DFT_CRT,time_and_value_scaling_t0,wide,DEoptim,7292,4.778314265887424e-299
91,DFT_CRT,time_and_value_scaling_t0,wide,DEoptim,7293,2.105417699e-314
91,DFT_CRT,time_and_value_scaling_t0,wide,DEoptim,7294,4.778314272214706e-299
91,DFT_CRT,time_and_value_scaling_t0,wide,DEoptim,7295,2.105417699e-314
91,DFT_CRT,time_and_value_scaling_t0,wide,DEoptim,7296,4.778314275065582e-299
91,DFT_CRT,time_and_value_scaling_t0,wide,DEoptim,7297,8.814434003821268e-280
91,DFT_CRT,time_and_value_scaling_t0,wide,DEoptim,7298,2.105417699e-314
91,DFT_CRT,time_and_value_scaling_t0,wide,DEoptim,7299,4.778314267764558e-299
91,DFT_CRT,time_and_value_scaling_t0,wide,DEoptim,7300,8.814434003821268e-280
91,DFT_CRT,time_and_value_scaling_t0,wide,DEoptim,7301,2.105417699e-314
91,DFT_CRT,time_and_value_scaling_t0,wide,DEoptim,7302,4.778314267764558e-299
91,DFT_CRT,time_and_value_scaling_t0,wide,DEoptim,7303,2.105417699e-314
91,DFT_CRT,time_and_value_scaling_t0,wide,DEoptim,7304,4.778314266095753e-299
91,DFT_CRT,time_and_value_scaling_t0,wide,DEoptim,7305,2.105417699e-314
91,DFT_CRT,time_and_value_scaling_t0,wide,DEoptim,7306,2.1180131634e-314
91,DFT_CRT,time_and_value_scaling_t0,wide,DEoptim,7307,4.778314248086561e-299
91,DFT_CRT,time_and_value_scaling_t0,wide,DEoptim,7308,2.105417699e-314
91,DFT_CRT,time_and_value_scaling_t0,wide,DEoptim,7309,2.119405464e-314
91,DFT_CRT,time_and_value_scaling_t0,wide,DEoptim,7310,4.778314248086561e-299
91,DFT_CRT,time_and_value_scaling_t0,wide,DEoptim,7311,2.105417699e-314
91,DFT_CRT,time_and_value_scaling_t0,wide,DEoptim,7312,4.778314266026491e-299
91,DFT_CRT,time_and_value_scaling_t0,wide,DEoptim,7313,2.105417699e-314
91,DFT_CRT,time_and_value_scaling_t0,wide,DEoptim,7314,4.778314283340075e-299
91,DFT_CRT,time_and_value_scaling_t0,wide,DEoptim,7315,8.814434003821268e-280
91,DFT_CRT,time_and_value_scaling_t0,wide,DEoptim,7316,2.105417699e-314
91,DFT_CRT,time_and_value_scaling_t0,wide,DEoptim,7317,4.778314267764558e-299
91,DFT_CRT,time_and_value_scaling_t0,wide,DEoptim,7318,8.814434003821268e-280
91,DFT_CRT,time_and_value_scaling_t0,wide,DEoptim,7319,2.105417699e-314
91,DFT_CRT,time_and_value_scaling_t0,wide,DEoptim,7320,4.778314267764558e-299
91,DFT_CRT,time_and_value_scaling_t0,wide,DEoptim,7321,2.105417699e-314
91,DFT_CRT,time_and_value_scaling_t0,wide,DEoptim,7322,4.778314266095753e-299
91,DFT_CRT,time_and_value_scaling_t0,wide,DEoptim,7323,2.105417699e-314
91,DFT_CRT,time_and_value_scaling_t0,wide,DEoptim,7324,2.1180131634e-314
91,DFT_CRT,time_and_value_scaling_t0,wide,DEoptim,7325,4.778314248086561e-299
91,DFT_CRT,time_and_value_scaling_t0,wide,DEoptim,7326,2.105417699e-314
91,DFT_CRT,time_and_value_scaling_t0,wide,DEoptim,7327,2.118693124e-314
91,DFT_CRT,time_and_value_scaling_t0,wide,DEoptim,7328,4.778314248086561e-299
91,DFT_CRT,time_and_value_scaling_t0,wide,DEoptim,7329,8.814434003821268e-280
91,DFT_CRT,time_and_value_scaling_t0,wide,DEoptim,7330,2.105417699e-314
91,DFT_CRT,time_and_value_scaling_t0,wide,DEoptim,7331,4.778314269850565e-299
91,DFT_CRT,time_and_value_scaling_t0,wide,DEoptim,7332,2.105417699e-314
91,DFT_CRT,time_and_value_scaling_t0,wide,DEoptim,7333,2.1142571894e-314
91,DFT_CRT,time_and_value_scaling_t0,wide,DEoptim,7334,2.105417699e-314
91,DFT_CRT,time_and_value_scaling_t0,wide,DEoptim,7335,2.105417699e-314
91,DFT_CRT,time_and_value_scaling_t0,wide,DEoptim,7336,4.778314248086561e-299
91,DFT_CRT,time_and_value_scaling_t0,wide,DEoptim,7337,8.814434003821268e-280
91,DFT_CRT,time_and_value_scaling_t0,wide,DEoptim,7338,2.105417699e-314
91,DFT_CRT,time_and_value_scaling_t0,wide,DEoptim,7339,4.778314267695025e-299
91,DFT_CRT,time_and_value_scaling_t0,wide,DEoptim,7340,2.105417699e-314
91,DFT_CRT,time_and_value_scaling_t0,wide,DEoptim,7341,2.4834631584438887e-265
91,DFT_CRT,time_and_value_scaling_t0,wide,DEoptim,7342,6011240069794224e160
91,DFT_CRT,time_and_value_scaling_t0,wide,DEoptim,7343,4941422626731888e242
91,DFT_CRT,time_and_value_scaling_t0,wide,DEoptim,7344,2301870544622949e146
91,DFT_CRT,time_and_value_scaling_t0,wide,DEoptim,7345,1.0864618581855e-311
91,DFT_CRT,time_and_value_scaling_t0,wide,DEoptim,7346,3.259385567049e-311
91,DFT_CRT,time_and_value_scaling_t0,wide,DEoptim,7347,3.2126e-319
91,DFT_CRT,time_and_value_scaling_t0,wide,DEoptim,7348,1.0864618772584e-311
91,DFT_CRT,time_and_value_scaling_t0,wide,DEoptim,7349,3.259385567049e-311
91,DFT_CRT,time_and_value_scaling_t0,wide,DEoptim,7350,3.2126e-319
91,DFT_CRT,time_and_value_scaling_t0,wide,DEoptim,7351,1.0864618772673e-311
91,DFT_CRT,time_and_value_scaling_t0,wide,DEoptim,7352,3.2126e-319
91,DFT_CRT,time_and_value_scaling_t0,wide,DEoptim,7353,3.22976e-319
91,DFT_CRT,time_and_value_scaling_t0,wide,DEoptim,7354,1.0864618771003e-311
91,DFT_CRT,time_and_value_scaling_t0,wide,DEoptim,7355,7.291122019661668e-304
91,DFT_CRT,time_and_value_scaling_t0,wide,DEoptim,7356,3.22536e-319
91,DFT_CRT,time_and_value_scaling_t0,wide,DEoptim,7357,3.2126e-319
91,DFT_CRT,time_and_value_scaling_t0,wide,DEoptim,7358,1.0864618771003e-311
91,DFT_CRT,time_and_value_scaling_t0,wide,DEoptim,7359,3.259385567049e-311
91,DFT_CRT,time_and_value_scaling_t0,wide,DEoptim,7360,3.2126e-319
91,DFT_CRT,time_and_value_scaling_t0,wide,DEoptim,7361,1.0864618772397e-311
91,DFT_CRT,time_and_value_scaling_t0,wide,DEoptim,7362,3.2126e-319
91,DFT_CRT,time_and_value_scaling_t0,wide,DEoptim,7363,4.8891114586947e-311
91,DFT_CRT,time_and_value_scaling_t0,wide,DEoptim,7364,3809850587365996e165
91,DFT_CRT,time_and_value_scaling_t0,wide,DEoptim,7365,4.2439916313e-314
91,DFT_CRT,time_and_value_scaling_t0,wide,DEoptim,7366,1.27319748713e-313
91,DFT_CRT,time_and_value_scaling_t0,wide,DEoptim,7367,1.255e-321
91,DFT_CRT,time_and_value_scaling_t0,wide,DEoptim,7368,1.90980916355e-313
91,DFT_CRT,time_and_value_scaling_t0,wide,DEoptim,7369,7497795161095562e232
91,DFT_CRT,time_and_value_scaling_t0,wide,DEoptim,7370,16937526986473738e174
91,DFT_CRT,time_and_value_scaling_t0,wide,DEoptim,7371,4.2439916387e-314
91,DFT_CRT,time_and_value_scaling_t0,wide,DEoptim,7372,1.27319748713e-313
91,DFT_CRT,time_and_value_scaling_t0,wide,DEoptim,7373,1.7272337110189863e-77
91,DFT_CRT,time_and_value_scaling_t0,wide,DEoptim,7374,4.243991708e-314
91,DFT_CRT,time_and_value_scaling_t0,wide,DEoptim,7375,4.0223774329672475e-270
91,DFT_CRT,time_and_value_scaling_t0,wide,DEoptim,7376,4.243991708e-314
91,DFT_CRT,time_and_value_scaling_t0,wide,DEoptim,7377,4.021529366772124e-87
91,DFT_CRT,time_and_value_scaling_t0,wide,DEoptim,7378,1.26e-321
91,DFT_CRT,time_and_value_scaling_t0,wide,DEoptim,7379,1.255e-321
91,DFT_CRT,time_and_value_scaling_t0,wide,DEoptim,7380,1.255e-321
91,DFT_CRT,time_and_value_scaling_t0,wide,DEoptim,7381,4.2439917074e-314
91,DFT_CRT,time_and_value_scaling_t0,wide,DEoptim,7382,1.27319748713e-313
91,DFT_CRT,time_and_value_scaling_t0,wide,DEoptim,7383,1.4916681462401255e-154
91,DFT_CRT,time_and_value_scaling_t0,wide,DEoptim,7384,4.243991708e-314
91,DFT_CRT,time_and_value_scaling_t0,wide,DEoptim,7385,1.27319748713e-313
91,DFT_CRT,time_and_value_scaling_t0,wide,DEoptim,7386,3.851859888774689e-34
91,DFT_CRT,time_and_value_scaling_t0,wide,DEoptim,7387,4.243991708e-314
91,DFT_CRT,time_and_value_scaling_t0,wide,DEoptim,7388,2.6361052744694153e-265
91,DFT_CRT,time_and_value_scaling_t0,wide,DEoptim,7389,1.26e-321
91,DFT_CRT,time_and_value_scaling_t0,wide,DEoptim,7390,4.2439917074e-314
91,DFT_CRT,time_and_value_scaling_t0,wide,DEoptim,7391,1.27319748713e-313
91,DFT_CRT,time_and_value_scaling_t0,wide,DEoptim,7392,2.376364457869084e-212
91,DFT_CRT,time_and_value_scaling_t0,wide,DEoptim,7393,4.243991708e-314
91,DFT_CRT,time_and_value_scaling_t0,wide,DEoptim,7394,1.27319748713e-313
91,DFT_CRT,time_and_value_scaling_t0,wide,DEoptim,7395,1.8827498946117344e-183
91,DFT_CRT,time_and_value_scaling_t0,wide,DEoptim,7396,4.243991708e-314
91,DFT_CRT,time_and_value_scaling_t0,wide,DEoptim,7397,1.255e-321
91,DFT_CRT,time_and_value_scaling_t0,wide,DEoptim,7398,1.90980916355e-313
91,DFT_CRT,time_and_value_scaling_t0,wide,DEoptim,7399,9.076583641097641e-307
91,DFT_CRT,time_and_value_scaling_t0,wide,DEoptim,7400,6.8354268934402224e-304
91,DFT_CRT,time_and_value_scaling_t0,wide,DEoptim,7401,6.835426893652422e-304
91,DFT_CRT,time_and_value_scaling_t0,wide,DEoptim,7402,7.1344768199174905e-304
91,DFT_CRT,time_and_value_scaling_t0,wide,DEoptim,7403,6.8354268934402224e-304
91,DFT_CRT,time_and_value_scaling_t0,wide,DEoptim,7404,7.070398169470387e-304
91,DFT_CRT,time_and_value_scaling_t0,wide,DEoptim,7405,6.8354268934402224e-304
91,DFT_CRT,time_and_value_scaling_t0,wide,DEoptim,7406,7.1042158154417926e-304
91,DFT_CRT,time_and_value_scaling_t0,wide,DEoptim,7407,7.135366849566993e-304
91,DFT_CRT,time_and_value_scaling_t0,wide,DEoptim,7408,1.390671161567001e-308
91,DFT_CRT,time_and_value_scaling_t0,wide,DEoptim,7409,1.39067116189079e-309
91,DFT_CRT,time_and_value_scaling_t0,wide,DEoptim,7410,6.835426893334123e-304
91,DFT_CRT,time_and_value_scaling_t0,wide,DEoptim,7411,6.835426893334123e-304
91,DFT_CRT,time_and_value_scaling_t0,wide,DEoptim,7412,6.8354268934402224e-304
91,DFT_CRT,time_and_value_scaling_t0,wide,DEoptim,7413,6.835426893652422e-304
91,DFT_CRT,time_and_value_scaling_t0,wide,DEoptim,7414,7.091755401834152e-304
91,DFT_CRT,time_and_value_scaling_t0,wide,DEoptim,7415,6.8354268934402224e-304
91,DFT_CRT,time_and_value_scaling_t0,wide,DEoptim,7416,6.835426893652422e-304
91,DFT_CRT,time_and_value_scaling_t0,wide,DEoptim,7417,7.114006140419224e-304
91,DFT_CRT,time_and_value_scaling_t0,wide,DEoptim,7418,6.8354268934402224e-304
91,DFT_CRT,time_and_value_scaling_t0,wide,DEoptim,7419,7.073068258100596e-304
91,DFT_CRT,time_and_value_scaling_t0,wide,DEoptim,7420,6.835426893334123e-304
91,DFT_CRT,time_and_value_scaling_t0,wide,DEoptim,7421,6.8354268934402224e-304
91,DFT_CRT,time_and_value_scaling_t0,wide,DEoptim,7422,6.835426893652422e-304
91,DFT_CRT,time_and_value_scaling_t0,wide,DEoptim,7423,7.081075047313318e-304
91,DFT_CRT,time_and_value_scaling_t0,wide,DEoptim,7424,6.8354268934402224e-304
91,DFT_CRT,time_and_value_scaling_t0,wide,DEoptim,7425,6.835426893652422e-304
91,DFT_CRT,time_and_value_scaling_t0,wide,DEoptim,7426,7.132696760830685e-304
91,DFT_CRT,time_and_value_scaling_t0,wide,DEoptim,7427,6.8354268934402224e-304
91,DFT_CRT,time_and_value_scaling_t0,wide,DEoptim,7428,2.2250738585072014e-308
91,DFT_CRT,time_and_value_scaling_t0,wide,DEoptim,7429,1.2516125334258437e-308
91,DFT_CRT,time_and_value_scaling_t0,wide,DEoptim,7430,3684204770389278e165
91,DFT_CRT,time_and_value_scaling_t0,wide,DEoptim,7431,38983373677135573e217
91,DFT_CRT,time_and_value_scaling_t0,wide,DEoptim,7432,11411538287059127e227
91,DFT_CRT,time_and_value_scaling_t0,wide,DEoptim,7433,387204195869816e214
91,DFT_CRT,time_and_value_scaling_t0,wide,DEoptim,7434,15743603031215638e145
91,DFT_CRT,time_and_value_scaling_t0,wide,DEoptim,7435,6.432327130473362e-308
91,DFT_CRT,time_and_value_scaling_t0,wide,DEoptim,7436,6.8354268934402224e-304
91,DFT_CRT,time_and_value_scaling_t0,wide,DEoptim,7437,7.1042158154417926e-304
91,DFT_CRT,time_and_value_scaling_t0,wide,DEoptim,7438,6.8354268934402224e-304
91,DFT_CRT,time_and_value_scaling_t0,wide,DEoptim,7439,2.2250738585072014e-308
91,DFT_CRT,time_and_value_scaling_t0,wide,DEoptim,7440,1.2516125334258437e-308
91,DFT_CRT,time_and_value_scaling_t0,wide,DEoptim,7441,3.233051754e-315
91,DFT_CRT,time_and_value_scaling_t0,wide,DEoptim,7442,2.105417699e-314
91,DFT_CRT,time_and_value_scaling_t0,wide,DEoptim,7443,2.105417699e-314
91,DFT_CRT,time_and_value_scaling_t0,wide,DEoptim,7444,2.105417699e-314
91,DFT_CRT,time_and_value_scaling_t0,wide,DEoptim,7445,2.105417699e-314
91,DFT_CRT,time_and_value_scaling_t0,wide,DEoptim,7446,4.778314248086561e-299
91,DFT_CRT,time_and_value_scaling_t0,wide,DEoptim,7447,2.105417699e-314
91,DFT_CRT,time_and_value_scaling_t0,wide,DEoptim,7448,2.113933525e-314
91,DFT_CRT,time_and_value_scaling_t0,wide,DEoptim,7449,4.778314248086561e-299
91,DFT_CRT,time_and_value_scaling_t0,wide,DEoptim,7450,2.105417699e-314
91,DFT_CRT,time_and_value_scaling_t0,wide,DEoptim,7451,2.105417699e-314
91,DFT_CRT,time_and_value_scaling_t0,wide,DEoptim,7452,2.105417699e-314
91,DFT_CRT,time_and_value_scaling_t0,wide,DEoptim,7453,4.778314248086561e-299
91,DFT_CRT,time_and_value_scaling_t0,wide,DEoptim,7454,-5727786203457123e235
91,DFT_CRT,time_and_value_scaling_t0,wide,DEoptim,7455,8.81443203377187e-280
91,DFT_CRT,time_and_value_scaling_t0,wide,DEoptim,7456,2.105417699e-314
91,DFT_CRT,time_and_value_scaling_t0,wide,DEoptim,7457,4.778314267695025e-299
91,DFT_CRT,time_and_value_scaling_t0,wide,DEoptim,7458,2.105417699e-314
91,DFT_CRT,time_and_value_scaling_t0,wide,DEoptim,7459,2.4834631584438887e-265
91,DFT_CRT,time_and_value_scaling_t0,wide,DEoptim,7460,4146496867219205e170
91,DFT_CRT,time_and_value_scaling_t0,wide,DEoptim,7461,2.781342355973997e-309
91,DFT_CRT,time_and_value_scaling_t0,wide,DEoptim,7462,4.556951275697422e-304
91,DFT_CRT,time_and_value_scaling_t0,wide,DEoptim,7463,8.34402703254249e-309
91,DFT_CRT,time_and_value_scaling_t0,wide,DEoptim,7464,8.224288e-317
91,DFT_CRT,time_and_value_scaling_t0,wide,DEoptim,7465,1.2516125334258437e-308
91,DFT_CRT,time_and_value_scaling_t0,wide,DEoptim,7466,350637144385723e137
91,DFT_CRT,time_and_value_scaling_t0,wide,DEoptim,7467,11178789270957693e237
91,DFT_CRT,time_and_value_scaling_t0,wide,DEoptim,7468,-8371161056012723e283
91,DFT_CRT,time_and_value_scaling_t0,wide,DEoptim,7469,-6857655085992111e288
91,DFT_CRT,time_and_value_scaling_t0,wide,DEoptim,7470,-8371161056012723e283
91,DFT_CRT,time_and_value_scaling_t0,wide,DEoptim,7471,1.2882297539194267e-231
91,DFT_CRT,time_and_value_scaling_t0,wide,DEoptim,7472,2.4834631584438887e-265
91,DFT_CRT,time_and_value_scaling_t0,wide,DEoptim,7473,2.1713429038789698e-306
91,DFT_CRT,time_and_value_scaling_t0,wide,DEoptim,7474,6.835426893334123e-304
91,DFT_CRT,time_and_value_scaling_t0,wide,DEoptim,7475,6.835426893334123e-304
91,DFT_CRT,time_and_value_scaling_t0,wide,DEoptim,7476,6.8354268934402224e-304
91,DFT_CRT,time_and_value_scaling_t0,wide,DEoptim,7477,5.697301630887907e-305
91,DFT_CRT,time_and_value_scaling_t0,wide,DEoptim,7478,6.835426893652422e-304
91,DFT_CRT,time_and_value_scaling_t0,wide,DEoptim,7479,7.086415224573735e-304
91,DFT_CRT,time_and_value_scaling_t0,wide,DEoptim,7480,6.8354268934402224e-304
91,DFT_CRT,time_and_value_scaling_t0,wide,DEoptim,7481,1.390671161567e-309
91,DFT_CRT,time_and_value_scaling_t0,wide,DEoptim,7482,23338050516826085e225
91,DFT_CRT,time_and_value_scaling_t0,wide,DEoptim,7483,26647089037532253e217
91,DFT_CRT,time_and_value_scaling_t0,wide,DEoptim,7484,2.781342355330254e-309
91,DFT_CRT,time_and_value_scaling_t0,wide,DEoptim,7485,4.556951275697422e-304
91,DFT_CRT,time_and_value_scaling_t0,wide,DEoptim,7486,8.34402703319007e-309
91,DFT_CRT,time_and_value_scaling_t0,wide,DEoptim,7487,8.224288e-317
91,DFT_CRT,time_and_value_scaling_t0,wide,DEoptim,7488,1.2516125334258437e-308
91,DFT_CRT,time_and_value_scaling_t0,wide,DEoptim,7489,26647089014851516e217
91,DFT_CRT,time_and_value_scaling_t0,wide,DEoptim,7490,5224113524536602e242
91,DFT_CRT,time_and_value_scaling_t0,wide,DEoptim,7491,4.778311513849532e-299
91,DFT_CRT,time_and_value_scaling_t0,wide,DEoptim,7492,2.105417699e-314
91,DFT_CRT,time_and_value_scaling_t0,wide,DEoptim,7493,4.778314273535843e-299
91,DFT_CRT,time_and_value_scaling_t0,wide,DEoptim,7494,2.105417699e-314
91,DFT_CRT,time_and_value_scaling_t0,wide,DEoptim,7495,2.117203686e-314
91,DFT_CRT,time_and_value_scaling_t0,wide,DEoptim,7496,2.105417699e-314
91,DFT_CRT,time_and_value_scaling_t0,wide,DEoptim,7497,4.778314248086561e-299
91,DFT_CRT,time_and_value_scaling_t0,wide,DEoptim,7498,-5727786203457123e235
91,DFT_CRT,time_and_value_scaling_t0,wide,DEoptim,7499,8.814432165117048e-280
91,DFT_CRT,time_and_value_scaling_t0,wide,DEoptim,7500,2.105417699e-314
91,DFT_CRT,time_and_value_scaling_t0,wide,DEoptim,7501,4.778314268112226e-299
91,DFT_CRT,time_and_value_scaling_t0,wide,DEoptim,7502,-5727786203457123e235
91,DFT_CRT,time_and_value_scaling_t0,wide,DEoptim,7503,8.814432197953343e-280
91,DFT_CRT,time_and_value_scaling_t0,wide,DEoptim,7504,2.105417699e-314
91,DFT_CRT,time_and_value_scaling_t0,wide,DEoptim,7505,4.778314280906401e-299
91,DFT_CRT,time_and_value_scaling_t0,wide,DEoptim,7506,-5727786203457123e235
91,DFT_CRT,time_and_value_scaling_t0,wide,DEoptim,7507,8.814432230789637e-280
91,DFT_CRT,time_and_value_scaling_t0,wide,DEoptim,7508,2.105417699e-314
91,DFT_CRT,time_and_value_scaling_t0,wide,DEoptim,7509,4.778314267764558e-299
91,DFT_CRT,time_and_value_scaling_t0,wide,DEoptim,7510,8.814434003821268e-280
91,DFT_CRT,time_and_value_scaling_t0,wide,DEoptim,7511,2.105417699e-314
91,DFT_CRT,time_and_value_scaling_t0,wide,DEoptim,7512,4.778314267764558e-299
91,DFT_CRT,time_and_value_scaling_t0,wide,DEoptim,7513,2.105417699e-314
91,DFT_CRT,time_and_value_scaling_t0,wide,DEoptim,7514,4.778314266095753e-299
91,DFT_CRT,time_and_value_scaling_t0,wide,DEoptim,7515,2.105417699e-314
91,DFT_CRT,time_and_value_scaling_t0,wide,DEoptim,7516,2.1180131634e-314
91,DFT_CRT,time_and_value_scaling_t0,wide,DEoptim,7517,4.778314248086561e-299
91,DFT_CRT,time_and_value_scaling_t0,wide,DEoptim,7518,2.105417699e-314
91,DFT_CRT,time_and_value_scaling_t0,wide,DEoptim,7519,2.4834631584438887e-265
91,DFT_CRT,time_and_value_scaling_t0,wide,DEoptim,7520,26574345890917946e217
91,DFT_CRT,time_and_value_scaling_t0,wide,DEoptim,7521,9.979705334e-315
91,DFT_CRT,time_and_value_scaling_t0,wide,DEoptim,7522,4.778314248086561e-299
91,DFT_CRT,time_and_value_scaling_t0,wide,DEoptim,7523,-5727786203457123e235
91,DFT_CRT,time_and_value_scaling_t0,wide,DEoptim,7524,8.814432263625931e-280
91,DFT_CRT,time_and_value_scaling_t0,wide,DEoptim,7525,-5727786203457123e235
91,DFT_CRT,time_and_value_scaling_t0,wide,DEoptim,7526,8.814432296462226e-280
91,DFT_CRT,time_and_value_scaling_t0,wide,DEoptim,7527,2.105417699e-314
91,DFT_CRT,time_and_value_scaling_t0,wide,DEoptim,7528,4.778314270615434e-299
91,DFT_CRT,time_and_value_scaling_t0,wide,DEoptim,7529,2.105417699e-314
91,DFT_CRT,time_and_value_scaling_t0,wide,DEoptim,7530,4.77831427249284e-299
91,DFT_CRT,time_and_value_scaling_t0,wide,DEoptim,7531,2.105417699e-314
91,DFT_CRT,time_and_value_scaling_t0,wide,DEoptim,7532,2.4834631584438887e-265
91,DFT_CRT,time_and_value_scaling_t0,wide,DEoptim,7533,10587878206232847e198
91,DFT_CRT,time_and_value_scaling_t0,wide,DEoptim,7534,982202163321916e238
91,DFT_CRT,time_and_value_scaling_t0,wide,DEoptim,7535,3.7708276e-317
91,DFT_CRT,time_and_value_scaling_t0,wide,DEoptim,7536,8.224288e-317
91,DFT_CRT,time_and_value_scaling_t0,wide,DEoptim,7537,8.224288e-317
91,DFT_CRT,time_and_value_scaling_t0,wide,DEoptim,7538,2.78134240537688e-309
91,DFT_CRT,time_and_value_scaling_t0,wide,DEoptim,7539,8.344027051644884e-309
91,DFT_CRT,time_and_value_scaling_t0,wide,DEoptim,7540,8.224288e-317
91,DFT_CRT,time_and_value_scaling_t0,wide,DEoptim,7541,2.78134240572597e-309
91,DFT_CRT,time_and_value_scaling_t0,wide,DEoptim,7542,4.556951275697422e-304
91,DFT_CRT,time_and_value_scaling_t0,wide,DEoptim,7543,8.344027035132815e-309
91,DFT_CRT,time_and_value_scaling_t0,wide,DEoptim,7544,8.224288e-317
91,DFT_CRT,time_and_value_scaling_t0,wide,DEoptim,7545,2.781342406016873e-309
91,DFT_CRT,time_and_value_scaling_t0,wide,DEoptim,7546,8.224288e-317
91,DFT_CRT,time_and_value_scaling_t0,wide,DEoptim,7547,2.781342405715854e-309
91,DFT_CRT,time_and_value_scaling_t0,wide,DEoptim,7548,4.556951275697422e-304
91,DFT_CRT,time_and_value_scaling_t0,wide,DEoptim,7549,8.344027035456606e-309
91,DFT_CRT,time_and_value_scaling_t0,wide,DEoptim,7550,8.224288e-317
91,DFT_CRT,time_and_value_scaling_t0,wide,DEoptim,7551,2.781342405748734e-309
91,DFT_CRT,time_and_value_scaling_t0,wide,DEoptim,7552,8.224288e-317
91,DFT_CRT,time_and_value_scaling_t0,wide,DEoptim,7553,2.781342405718384e-309
91,DFT_CRT,time_and_value_scaling_t0,wide,DEoptim,7554,4.556951275697422e-304
91,DFT_CRT,time_and_value_scaling_t0,wide,DEoptim,7555,8.344027035780397e-309
91,DFT_CRT,time_and_value_scaling_t0,wide,DEoptim,7556,8.224288e-317
91,DFT_CRT,time_and_value_scaling_t0,wide,DEoptim,7557,2.781342405772766e-309
91,DFT_CRT,time_and_value_scaling_t0,wide,DEoptim,7558,8.224288e-317
91,DFT_CRT,time_and_value_scaling_t0,wide,DEoptim,7559,8.288034e-317
91,DFT_CRT,time_and_value_scaling_t0,wide,DEoptim,7560,8.224288e-317
91,DFT_CRT,time_and_value_scaling_t0,wide,DEoptim,7561,8.224288e-317
91,DFT_CRT,time_and_value_scaling_t0,wide,DEoptim,7562,2.78134240537688e-309
91,DFT_CRT,time_and_value_scaling_t0,wide,DEoptim,7563,4.556951275697422e-304
91,DFT_CRT,time_and_value_scaling_t0,wide,DEoptim,7564,8.344027036104187e-309
91,DFT_CRT,time_and_value_scaling_t0,wide,DEoptim,7565,8.224288e-317
91,DFT_CRT,time_and_value_scaling_t0,wide,DEoptim,7566,2.781342405741145e-309
91,DFT_CRT,time_and_value_scaling_t0,wide,DEoptim,7567,4.556951275697422e-304
91,DFT_CRT,time_and_value_scaling_t0,wide,DEoptim,7568,8.34402703642798e-309
91,DFT_CRT,time_and_value_scaling_t0,wide,DEoptim,7569,8.224288e-317
91,DFT_CRT,time_and_value_scaling_t0,wide,DEoptim,7570,2.781342405772766e-309
91,DFT_CRT,time_and_value_scaling_t0,wide,DEoptim,7571,4.556951275697422e-304
91,DFT_CRT,time_and_value_scaling_t0,wide,DEoptim,7572,8.34402703675177e-309
91,DFT_CRT,time_and_value_scaling_t0,wide,DEoptim,7573,8.224288e-317
91,DFT_CRT,time_and_value_scaling_t0,wide,DEoptim,7574,2.78134240579174e-309
91,DFT_CRT,time_and_value_scaling_t0,wide,DEoptim,7575,8.224288e-317
91,DFT_CRT,time_and_value_scaling_t0,wide,DEoptim,7576,1.390671166747655e-309
91,DFT_CRT,time_and_value_scaling_t0,wide,DEoptim,7577,3188570148529442e115
91,DFT_CRT,time_and_value_scaling_t0,wide,DEoptim,7578,1.9811793665863e-310
91,DFT_CRT,time_and_value_scaling_t0,wide,DEoptim,7579,1.37980654311979e-309
91,DFT_CRT,time_and_value_scaling_t0,wide,DEoptim,7580,1.38532373217377e-309
91,DFT_CRT,time_and_value_scaling_t0,wide,DEoptim,7581,1.37980654311726e-309
91,DFT_CRT,time_and_value_scaling_t0,wide,DEoptim,7582,1.37980654311726e-309
91,DFT_CRT,time_and_value_scaling_t0,wide,DEoptim,7583,1.37980654311979e-309
91,DFT_CRT,time_and_value_scaling_t0,wide,DEoptim,7584,1.379806543124848e-309
91,DFT_CRT,time_and_value_scaling_t0,wide,DEoptim,7585,1.385663251500323e-309
91,DFT_CRT,time_and_value_scaling_t0,wide,DEoptim,7586,1.37980654311979e-309
91,DFT_CRT,time_and_value_scaling_t0,wide,DEoptim,7587,1.13537384826458e-309
91,DFT_CRT,time_and_value_scaling_t0,wide,DEoptim,7588,1.379806543124848e-309
91,DFT_CRT,time_and_value_scaling_t0,wide,DEoptim,7589,2.0527694427391904e-289
91,DFT_CRT,time_and_value_scaling_t0,wide,DEoptim,7590,19701969284580604e145
91,DFT_CRT,time_and_value_scaling_t0,wide,DEoptim,7591,2.27960953976e-312
91,DFT_CRT,time_and_value_scaling_t0,wide,DEoptim,7592,5.38986930906e-312
91,DFT_CRT,time_and_value_scaling_t0,wide,DEoptim,7593,5.41208427628e-312
91,DFT_CRT,time_and_value_scaling_t0,wide,DEoptim,7594,5.38986930906e-312
91,DFT_CRT,time_and_value_scaling_t0,wide,DEoptim,7595,4.456274052693e-312
91,DFT_CRT,time_and_value_scaling_t0,wide,DEoptim,7596,5.38986930908e-312
91,DFT_CRT,time_and_value_scaling_t0,wide,DEoptim,7597,5.413327309397e-312
91,DFT_CRT,time_and_value_scaling_t0,wide,DEoptim,7598,5.38986930906e-312
91,DFT_CRT,time_and_value_scaling_t0,wide,DEoptim,7599,4.477494010603e-312
91,DFT_CRT,time_and_value_scaling_t0,wide,DEoptim,7600,5.38986930908e-312
91,DFT_CRT,time_and_value_scaling_t0,wide,DEoptim,7601,5.413327309397e-312
91,DFT_CRT,time_and_value_scaling_t0,wide,DEoptim,7602,5.38986930906e-312
91,DFT_CRT,time_and_value_scaling_t0,wide,DEoptim,7603,5.411337938343e-312
91,DFT_CRT,time_and_value_scaling_t0,wide,DEoptim,7604,5.38986930906e-312
91,DFT_CRT,time_and_value_scaling_t0,wide,DEoptim,7605,5.42211369822e-312
91,DFT_CRT,time_and_value_scaling_t0,wide,DEoptim,7606,5.38986930905e-312
91,DFT_CRT,time_and_value_scaling_t0,wide,DEoptim,7607,5.38986930906e-312
91,DFT_CRT,time_and_value_scaling_t0,wide,DEoptim,7608,5.562705866225913e-309
91,DFT_CRT,time_and_value_scaling_t0,wide,DEoptim,7609,3991589185156867e237
91,DFT_CRT,time_and_value_scaling_t0,wide,DEoptim,7610,7346312234096704e208
91,DFT_CRT,time_and_value_scaling_t0,wide,DEoptim,7611,5e-322
91,DFT_CRT,time_and_value_scaling_t0,wide,DEoptim,7612,4.2439917074e-314
91,DFT_CRT,time_and_value_scaling_t0,wide,DEoptim,7613,7.29281863837392e-304
91,DFT_CRT,time_and_value_scaling_t0,wide,DEoptim,7614,1.27319748505e-313
91,DFT_CRT,time_and_value_scaling_t0,wide,DEoptim,7615,8589934592.000484
91,DFT_CRT,time_and_value_scaling_t0,wide,DEoptim,7616,4.243991708e-314
91,DFT_CRT,time_and_value_scaling_t0,wide,DEoptim,7617,1.255e-321
91,DFT_CRT,time_and_value_scaling_t0,wide,DEoptim,7618,5.56270586622599e-309
91,DFT_CRT,time_and_value_scaling_t0,wide,DEoptim,7619,8400640717565817e149
91,DFT_CRT,time_and_value_scaling_t0,wide,DEoptim,7620,2.1713434047939892e-306
91,DFT_CRT,time_and_value_scaling_t0,wide,DEoptim,7621,6.8354268934402224e-304
91,DFT_CRT,time_and_value_scaling_t0,wide,DEoptim,7622,1.1964222169553658e-304
91,DFT_CRT,time_and_value_scaling_t0,wide,DEoptim,7623,6.835426893652422e-304
91,DFT_CRT,time_and_value_scaling_t0,wide,DEoptim,7624,7.087305254117138e-304
91,DFT_CRT,time_and_value_scaling_t0,wide,DEoptim,7625,6.8354268934402224e-304
91,DFT_CRT,time_and_value_scaling_t0,wide,DEoptim,7626,1.2533841077331501e-304
91,DFT_CRT,time_and_value_scaling_t0,wide,DEoptim,7627,6.835426893652422e-304
91,DFT_CRT,time_and_value_scaling_t0,wide,DEoptim,7628,7.087305254117138e-304
91,DFT_CRT,time_and_value_scaling_t0,wide,DEoptim,7629,6.8354268934402224e-304
91,DFT_CRT,time_and_value_scaling_t0,wide,DEoptim,7630,7.065944545075469e-304
91,DFT_CRT,time_and_value_scaling_t0,wide,DEoptim,7631,6.8354268934402224e-304
91,DFT_CRT,time_and_value_scaling_t0,wide,DEoptim,7632,7.181648385717843e-304
91,DFT_CRT,time_and_value_scaling_t0,wide,DEoptim,7633,6.835426893334123e-304
91,DFT_CRT,time_and_value_scaling_t0,wide,DEoptim,7634,6.8354268934402224e-304
91,DFT_CRT,time_and_value_scaling_t0,wide,DEoptim,7635,7.200339006129304e-304
91,DFT_CRT,time_and_value_scaling_t0,wide,DEoptim,7636,6.835426893334123e-304
91,DFT_CRT,time_and_value_scaling_t0,wide,DEoptim,7637,6.835426893334123e-304
91,DFT_CRT,time_and_value_scaling_t0,wide,DEoptim,7638,6.835426893334123e-304
91,DFT_CRT,time_and_value_scaling_t0,wide,DEoptim,7639,6.8354268934402224e-304
91,DFT_CRT,time_and_value_scaling_t0,wide,DEoptim,7640,1.3103459985109345e-304
91,DFT_CRT,time_and_value_scaling_t0,wide,DEoptim,7641,6.835426893652422e-304
91,DFT_CRT,time_and_value_scaling_t0,wide,DEoptim,7642,7.105995874528598e-304
91,DFT_CRT,time_and_value_scaling_t0,wide,DEoptim,7643,6.8354268934402224e-304
91,DFT_CRT,time_and_value_scaling_t0,wide,DEoptim,7644,1.3673078892887188e-304
91,DFT_CRT,time_and_value_scaling_t0,wide,DEoptim,7645,6.835426893652422e-304
91,DFT_CRT,time_and_value_scaling_t0,wide,DEoptim,7646,7.0748483171874014e-304
91,DFT_CRT,time_and_value_scaling_t0,wide,DEoptim,7647,6.8354268934402224e-304
91,DFT_CRT,time_and_value_scaling_t0,wide,DEoptim,7648,7.0739582876439986e-304
91,DFT_CRT,time_and_value_scaling_t0,wide,DEoptim,7649,6.8354268934402224e-304
91,DFT_CRT,time_and_value_scaling_t0,wide,DEoptim,7650,2.2250738585072014e-308
91,DFT_CRT,time_and_value_scaling_t0,wide,DEoptim,7651,1.2516125334258437e-308
91,DFT_CRT,time_and_value_scaling_t0,wide,DEoptim,7652,5.56226821430775e-310
91,DFT_CRT,time_and_value_scaling_t0,wide,DEoptim,7653,1.37980654311726e-309
91,DFT_CRT,time_and_value_scaling_t0,wide,DEoptim,7654,1.37980654311979e-309
91,DFT_CRT,time_and_value_scaling_t0,wide,DEoptim,7655,1.38532373217377e-309
91,DFT_CRT,time_and_value_scaling_t0,wide,DEoptim,7656,1.37980654311726e-309
91,DFT_CRT,time_and_value_scaling_t0,wide,DEoptim,7657,1.37980654311979e-309
91,DFT_CRT,time_and_value_scaling_t0,wide,DEoptim,7658,1.17883232206355e-309
91,DFT_CRT,time_and_value_scaling_t0,wide,DEoptim,7659,1.379806543124848e-309
91,DFT_CRT,time_and_value_scaling_t0,wide,DEoptim,7660,1.38591789099524e-309
91,DFT_CRT,time_and_value_scaling_t0,wide,DEoptim,7661,1.37980654311979e-309
91,DFT_CRT,time_and_value_scaling_t0,wide,DEoptim,7662,1.18426463128842e-309
91,DFT_CRT,time_and_value_scaling_t0,wide,DEoptim,7663,1.379806543124848e-309
91,DFT_CRT,time_and_value_scaling_t0,wide,DEoptim,7664,1.38644838994298e-309
91,DFT_CRT,time_and_value_scaling_t0,wide,DEoptim,7665,1.37980654311979e-309
91,DFT_CRT,time_and_value_scaling_t0,wide,DEoptim,7666,1.379806543124848e-309
91,DFT_CRT,time_and_value_scaling_t0,wide,DEoptim,7667,1.38581179120569e-309
91,DFT_CRT,time_and_value_scaling_t0,wide,DEoptim,7668,1.37980654311979e-309
91,DFT_CRT,time_and_value_scaling_t0,wide,DEoptim,7669,1.379806543124848e-309
91,DFT_CRT,time_and_value_scaling_t0,wide,DEoptim,7670,1.38581179120569e-309
91,DFT_CRT,time_and_value_scaling_t0,wide,DEoptim,7671,1.37980654311979e-309
91,DFT_CRT,time_and_value_scaling_t0,wide,DEoptim,7672,1.38530251221586e-309
91,DFT_CRT,time_and_value_scaling_t0,wide,DEoptim,7673,1.37980654311979e-309
91,DFT_CRT,time_and_value_scaling_t0,wide,DEoptim,7674,1.388061106744114e-309
91,DFT_CRT,time_and_value_scaling_t0,wide,DEoptim,7675,1.37980654311726e-309
91,DFT_CRT,time_and_value_scaling_t0,wide,DEoptim,7676,1.37980654311979e-309
91,DFT_CRT,time_and_value_scaling_t0,wide,DEoptim,7677,1.385578454559145e-309
91,DFT_CRT,time_and_value_scaling_t0,wide,DEoptim,7678,1.37980654311726e-309
91,DFT_CRT,time_and_value_scaling_t0,wide,DEoptim,7679,1.37980654311726e-309
91,DFT_CRT,time_and_value_scaling_t0,wide,DEoptim,7680,1.37980654311979e-309
91,DFT_CRT,time_and_value_scaling_t0,wide,DEoptim,7681,1.189696940513293e-309
91,DFT_CRT,time_and_value_scaling_t0,wide,DEoptim,7682,1.379806543124848e-309
91,DFT_CRT,time_and_value_scaling_t0,wide,DEoptim,7683,1.38572691137405e-309
91,DFT_CRT,time_and_value_scaling_t0,wide,DEoptim,7684,1.37980654311979e-309
91,DFT_CRT,time_and_value_scaling_t0,wide,DEoptim,7685,1.379806543124848e-309
91,DFT_CRT,time_and_value_scaling_t0,wide,DEoptim,7686,1.38640595002716e-309
91,DFT_CRT,time_and_value_scaling_t0,wide,DEoptim,7687,1.37980654311979e-309
91,DFT_CRT,time_and_value_scaling_t0,wide,DEoptim,7688,1.385493574727506e-309
91,DFT_CRT,time_and_value_scaling_t0,wide,DEoptim,7689,1.37980654311726e-309
91,DFT_CRT,time_and_value_scaling_t0,wide,DEoptim,7690,1.3857693512924e-309
91,DFT_CRT,time_and_value_scaling_t0,wide,DEoptim,7691,5.432309224871e-311
91,DFT_CRT,time_and_value_scaling_t0,wide,DEoptim,7692,5.432309226136e-312
91,DFT_CRT,time_and_value_scaling_t0,wide,DEoptim,7693,1.37980654311726e-309
91,DFT_CRT,time_and_value_scaling_t0,wide,DEoptim,7694,1.37980654311726e-309
91,DFT_CRT,time_and_value_scaling_t0,wide,DEoptim,7695,1.37980654311726e-309
91,DFT_CRT,time_and_value_scaling_t0,wide,DEoptim,7696,1.37980654311726e-309
91,DFT_CRT,time_and_value_scaling_t0,wide,DEoptim,7697,1.37980654311726e-309
91,DFT_CRT,time_and_value_scaling_t0,wide,DEoptim,7698,1.37980654311979e-309
91,DFT_CRT,time_and_value_scaling_t0,wide,DEoptim,7699,1.379806543124848e-309
91,DFT_CRT,time_and_value_scaling_t0,wide,DEoptim,7700,1.385663251500323e-309
91,DFT_CRT,time_and_value_scaling_t0,wide,DEoptim,7701,1.37980654311979e-309
91,DFT_CRT,time_and_value_scaling_t0,wide,DEoptim,7702,1.195129249738164e-309
91,DFT_CRT,time_and_value_scaling_t0,wide,DEoptim,7703,1.379806543124848e-309
91,DFT_CRT,time_and_value_scaling_t0,wide,DEoptim,7704,1.390543841819543e-309
91,DFT_CRT,time_and_value_scaling_t0,wide,DEoptim,7705,1.37980654311979e-309
91,DFT_CRT,time_and_value_scaling_t0,wide,DEoptim,7706,1.38532373217377e-309
91,DFT_CRT,time_and_value_scaling_t0,wide,DEoptim,7707,1.37980654311979e-309
91,DFT_CRT,time_and_value_scaling_t0,wide,DEoptim,7708,1.385536014643325e-309
91,DFT_CRT,time_and_value_scaling_t0,wide,DEoptim,7709,1.37980654311726e-309
91,DFT_CRT,time_and_value_scaling_t0,wide,DEoptim,7710,1.37980654311726e-309
91,DFT_CRT,time_and_value_scaling_t0,wide,DEoptim,7711,1.37980654311726e-309
91,DFT_CRT,time_and_value_scaling_t0,wide,DEoptim,7712,1.37980654311979e-309
91,DFT_CRT,time_and_value_scaling_t0,wide,DEoptim,7713,1.200561558963035e-309
91,DFT_CRT,time_and_value_scaling_t0,wide,DEoptim,7714,1.379806543124848e-309
91,DFT_CRT,time_and_value_scaling_t0,wide,DEoptim,7715,1.38591789099524e-309
91,DFT_CRT,time_and_value_scaling_t0,wide,DEoptim,7716,1.37980654311979e-309
91,DFT_CRT,time_and_value_scaling_t0,wide,DEoptim,7717,1.379806543124848e-309
91,DFT_CRT,time_and_value_scaling_t0,wide,DEoptim,7718,1.38644838994298e-309
91,DFT_CRT,time_and_value_scaling_t0,wide,DEoptim,7719,1.37980654311979e-309
91,DFT_CRT,time_and_value_scaling_t0,wide,DEoptim,7720,1.379806543124848e-309
91,DFT_CRT,time_and_value_scaling_t0,wide,DEoptim,7721,1.386023990784787e-309
91,DFT_CRT,time_and_value_scaling_t0,wide,DEoptim,7722,1.37980654311979e-309
91,DFT_CRT,time_and_value_scaling_t0,wide,DEoptim,7723,1.385387392047497e-309
91,DFT_CRT,time_and_value_scaling_t0,wide,DEoptim,7724,1.37980654311726e-309
91,DFT_CRT,time_and_value_scaling_t0,wide,DEoptim,7725,1.37980654311726e-309
91,DFT_CRT,time_and_value_scaling_t0,wide,DEoptim,7726,1.37980654311979e-309
91,DFT_CRT,time_and_value_scaling_t0,wide,DEoptim,7727,1.379806543124848e-309
91,DFT_CRT,time_and_value_scaling_t0,wide,DEoptim,7728,1.385663251500323e-309
91,DFT_CRT,time_and_value_scaling_t0,wide,DEoptim,7729,1.37980654311979e-309
91,DFT_CRT,time_and_value_scaling_t0,wide,DEoptim,7730,1.205993868187906e-309
91,DFT_CRT,time_and_value_scaling_t0,wide,DEoptim,7731,1.379806543124848e-309
91,DFT_CRT,time_and_value_scaling_t0,wide,DEoptim,7732,1.38579057124778e-309
91,DFT_CRT,time_and_value_scaling_t0,wide,DEoptim,7733,1.37980654311979e-309
91,DFT_CRT,time_and_value_scaling_t0,wide,DEoptim,7734,2.0527694427391904e-289
91,DFT_CRT,time_and_value_scaling_t0,wide,DEoptim,7735,7250938240381586e208
91,DFT_CRT,time_and_value_scaling_t0,wide,DEoptim,7736,1784956185297809e146
91,DFT_CRT,time_and_value_scaling_t0,wide,DEoptim,7737,494142262673244e243
91,DFT_CRT,time_and_value_scaling_t0,wide,DEoptim,7738,4.243991639e-314
91,DFT_CRT,time_and_value_scaling_t0,wide,DEoptim,7739,7.29281863837392e-304
91,DFT_CRT,time_and_value_scaling_t0,wide,DEoptim,7740,1.2731974856e-313
91,DFT_CRT,time_and_value_scaling_t0,wide,DEoptim,7741,2.000000000000113
91,DFT_CRT,time_and_value_scaling_t0,wide,DEoptim,7742,4.243991708e-314
91,DFT_CRT,time_and_value_scaling_t0,wide,DEoptim,7743,5.77662200276778e-275
91,DFT_CRT,time_and_value_scaling_t0,wide,DEoptim,7744,4.243991708e-314
91,DFT_CRT,time_and_value_scaling_t0,wide,DEoptim,7745,1.27319748713e-313
91,DFT_CRT,time_and_value_scaling_t0,wide,DEoptim,7746,2923003274661971e33
91,DFT_CRT,time_and_value_scaling_t0,wide,DEoptim,7747,4.243991708e-314
91,DFT_CRT,time_and_value_scaling_t0,wide,DEoptim,7748,2.052268400649304e-289
91,DFT_CRT,time_and_value_scaling_t0,wide,DEoptim,7749,1.26e-321
91,DFT_CRT,time_and_value_scaling_t0,wide,DEoptim,7750,1.255e-321
91,DFT_CRT,time_and_value_scaling_t0,wide,DEoptim,7751,1.255e-321
91,DFT_CRT,time_and_value_scaling_t0,wide,DEoptim,7752,4.2439917074e-314
91,DFT_CRT,time_and_value_scaling_t0,wide,DEoptim,7753,7.29281863837392e-304
91,DFT_CRT,time_and_value_scaling_t0,wide,DEoptim,7754,1.27319748565e-313
91,DFT_CRT,time_and_value_scaling_t0,wide,DEoptim,7755,1.4916681462401255e-154
91,DFT_CRT,time_and_value_scaling_t0,wide,DEoptim,7756,4.243991708e-314
91,DFT_CRT,time_and_value_scaling_t0,wide,DEoptim,7757,7.29281863837392e-304
91,DFT_CRT,time_and_value_scaling_t0,wide,DEoptim,7758,1.2731974857e-313
91,DFT_CRT,time_and_value_scaling_t0,wide,DEoptim,7759,8227522786606494e47
91,DFT_CRT,time_and_value_scaling_t0,wide,DEoptim,7760,4.243991708e-314
91,DFT_CRT,time_and_value_scaling_t0,wide,DEoptim,7761,2.524887236485893e-212
91,DFT_CRT,time_and_value_scaling_t0,wide,DEoptim,7762,1.26e-321
91,DFT_CRT,time_and_value_scaling_t0,wide,DEoptim,7763,4.2439917074e-314
91,DFT_CRT,time_and_value_scaling_t0,wide,DEoptim,7764,1.27319748713e-313
91,DFT_CRT,time_and_value_scaling_t0,wide,DEoptim,7765,2.376364457869084e-212
91,DFT_CRT,time_and_value_scaling_t0,wide,DEoptim,7766,4.243991708e-314
91,DFT_CRT,time_and_value_scaling_t0,wide,DEoptim,7767,7.29281863837392e-304
91,DFT_CRT,time_and_value_scaling_t0,wide,DEoptim,7768,1.27319748575e-313
91,DFT_CRT,time_and_value_scaling_t0,wide,DEoptim,7769,1.7272337110189863e-77
91,DFT_CRT,time_and_value_scaling_t0,wide,DEoptim,7770,4.243991708e-314
91,DFT_CRT,time_and_value_scaling_t0,wide,DEoptim,7771,2.524887236485893e-212
91,DFT_CRT,time_and_value_scaling_t0,wide,DEoptim,7772,4.243991708e-314
91,DFT_CRT,time_and_value_scaling_t0,wide,DEoptim,7773,2.052268400649304e-289
91,DFT_CRT,time_and_value_scaling_t0,wide,DEoptim,7774,1.26e-321
91,DFT_CRT,time_and_value_scaling_t0,wide,DEoptim,7775,1.255e-321
91,DFT_CRT,time_and_value_scaling_t0,wide,DEoptim,7776,1.255e-321
91,DFT_CRT,time_and_value_scaling_t0,wide,DEoptim,7777,1.255e-321
91,DFT_CRT,time_and_value_scaling_t0,wide,DEoptim,7778,1.255e-321
91,DFT_CRT,time_and_value_scaling_t0,wide,DEoptim,7779,4.2439917074e-314
91,DFT_CRT,time_and_value_scaling_t0,wide,DEoptim,7780,7.29281863837392e-304
91,DFT_CRT,time_and_value_scaling_t0,wide,DEoptim,7781,1.2731974858e-313
91,DFT_CRT,time_and_value_scaling_t0,wide,DEoptim,7782,-2124551971267188e168
91,DFT_CRT,time_and_value_scaling_t0,wide,DEoptim,7783,4.243991708e-314
91,DFT_CRT,time_and_value_scaling_t0,wide,DEoptim,7784,1.255e-321
91,DFT_CRT,time_and_value_scaling_t0,wide,DEoptim,7785,5.56270586622599e-309
91,DFT_CRT,time_and_value_scaling_t0,wide,DEoptim,7786,5042585799800265e208
91,DFT_CRT,time_and_value_scaling_t0,wide,DEoptim,7787,3.2196183e-317
91,DFT_CRT,time_and_value_scaling_t0,wide,DEoptim,7788,2.78134240537688e-309
91,DFT_CRT,time_and_value_scaling_t0,wide,DEoptim,7789,4.556951275697422e-304
91,DFT_CRT,time_and_value_scaling_t0,wide,DEoptim,7790,8.344027043227586e-309
91,DFT_CRT,time_and_value_scaling_t0,wide,DEoptim,7791,8.224288e-317
91,DFT_CRT,time_and_value_scaling_t0,wide,DEoptim,7792,2.78134240572723e-309
91,DFT_CRT,time_and_value_scaling_t0,wide,DEoptim,7793,8.224288e-317
91,DFT_CRT,time_and_value_scaling_t0,wide,DEoptim,7794,1.390671166747655e-309
91,DFT_CRT,time_and_value_scaling_t0,wide,DEoptim,7795,5821942846534319e216
91,DFT_CRT,time_and_value_scaling_t0,wide,DEoptim,7796,949439101435742e156
91,DFT_CRT,time_and_value_scaling_t0,wide,DEoptim,7797,2.428313424726e-312
91,DFT_CRT,time_and_value_scaling_t0,wide,DEoptim,7798,5.38986930905e-312
91,DFT_CRT,time_and_value_scaling_t0,wide,DEoptim,7799,5.38986930906e-312
91,DFT_CRT,time_and_value_scaling_t0,wide,DEoptim,7800,4.859453252977e-312
91,DFT_CRT,time_and_value_scaling_t0,wide,DEoptim,7801,5.38986930908e-312
91,DFT_CRT,time_and_value_scaling_t0,wide,DEoptim,7802,5.4137417617e-312
91,DFT_CRT,time_and_value_scaling_t0,wide,DEoptim,7803,5.38986930906e-312
91,DFT_CRT,time_and_value_scaling_t0,wide,DEoptim,7804,4.880673210886e-312
91,DFT_CRT,time_and_value_scaling_t0,wide,DEoptim,7805,5.38986930908e-312
91,DFT_CRT,time_and_value_scaling_t0,wide,DEoptim,7806,5.415814023215e-312
91,DFT_CRT,time_and_value_scaling_t0,wide,DEoptim,7807,5.38986930906e-312
91,DFT_CRT,time_and_value_scaling_t0,wide,DEoptim,7808,4.901893168796e-312
91,DFT_CRT,time_and_value_scaling_t0,wide,DEoptim,7809,5.38986930908e-312
91,DFT_CRT,time_and_value_scaling_t0,wide,DEoptim,7810,5.414156214003e-312
91,DFT_CRT,time_and_value_scaling_t0,wide,DEoptim,7811,5.38986930906e-312
91,DFT_CRT,time_and_value_scaling_t0,wide,DEoptim,7812,4.923113126706e-312
91,DFT_CRT,time_and_value_scaling_t0,wide,DEoptim,7813,5.38986930908e-312
91,DFT_CRT,time_and_value_scaling_t0,wide,DEoptim,7814,5.413327309397e-312
91,DFT_CRT,time_and_value_scaling_t0,wide,DEoptim,7815,5.38986930906e-312
91,DFT_CRT,time_and_value_scaling_t0,wide,DEoptim,7816,5.411337938343e-312
91,DFT_CRT,time_and_value_scaling_t0,wide,DEoptim,7817,5.38986930906e-312
91,DFT_CRT,time_and_value_scaling_t0,wide,DEoptim,7818,5.562705866225913e-309
91,DFT_CRT,time_and_value_scaling_t0,wide,DEoptim,7819,10990498777672995e232
91,DFT_CRT,time_and_value_scaling_t0,wide,DEoptim,7820,747730572760808e233
91,DFT_CRT,time_and_value_scaling_t0,wide,DEoptim,7821,3.705312e-317
91,DFT_CRT,time_and_value_scaling_t0,wide,DEoptim,7822,8.224288e-317
91,DFT_CRT,time_and_value_scaling_t0,wide,DEoptim,7823,8.224288e-317
91,DFT_CRT,time_and_value_scaling_t0,wide,DEoptim,7824,2.78134240537688e-309
91,DFT_CRT,time_and_value_scaling_t0,wide,DEoptim,7825,4.556951275697422e-304
91,DFT_CRT,time_and_value_scaling_t0,wide,DEoptim,7826,8.34402704484654e-309
91,DFT_CRT,time_and_value_scaling_t0,wide,DEoptim,7827,8.224288e-317
91,DFT_CRT,time_and_value_scaling_t0,wide,DEoptim,7828,2.781342405733556e-309
91,DFT_CRT,time_and_value_scaling_t0,wide,DEoptim,7829,8.224288e-317
91,DFT_CRT,time_and_value_scaling_t0,wide,DEoptim,7830,2.78134240570573e-309
91,DFT_CRT,time_and_value_scaling_t0,wide,DEoptim,7831,4.556951275697422e-304
91,DFT_CRT,time_and_value_scaling_t0,wide,DEoptim,7832,8.34402704517033e-309
91,DFT_CRT,time_and_value_scaling_t0,wide,DEoptim,7833,8.344027051644884e-309
91,DFT_CRT,time_and_value_scaling_t0,wide,DEoptim,7834,8.224288e-317
91,DFT_CRT,time_and_value_scaling_t0,wide,DEoptim,7835,2.78134240573482e-309
91,DFT_CRT,time_and_value_scaling_t0,wide,DEoptim,7836,8.224288e-317
91,DFT_CRT,time_and_value_scaling_t0,wide,DEoptim,7837,2.781342405704466e-309
91,DFT_CRT,time_and_value_scaling_t0,wide,DEoptim,7838,8.224288e-317
91,DFT_CRT,time_and_value_scaling_t0,wide,DEoptim,7839,8.2593236e-317
91,DFT_CRT,time_and_value_scaling_t0,wide,DEoptim,7840,2.78134240537688e-309
91,DFT_CRT,time_and_value_scaling_t0,wide,DEoptim,7841,8.224288e-317
91,DFT_CRT,time_and_value_scaling_t0,wide,DEoptim,7842,2.7813424058398e-309
91,DFT_CRT,time_and_value_scaling_t0,wide,DEoptim,7843,8.224288e-317
91,DFT_CRT,time_and_value_scaling_t0,wide,DEoptim,7844,2.78134240581577e-309
91,DFT_CRT,time_and_value_scaling_t0,wide,DEoptim,7845,8.224288e-317
91,DFT_CRT,time_and_value_scaling_t0,wide,DEoptim,7846,2.78134240570573e-309
91,DFT_CRT,time_and_value_scaling_t0,wide,DEoptim,7847,8.224288e-317
91,DFT_CRT,time_and_value_scaling_t0,wide,DEoptim,7848,2.781342405714584e-309
91,DFT_CRT,time_and_value_scaling_t0,wide,DEoptim,7849,4.556951275697422e-304
91,DFT_CRT,time_and_value_scaling_t0,wide,DEoptim,7850,8.344027045494122e-309
91,DFT_CRT,time_and_value_scaling_t0,wide,DEoptim,7851,8.224288e-317
91,DFT_CRT,time_and_value_scaling_t0,wide,DEoptim,7852,2.781342405772766e-309
91,DFT_CRT,time_and_value_scaling_t0,wide,DEoptim,7853,8.224288e-317
91,DFT_CRT,time_and_value_scaling_t0,wide,DEoptim,7854,8.258817e-317
91,DFT_CRT,time_and_value_scaling_t0,wide,DEoptim,7855,8.224288e-317
91,DFT_CRT,time_and_value_scaling_t0,wide,DEoptim,7856,8.224288e-317
91,DFT_CRT,time_and_value_scaling_t0,wide,DEoptim,7857,8.224288e-317
91,DFT_CRT,time_and_value_scaling_t0,wide,DEoptim,7858,2.78134240537688e-309
91,DFT_CRT,time_and_value_scaling_t0,wide,DEoptim,7859,4.556951275697422e-304
91,DFT_CRT,time_and_value_scaling_t0,wide,DEoptim,7860,8.344027045817913e-309
91,DFT_CRT,time_and_value_scaling_t0,wide,DEoptim,7861,8.224288e-317
91,DFT_CRT,time_and_value_scaling_t0,wide,DEoptim,7862,2.781342405741145e-309
91,DFT_CRT,time_and_value_scaling_t0,wide,DEoptim,7863,4.556951275697422e-304
91,DFT_CRT,time_and_value_scaling_t0,wide,DEoptim,7864,8.344027046141704e-309
91,DFT_CRT,time_and_value_scaling_t0,wide,DEoptim,7865,8.224288e-317
91,DFT_CRT,time_and_value_scaling_t0,wide,DEoptim,7866,2.781342405772766e-309
91,DFT_CRT,time_and_value_scaling_t0,wide,DEoptim,7867,8.224288e-317
91,DFT_CRT,time_and_value_scaling_t0,wide,DEoptim,7868,8.258817e-317
91,DFT_CRT,time_and_value_scaling_t0,wide,DEoptim,7869,2.78134240537688e-309
91,DFT_CRT,time_and_value_scaling_t0,wide,DEoptim,7870,8.344027051644884e-309
91,DFT_CRT,time_and_value_scaling_t0,wide,DEoptim,7871,8.224288e-317
91,DFT_CRT,time_and_value_scaling_t0,wide,DEoptim,7872,2.78134240572597e-309
91,DFT_CRT,time_and_value_scaling_t0,wide,DEoptim,7873,4.556951275697422e-304
91,DFT_CRT,time_and_value_scaling_t0,wide,DEoptim,7874,8.344027046465495e-309
91,DFT_CRT,time_and_value_scaling_t0,wide,DEoptim,7875,8.224288e-317
91,DFT_CRT,time_and_value_scaling_t0,wide,DEoptim,7876,2.781342405996637e-309
91,DFT_CRT,time_and_value_scaling_t0,wide,DEoptim,7877,8.224288e-317
91,DFT_CRT,time_and_value_scaling_t0,wide,DEoptim,7878,1.390671166747655e-309
91,DFT_CRT,time_and_value_scaling_t0,wide,DEoptim,7879,3.45519590577827e-260
91,DFT_CRT,time_and_value_scaling_t0,wide,DEoptim,7880,3105011919521952e154
91,DFT_CRT,time_and_value_scaling_t0,wide,DEoptim,7881,1.9684181942651035e-153
91,DFT_CRT,time_and_value_scaling_t0,wide,DEoptim,7882,-8371161056012723e283
91,DFT_CRT,time_and_value_scaling_t0,wide,DEoptim,7883,-5034032849924214e211
91,DFT_CRT,time_and_value_scaling_t0,wide,DEoptim,7884,-8371161180752742e283
91,DFT_CRT,time_and_value_scaling_t0,wide,DEoptim,7885,7.291122019556398e-304
91,DFT_CRT,time_and_value_scaling_t0,wide,DEoptim,7886,1.0655987126833295e-255
91,DFT_CRT,time_and_value_scaling_t0,wide,DEoptim,7887,5812416317487946e165
91,DFT_CRT,time_and_value_scaling_t0,wide,DEoptim,7888,2.781342359221974e-309
91,DFT_CRT,time_and_value_scaling_t0,wide,DEoptim,7889,8.224288e-317
91,DFT_CRT,time_and_value_scaling_t0,wide,DEoptim,7890,2.78134240580818e-309
91,DFT_CRT,time_and_value_scaling_t0,wide,DEoptim,7891,8.224288e-317
91,DFT_CRT,time_and_value_scaling_t0,wide,DEoptim,7892,8.257173e-317
91,DFT_CRT,time_and_value_scaling_t0,wide,DEoptim,7893,8.224288e-317
91,DFT_CRT,time_and_value_scaling_t0,wide,DEoptim,7894,8.224288e-317
91,DFT_CRT,time_and_value_scaling_t0,wide,DEoptim,7895,8.224288e-317
91,DFT_CRT,time_and_value_scaling_t0,wide,DEoptim,7896,2.78134240537688e-309
91,DFT_CRT,time_and_value_scaling_t0,wide,DEoptim,7897,4.556951275697422e-304
91,DFT_CRT,time_and_value_scaling_t0,wide,DEoptim,7898,8.344027047113077e-309
91,DFT_CRT,time_and_value_scaling_t0,wide,DEoptim,7899,8.224288e-317
91,DFT_CRT,time_and_value_scaling_t0,wide,DEoptim,7900,2.781342405991577e-309
91,DFT_CRT,time_and_value_scaling_t0,wide,DEoptim,7901,8.224288e-317
91,DFT_CRT,time_and_value_scaling_t0,wide,DEoptim,7902,1.390671166747655e-309
91,DFT_CRT,time_and_value_scaling_t0,wide,DEoptim,7903,5821942846534319e216
91,DFT_CRT,time_and_value_scaling_t0,wide,DEoptim,7904,949439101435742e156
91,DFT_CRT,time_and_value_scaling_t0,wide,DEoptim,7905,2.428313424726e-312
91,DFT_CRT,time_and_value_scaling_t0,wide,DEoptim,7906,5.38986930905e-312
91,DFT_CRT,time_and_value_scaling_t0,wide,DEoptim,7907,5.38986930905e-312
91,DFT_CRT,time_and_value_scaling_t0,wide,DEoptim,7908,5.38986930905e-312
91,DFT_CRT,time_and_value_scaling_t0,wide,DEoptim,7909,5.38986930906e-312
91,DFT_CRT,time_and_value_scaling_t0,wide,DEoptim,7910,5.11409274789e-312
91,DFT_CRT,time_and_value_scaling_t0,wide,DEoptim,7911,5.38986930908e-312
91,DFT_CRT,time_and_value_scaling_t0,wide,DEoptim,7912,5.430154072896e-312
91,DFT_CRT,time_and_value_scaling_t0,wide,DEoptim,7913,5.38986930906e-312
91,DFT_CRT,time_and_value_scaling_t0,wide,DEoptim,7914,3.39519326554e-313
91,DFT_CRT,time_and_value_scaling_t0,wide,DEoptim,7915,1.90980916355e-313
91,DFT_CRT,time_and_value_scaling_t0,wide,DEoptim,7916,1.63730401833643e-306
91,DFT_CRT,time_and_value_scaling_t0,wide,DEoptim,7917,6.835426893334123e-304
91,DFT_CRT,time_and_value_scaling_t0,wide,DEoptim,7918,6.8354268934402224e-304
91,DFT_CRT,time_and_value_scaling_t0,wide,DEoptim,7919,4.102146178488051e-304
91,DFT_CRT,time_and_value_scaling_t0,wide,DEoptim,7920,6.835426893652422e-304
91,DFT_CRT,time_and_value_scaling_t0,wide,DEoptim,7921,7.091755401834152e-304
91,DFT_CRT,time_and_value_scaling_t0,wide,DEoptim,7922,6.8354268934402224e-304
91,DFT_CRT,time_and_value_scaling_t0,wide,DEoptim,7923,4.329993741599188e-304
91,DFT_CRT,time_and_value_scaling_t0,wide,DEoptim,7924,6.835426893652422e-304
91,DFT_CRT,time_and_value_scaling_t0,wide,DEoptim,7925,7.0970955790945695e-304
91,DFT_CRT,time_and_value_scaling_t0,wide,DEoptim,7926,6.8354268934402224e-304
91,DFT_CRT,time_and_value_scaling_t0,wide,DEoptim,7927,4.557841304710326e-304
91,DFT_CRT,time_and_value_scaling_t0,wide,DEoptim,7928,6.835426893652422e-304
91,DFT_CRT,time_and_value_scaling_t0,wide,DEoptim,7929,7.087305254117138e-304
91,DFT_CRT,time_and_value_scaling_t0,wide,DEoptim,7930,6.8354268934402224e-304
91,DFT_CRT,time_and_value_scaling_t0,wide,DEoptim,7931,7.065944545075469e-304
91,DFT_CRT,time_and_value_scaling_t0,wide,DEoptim,7932,6.8354268934402224e-304
91,DFT_CRT,time_and_value_scaling_t0,wide,DEoptim,7933,7.2234797742577786e-304
91,DFT_CRT,time_and_value_scaling_t0,wide,DEoptim,7934,6.835426893334123e-304
91,DFT_CRT,time_and_value_scaling_t0,wide,DEoptim,7935,6.8354268934402224e-304
91,DFT_CRT,time_and_value_scaling_t0,wide,DEoptim,7936,4.785688867821463e-304
91,DFT_CRT,time_and_value_scaling_t0,wide,DEoptim,7937,6.835426893652422e-304
91,DFT_CRT,time_and_value_scaling_t0,wide,DEoptim,7938,7.114006140419224e-304
91,DFT_CRT,time_and_value_scaling_t0,wide,DEoptim,7939,6.8354268934402224e-304
91,DFT_CRT,time_and_value_scaling_t0,wide,DEoptim,7940,7.145157174438325e-304
91,DFT_CRT,time_and_value_scaling_t0,wide,DEoptim,7941,6.835426893334123e-304
91,DFT_CRT,time_and_value_scaling_t0,wide,DEoptim,7942,6.835426893334123e-304
91,DFT_CRT,time_and_value_scaling_t0,wide,DEoptim,7943,6.8354268934402224e-304
91,DFT_CRT,time_and_value_scaling_t0,wide,DEoptim,7944,6.835426893652422e-304
91,DFT_CRT,time_and_value_scaling_t0,wide,DEoptim,7945,7.081075047313318e-304
91,DFT_CRT,time_and_value_scaling_t0,wide,DEoptim,7946,6.8354268934402224e-304
91,DFT_CRT,time_and_value_scaling_t0,wide,DEoptim,7947,5.0135364309326005e-304
91,DFT_CRT,time_and_value_scaling_t0,wide,DEoptim,7948,6.835426893652422e-304
91,DFT_CRT,time_and_value_scaling_t0,wide,DEoptim,7949,7.1344768199174905e-304
91,DFT_CRT,time_and_value_scaling_t0,wide,DEoptim,7950,6.8354268934402224e-304
91,DFT_CRT,time_and_value_scaling_t0,wide,DEoptim,7951,7.065054515532066e-304
91,DFT_CRT,time_and_value_scaling_t0,wide,DEoptim,7952,6.8354268934402224e-304
91,DFT_CRT,time_and_value_scaling_t0,wide,DEoptim,7953,5.241383994043738e-304
91,DFT_CRT,time_and_value_scaling_t0,wide,DEoptim,7954,6.835426893652422e-304
91,DFT_CRT,time_and_value_scaling_t0,wide,DEoptim,7955,7.0748483171874014e-304
91,DFT_CRT,time_and_value_scaling_t0,wide,DEoptim,7956,6.8354268934402224e-304
91,DFT_CRT,time_and_value_scaling_t0,wide,DEoptim,7957,7.0668345746188716e-304
91,DFT_CRT,time_and_value_scaling_t0,wide,DEoptim,7958,6.8354268934402224e-304
91,DFT_CRT,time_and_value_scaling_t0,wide,DEoptim,7959,2.2250738585072014e-308
91,DFT_CRT,time_and_value_scaling_t0,wide,DEoptim,7960,1.2516125334258437e-308
91,DFT_CRT,time_and_value_scaling_t0,wide,DEoptim,7961,2.13103149875e-312
91,DFT_CRT,time_and_value_scaling_t0,wide,DEoptim,7962,5.38986930905e-312
91,DFT_CRT,time_and_value_scaling_t0,wide,DEoptim,7963,5.41780339428e-312
91,DFT_CRT,time_and_value_scaling_t0,wide,DEoptim,7964,2.12199579097e-313
91,DFT_CRT,time_and_value_scaling_t0,wide,DEoptim,7965,2.1219957915e-314
91,DFT_CRT,time_and_value_scaling_t0,wide,DEoptim,7966,5.38986930905e-312
91,DFT_CRT,time_and_value_scaling_t0,wide,DEoptim,7967,5.38986930905e-312
91,DFT_CRT,time_and_value_scaling_t0,wide,DEoptim,7968,5.38986930905e-312
91,DFT_CRT,time_and_value_scaling_t0,wide,DEoptim,7969,5.38986930906e-312
91,DFT_CRT,time_and_value_scaling_t0,wide,DEoptim,7970,5.26263245326e-312
91,DFT_CRT,time_and_value_scaling_t0,wide,DEoptim,7971,5.38986930908e-312
91,DFT_CRT,time_and_value_scaling_t0,wide,DEoptim,7972,5.4137417617e-312
91,DFT_CRT,time_and_value_scaling_t0,wide,DEoptim,7973,5.38986930906e-312
91,DFT_CRT,time_and_value_scaling_t0,wide,DEoptim,7974,5.41241551433e-312
91,DFT_CRT,time_and_value_scaling_t0,wide,DEoptim,7975,5.38986930906e-312
91,DFT_CRT,time_and_value_scaling_t0,wide,DEoptim,7976,5.38986930908e-312
91,DFT_CRT,time_and_value_scaling_t0,wide,DEoptim,7977,5.412747076173e-312
91,DFT_CRT,time_and_value_scaling_t0,wide,DEoptim,7978,5.38986930906e-312
91,DFT_CRT,time_and_value_scaling_t0,wide,DEoptim,7979,5.28385241117e-312
91,DFT_CRT,time_and_value_scaling_t0,wide,DEoptim,7980,5.38986930908e-312
91,DFT_CRT,time_and_value_scaling_t0,wide,DEoptim,7981,5.413244418937e-312
91,DFT_CRT,time_and_value_scaling_t0,wide,DEoptim,7982,5.38986930906e-312
91,DFT_CRT,time_and_value_scaling_t0,wide,DEoptim,7983,5.411420828804e-312
91,DFT_CRT,time_and_value_scaling_t0,wide,DEoptim,7984,5.38986930906e-312
91,DFT_CRT,time_and_value_scaling_t0,wide,DEoptim,7985,5.30507236908e-312
91,DFT_CRT,time_and_value_scaling_t0,wide,DEoptim,7986,5.38986930908e-312
91,DFT_CRT,time_and_value_scaling_t0,wide,DEoptim,7987,5.32629232699e-312
91,DFT_CRT,time_and_value_scaling_t0,wide,DEoptim,7988,5.38986930908e-312
91,DFT_CRT,time_and_value_scaling_t0,wide,DEoptim,7989,5.41672581828e-312
91,DFT_CRT,time_and_value_scaling_t0,wide,DEoptim,7990,5.38986930906e-312
91,DFT_CRT,time_and_value_scaling_t0,wide,DEoptim,7991,5.41680870874e-312
91,DFT_CRT,time_and_value_scaling_t0,wide,DEoptim,7992,5.38986930906e-312
91,DFT_CRT,time_and_value_scaling_t0,wide,DEoptim,7993,5.41830073703e-312
91,DFT_CRT,time_and_value_scaling_t0,wide,DEoptim,7994,5.38986930905e-312
91,DFT_CRT,time_and_value_scaling_t0,wide,DEoptim,7995,5.38986930906e-312
91,DFT_CRT,time_and_value_scaling_t0,wide,DEoptim,7996,5.411420828804e-312
91,DFT_CRT,time_and_value_scaling_t0,wide,DEoptim,7997,5.38986930905e-312
91,DFT_CRT,time_and_value_scaling_t0,wide,DEoptim,7998,5.38986930905e-312
91,DFT_CRT,time_and_value_scaling_t0,wide,DEoptim,7999,5.38986930906e-312
91,DFT_CRT,time_and_value_scaling_t0,wide,DEoptim,8000,5.3475122849e-312
91,DFT_CRT,time_and_value_scaling_t0,wide,DEoptim,8001,5.38986930908e-312
91,DFT_CRT,time_and_value_scaling_t0,wide,DEoptim,8002,5.4137417617e-312
91,DFT_CRT,time_and_value_scaling_t0,wide,DEoptim,8003,5.38986930906e-312
91,DFT_CRT,time_and_value_scaling_t0,wide,DEoptim,8004,5.36873224281e-312
91,DFT_CRT,time_and_value_scaling_t0,wide,DEoptim,8005,5.38986930908e-312
91,DFT_CRT,time_and_value_scaling_t0,wide,DEoptim,8006,5.414487775845e-312
91,DFT_CRT,time_and_value_scaling_t0,wide,DEoptim,8007,5.38986930906e-312
91,DFT_CRT,time_and_value_scaling_t0,wide,DEoptim,8008,5.38995220072e-312
91,DFT_CRT,time_and_value_scaling_t0,wide,DEoptim,8009,5.38986930908e-312
91,DFT_CRT,time_and_value_scaling_t0,wide,DEoptim,8010,5.413244418937e-312
91,DFT_CRT,time_and_value_scaling_t0,wide,DEoptim,8011,5.38986930906e-312
91,DFT_CRT,time_and_value_scaling_t0,wide,DEoptim,8012,5.562705866225913e-309
91,DFT_CRT,time_and_value_scaling_t0,wide,DEoptim,8013,9821431023660943e237
91,DFT_CRT,time_and_value_scaling_t0,wide,DEoptim,8014,28675233187543966e145
91,DFT_CRT,time_and_value_scaling_t0,wide,DEoptim,8015,-8371161056012723e283
91,DFT_CRT,time_and_value_scaling_t0,wide,DEoptim,8016,-8371161180752742e283
91,DFT_CRT,time_and_value_scaling_t0,wide,DEoptim,8017,-8371161180752742e283
91,DFT_CRT,time_and_value_scaling_t0,wide,DEoptim,8018,-185156687321787e290
91,DFT_CRT,time_and_value_scaling_t0,wide,DEoptim,8019,-8371161056012723e283
91,DFT_CRT,time_and_value_scaling_t0,wide,DEoptim,8020,-7461128733559417e290
91,DFT_CRT,time_and_value_scaling_t0,wide,DEoptim,8021,-8371161056012723e283
91,DFT_CRT,time_and_value_scaling_t0,wide,DEoptim,8022,-7900018659062912e290
91,DFT_CRT,time_and_value_scaling_t0,wide,DEoptim,8023,-8371160993642713e283
91,DFT_CRT,time_and_value_scaling_t0,wide,DEoptim,8024,-8371160993642713e283
91,DFT_CRT,time_and_value_scaling_t0,wide,DEoptim,8025,-8371160993642713e283
91,DFT_CRT,time_and_value_scaling_t0,wide,DEoptim,8026,-8371160993642713e283
91,DFT_CRT,time_and_value_scaling_t0,wide,DEoptim,8027,-8371161056012723e283
91,DFT_CRT,time_and_value_scaling_t0,wide,DEoptim,8028,-5829011809820058e288
91,DFT_CRT,time_and_value_scaling_t0,wide,DEoptim,8029,-8371161180752742e283
91,DFT_CRT,time_and_value_scaling_t0,wide,DEoptim,8030,-17829903223579488e288
91,DFT_CRT,time_and_value_scaling_t0,wide,DEoptim,8031,-8371161056012723e283
91,DFT_CRT,time_and_value_scaling_t0,wide,DEoptim,8032,-8371161180752742e283
91,DFT_CRT,time_and_value_scaling_t0,wide,DEoptim,8033,-28088955232223686e290
91,DFT_CRT,time_and_value_scaling_t0,wide,DEoptim,8034,-8371161056012723e283
91,DFT_CRT,time_and_value_scaling_t0,wide,DEoptim,8035,-6857655085992111e288
91,DFT_CRT,time_and_value_scaling_t0,wide,DEoptim,8036,-8371161056012723e283
91,DFT_CRT,time_and_value_scaling_t0,wide,DEoptim,8037,1.2882297539194267e-231
91,DFT_CRT,time_and_value_scaling_t0,wide,DEoptim,8038,2.4834631584438887e-265
91,DFT_CRT,time_and_value_scaling_t0,wide,DEoptim,8039,3343362913956165e136
91,DFT_CRT,time_and_value_scaling_t0,wide,DEoptim,8040,693977536131186e204
91,DFT_CRT,time_and_value_scaling_t0,wide,DEoptim,8041,7.767559767437532e-307
91,DFT_CRT,time_and_value_scaling_t0,wide,DEoptim,8042,6.835426893334123e-304
91,DFT_CRT,time_and_value_scaling_t0,wide,DEoptim,8043,6.8354268934402224e-304
91,DFT_CRT,time_and_value_scaling_t0,wide,DEoptim,8044,7.08374861262143e-304
91,DFT_CRT,time_and_value_scaling_t0,wide,DEoptim,8045,6.835426893334123e-304
91,DFT_CRT,time_and_value_scaling_t0,wide,DEoptim,8046,6.835426893334123e-304
91,DFT_CRT,time_and_value_scaling_t0,wide,DEoptim,8047,6.8354268934402224e-304
91,DFT_CRT,time_and_value_scaling_t0,wide,DEoptim,8048,1.086469745471e-311
91,DFT_CRT,time_and_value_scaling_t0,wide,DEoptim,8049,6.835426893652422e-304
91,DFT_CRT,time_and_value_scaling_t0,wide,DEoptim,8050,7.107775933615404e-304
91,DFT_CRT,time_and_value_scaling_t0,wide,DEoptim,8051,6.8354268934402224e-304
91,DFT_CRT,time_and_value_scaling_t0,wide,DEoptim,8052,7.0668345746188716e-304
91,DFT_CRT,time_and_value_scaling_t0,wide,DEoptim,8053,6.835426893334123e-304
91,DFT_CRT,time_and_value_scaling_t0,wide,DEoptim,8054,6.835426893334123e-304
91,DFT_CRT,time_and_value_scaling_t0,wide,DEoptim,8055,6.8354268934402224e-304
91,DFT_CRT,time_and_value_scaling_t0,wide,DEoptim,8056,6.835426893652422e-304
91,DFT_CRT,time_and_value_scaling_t0,wide,DEoptim,8057,7.081075047313318e-304
91,DFT_CRT,time_and_value_scaling_t0,wide,DEoptim,8058,6.8354268934402224e-304
91,DFT_CRT,time_and_value_scaling_t0,wide,DEoptim,8059,1.401535859021713e-309
91,DFT_CRT,time_and_value_scaling_t0,wide,DEoptim,8060,6.835426893652422e-304
91,DFT_CRT,time_and_value_scaling_t0,wide,DEoptim,8061,1.390671161567e-309
91,DFT_CRT,time_and_value_scaling_t0,wide,DEoptim,8062,1365609355968259e231
91,DFT_CRT,time_and_value_scaling_t0,wide,DEoptim,8063,4787194240623723e165
91,DFT_CRT,time_and_value_scaling_t0,wide,DEoptim,8064,-8371161056012723e283
91,DFT_CRT,time_and_value_scaling_t0,wide,DEoptim,8065,-61718895773929e290
91,DFT_CRT,time_and_value_scaling_t0,wide,DEoptim,8066,-994359991556337e289
91,DFT_CRT,time_and_value_scaling_t0,wide,DEoptim,8067,-9943599874688561e288
91,DFT_CRT,time_and_value_scaling_t0,wide,DEoptim,8068,-6034736508372905e289
91,DFT_CRT,time_and_value_scaling_t0,wide,DEoptim,8069,-6034736475673058e289
91,DFT_CRT,time_and_value_scaling_t0,wide,DEoptim,8070,-8371160993642713e283
91,DFT_CRT,time_and_value_scaling_t0,wide,DEoptim,8071,-8371160993642713e283
91,DFT_CRT,time_and_value_scaling_t0,wide,DEoptim,8072,-8371160993642713e283
91,DFT_CRT,time_and_value_scaling_t0,wide,DEoptim,8073,-8371160993642713e283
91,DFT_CRT,time_and_value_scaling_t0,wide,DEoptim,8074,-14401075721458242e288
91,DFT_CRT,time_and_value_scaling_t0,wide,DEoptim,8075,2.014238192e-314
91,DFT_CRT,time_and_value_scaling_t0,wide,DEoptim,8076,1.2882298307039035e-231
91,DFT_CRT,time_and_value_scaling_t0,wide,DEoptim,8077,2.4834631584438887e-265
91,DFT_CRT,time_and_value_scaling_t0,wide,DEoptim,8078,60143375494543966e159
91,DFT_CRT,time_and_value_scaling_t0,wide,DEoptim,8079,5.43230936956e-312
91,DFT_CRT,time_and_value_scaling_t0,wide,DEoptim,8080,1.32005114196631e-309
91,DFT_CRT,time_and_value_scaling_t0,wide,DEoptim,8081,1.32005114164494e-309
91,DFT_CRT,time_and_value_scaling_t0,wide,DEoptim,8082,5.4323092274e-312
91,DFT_CRT,time_and_value_scaling_t0,wide,DEoptim,8083,1.32005114196634e-309
91,DFT_CRT,time_and_value_scaling_t0,wide,DEoptim,8084,5.432309231195e-312
91,DFT_CRT,time_and_value_scaling_t0,wide,DEoptim,8085,7.0620020245994e-311
91,DFT_CRT,time_and_value_scaling_t0,wide,DEoptim,8086,5.432309241314e-312
91,DFT_CRT,time_and_value_scaling_t0,wide,DEoptim,8087,1.32005114164494e-309
91,DFT_CRT,time_and_value_scaling_t0,wide,DEoptim,8088,1.320051141648736e-309
91,DFT_CRT,time_and_value_scaling_t0,wide,DEoptim,8089,3.259385535302e-311
91,DFT_CRT,time_and_value_scaling_t0,wide,DEoptim,8090,3.2126e-319
91,DFT_CRT,time_and_value_scaling_t0,wide,DEoptim,8091,4.8891114586947e-311
91,DFT_CRT,time_and_value_scaling_t0,wide,DEoptim,8092,9.59883193835e-313
91,DFT_CRT,time_and_value_scaling_t0,wide,DEoptim,8093,5.38986930906e-312
91,DFT_CRT,time_and_value_scaling_t0,wide,DEoptim,8094,5.562705866225913e-309
91,DFT_CRT,time_and_value_scaling_t0,wide,DEoptim,8095,17794940443572355e203
91,DFT_CRT,time_and_value_scaling_t0,wide,DEoptim,8096,1.0864618503417e-311
91,DFT_CRT,time_and_value_scaling_t0,wide,DEoptim,8097,3.2126e-319
91,DFT_CRT,time_and_value_scaling_t0,wide,DEoptim,8098,1.086461877241e-311
91,DFT_CRT,time_and_value_scaling_t0,wide,DEoptim,8099,4.8891114586947e-311
91,DFT_CRT,time_and_value_scaling_t0,wide,DEoptim,8100,9.54943181000304e-307
91,DFT_CRT,time_and_value_scaling_t0,wide,DEoptim,8101,5.562684724949183e-309
91,DFT_CRT,time_and_value_scaling_t0,wide,DEoptim,8102,6.835426893334123e-304
91,DFT_CRT,time_and_value_scaling_t0,wide,DEoptim,8103,6.835426893652422e-304
91,DFT_CRT,time_and_value_scaling_t0,wide,DEoptim,8104,7.085528671708236e-304
91,DFT_CRT,time_and_value_scaling_t0,wide,DEoptim,8105,6.8354268934402224e-304
91,DFT_CRT,time_and_value_scaling_t0,wide,DEoptim,8106,7.088195283660541e-304
91,DFT_CRT,time_and_value_scaling_t0,wide,DEoptim,8107,6.8354268934402224e-304
91,DFT_CRT,time_and_value_scaling_t0,wide,DEoptim,8108,7.089085313203944e-304
91,DFT_CRT,time_and_value_scaling_t0,wide,DEoptim,8109,7.0873087309011416e-304
91,DFT_CRT,time_and_value_scaling_t0,wide,DEoptim,8110,5.562684724949183e-309
91,DFT_CRT,time_and_value_scaling_t0,wide,DEoptim,8111,6.835426893334123e-304
91,DFT_CRT,time_and_value_scaling_t0,wide,DEoptim,8112,8.344027048083185e-309
91,DFT_CRT,time_and_value_scaling_t0,wide,DEoptim,8113,7.094425490517411e-304
91,DFT_CRT,time_and_value_scaling_t0,wide,DEoptim,8114,1.1125369371217186e-308
91,DFT_CRT,time_and_value_scaling_t0,wide,DEoptim,8115,7.065944545128519e-304
91,DFT_CRT,time_and_value_scaling_t0,wide,DEoptim,8116,2.225073859025267e-308
91,DFT_CRT,time_and_value_scaling_t0,wide,DEoptim,8117,1.2516125334258437e-308
91,DFT_CRT,time_and_value_scaling_t0,wide,DEoptim,8118,5.8898919308637e-310
91,DFT_CRT,time_and_value_scaling_t0,wide,DEoptim,8119,1.379806543124848e-309
91,DFT_CRT,time_and_value_scaling_t0,wide,DEoptim,8120,1.38598155086897e-309
91,DFT_CRT,time_and_value_scaling_t0,wide,DEoptim,8121,1.37980654311979e-309
91,DFT_CRT,time_and_value_scaling_t0,wide,DEoptim,8122,1.38530251221586e-309
91,DFT_CRT,time_and_value_scaling_t0,wide,DEoptim,8123,1.37980654311979e-309
91,DFT_CRT,time_and_value_scaling_t0,wide,DEoptim,8124,8.691694759794e-311
91,DFT_CRT,time_and_value_scaling_t0,wide,DEoptim,8125,4.8891114586947e-311
91,DFT_CRT,time_and_value_scaling_t0,wide,DEoptim,8126,2.300739035494e-312
91,DFT_CRT,time_and_value_scaling_t0,wide,DEoptim,8127,5.38986930906e-312
91,DFT_CRT,time_and_value_scaling_t0,wide,DEoptim,8128,2.12199579097e-313
91,DFT_CRT,time_and_value_scaling_t0,wide,DEoptim,8129,2.1219957915e-314
91,DFT_CRT,time_and_value_scaling_t0,wide,DEoptim,8130,5.38986930906e-312
91,DFT_CRT,time_and_value_scaling_t0,wide,DEoptim,8131,2.12199579097e-313
91,DFT_CRT,time_and_value_scaling_t0,wide,DEoptim,8132,2.1219957915e-314
91,DFT_CRT,time_and_value_scaling_t0,wide,DEoptim,8133,5.38986930906e-312
91,DFT_CRT,time_and_value_scaling_t0,wide,DEoptim,8134,2.12199579097e-313
91,DFT_CRT,time_and_value_scaling_t0,wide,DEoptim,8135,2.1219957915e-314
91,DFT_CRT,time_and_value_scaling_t0,wide,DEoptim,8136,5.38986930906e-312
91,DFT_CRT,time_and_value_scaling_t0,wide,DEoptim,8137,2.12199579097e-313
91,DFT_CRT,time_and_value_scaling_t0,wide,DEoptim,8138,2.1219957915e-314
91,DFT_CRT,time_and_value_scaling_t0,wide,DEoptim,8139,5.38986930906e-312
91,DFT_CRT,time_and_value_scaling_t0,wide,DEoptim,8140,2.12199579097e-313
91,DFT_CRT,time_and_value_scaling_t0,wide,DEoptim,8141,5e-324
91,DFT_CRT,time_and_value_scaling_t0,wide,DEoptim,8142,5.38986930906e-312
91,DFT_CRT,time_and_value_scaling_t0,wide,DEoptim,8143,2.12199579097e-313
91,DFT_CRT,time_and_value_scaling_t0,wide,DEoptim,8144,2.1219957915e-314
91,DFT_CRT,time_and_value_scaling_t0,wide,DEoptim,8145,5.38986930905e-312
91,DFT_CRT,time_and_value_scaling_t0,wide,DEoptim,8146,1.4853970657e-313
91,DFT_CRT,time_and_value_scaling_t0,wide,DEoptim,8147,5.414073323547e-312
91,DFT_CRT,time_and_value_scaling_t0,wide,DEoptim,8148,2.12199580297e-313
91,DFT_CRT,time_and_value_scaling_t0,wide,DEoptim,8149,2.7585945293e-313
91,DFT_CRT,time_and_value_scaling_t0,wide,DEoptim,8150,2.12199579116e-313
91,DFT_CRT,time_and_value_scaling_t0,wide,DEoptim,8151,1e-322
91,DFT_CRT,time_and_value_scaling_t0,wide,DEoptim,8152,6.3659873734e-314
91,DFT_CRT,time_and_value_scaling_t0,wide,DEoptim,8153,5.41125504789e-312
91,DFT_CRT,time_and_value_scaling_t0,wide,DEoptim,8154,2.12199580297e-313
91,DFT_CRT,time_and_value_scaling_t0,wide,DEoptim,8155,2.7610812427e-313
91,DFT_CRT,time_and_value_scaling_t0,wide,DEoptim,8156,1.61915e-319
91,DFT_CRT,time_and_value_scaling_t0,wide,DEoptim,8157,2.1219957915e-314
91,DFT_CRT,time_and_value_scaling_t0,wide,DEoptim,8158,-9124898775545467e177
91,DFT_CRT,time_and_value_scaling_t0,wide,DEoptim,8159,3.39519327814e-313
91,DFT_CRT,time_and_value_scaling_t0,wide,DEoptim,8160,1.90980916355e-313
91,DFT_CRT,time_and_value_scaling_t0,wide,DEoptim,8161,13561721836670302e232
91,DFT_CRT,time_and_value_scaling_t0,wide,DEoptim,8162,26493111565267984e164
91,DFT_CRT,time_and_value_scaling_t0,wide,DEoptim,8163,5.389869309645e-312
91,DFT_CRT,time_and_value_scaling_t0,wide,DEoptim,8164,2.7585945293e-313
91,DFT_CRT,time_and_value_scaling_t0,wide,DEoptim,8165,2.12199579116e-313
91,DFT_CRT,time_and_value_scaling_t0,wide,DEoptim,8166,1e-322
91,DFT_CRT,time_and_value_scaling_t0,wide,DEoptim,8167,6.3659873734e-314
91,DFT_CRT,time_and_value_scaling_t0,wide,DEoptim,8168,5.412249733415e-312
91,DFT_CRT,time_and_value_scaling_t0,wide,DEoptim,8169,2.12199580297e-313
91,DFT_CRT,time_and_value_scaling_t0,wide,DEoptim,8170,2.7610812427e-313
91,DFT_CRT,time_and_value_scaling_t0,wide,DEoptim,8171,1.61915e-319
91,DFT_CRT,time_and_value_scaling_t0,wide,DEoptim,8172,2.1219957915e-314
91,DFT_CRT,time_and_value_scaling_t0,wide,DEoptim,8173,-9124898775545467e177
91,DFT_CRT,time_and_value_scaling_t0,wide,DEoptim,8174,3.39519327814e-313
91,DFT_CRT,time_and_value_scaling_t0,wide,DEoptim,8175,1.90980916355e-313
91,DFT_CRT,time_and_value_scaling_t0,wide,DEoptim,8176,13561721836670302e232
91,DFT_CRT,time_and_value_scaling_t0,wide,DEoptim,8177,26493111565267984e164
91,DFT_CRT,time_and_value_scaling_t0,wide,DEoptim,8178,5.389869309645e-312
91,DFT_CRT,time_and_value_scaling_t0,wide,DEoptim,8179,2.7585945293e-313
91,DFT_CRT,time_and_value_scaling_t0,wide,DEoptim,8180,2.12199579116e-313
91,DFT_CRT,time_and_value_scaling_t0,wide,DEoptim,8181,1e-322
91,DFT_CRT,time_and_value_scaling_t0,wide,DEoptim,8182,6.3659873734e-314
91,DFT_CRT,time_and_value_scaling_t0,wide,DEoptim,8183,5.412581295257e-312
91,DFT_CRT,time_and_value_scaling_t0,wide,DEoptim,8184,2.12199580297e-313
91,DFT_CRT,time_and_value_scaling_t0,wide,DEoptim,8185,2.7610812427e-313
91,DFT_CRT,time_and_value_scaling_t0,wide,DEoptim,8186,1.61915e-319
91,DFT_CRT,time_and_value_scaling_t0,wide,DEoptim,8187,2.1219957915e-314
91,DFT_CRT,time_and_value_scaling_t0,wide,DEoptim,8188,-9124898775545467e177
91,DFT_CRT,time_and_value_scaling_t0,wide,DEoptim,8189,3.39519327814e-313
91,DFT_CRT,time_and_value_scaling_t0,wide,DEoptim,8190,1.90980916355e-313
91,DFT_CRT,time_and_value_scaling_t0,wide,DEoptim,8191,13561721836670302e232
91,DFT_CRT,time_and_value_scaling_t0,wide,DEoptim,8192,26493111565267984e164
91,DFT_CRT,time_and_value_scaling_t0,wide,DEoptim,8193,5.389869309645e-312
91,DFT_CRT,time_and_value_scaling_t0,wide,DEoptim,8194,1.90979622387e-313
91,DFT_CRT,time_and_value_scaling_t0,wide,DEoptim,8195,2.54639496116e-313
91,DFT_CRT,time_and_value_scaling_t0,wide,DEoptim,8196,2.33419538207e-313
91,DFT_CRT,time_and_value_scaling_t0,wide,DEoptim,8197,3.39519326633e-313
91,DFT_CRT,time_and_value_scaling_t0,wide,DEoptim,8198,1.90980916355e-313
91,DFT_CRT,time_and_value_scaling_t0,wide,DEoptim,8199,3860969263482498e213
91,DFT_CRT,time_and_value_scaling_t0,wide,DEoptim,8200,6.32490472833304e-310
91,DFT_CRT,time_and_value_scaling_t0,wide,DEoptim,8201,7.0620020230673e-311
91,DFT_CRT,time_and_value_scaling_t0,wide,DEoptim,8202,8.1484638680415e-311
91,DFT_CRT,time_and_value_scaling_t0,wide,DEoptim,8203,8.6916947905286e-311
91,DFT_CRT,time_and_value_scaling_t0,wide,DEoptim,8204,1.38610887061769e-309
91,DFT_CRT,time_and_value_scaling_t0,wide,DEoptim,8205,9.778156635503e-311
91,DFT_CRT,time_and_value_scaling_t0,wide,DEoptim,8206,7.6052329165903e-311
91,DFT_CRT,time_and_value_scaling_t0,wide,DEoptim,8207,1.991411063e-314
91,DFT_CRT,time_and_value_scaling_t0,wide,DEoptim,8208,1.320051141643677e-309
91,DFT_CRT,time_and_value_scaling_t0,wide,DEoptim,8209,1.32005114166518e-309
91,DFT_CRT,time_and_value_scaling_t0,wide,DEoptim,8210,5.43230924258e-312
91,DFT_CRT,time_and_value_scaling_t0,wide,DEoptim,8211,1.320051141966415e-309
91,DFT_CRT,time_and_value_scaling_t0,wide,DEoptim,8212,5.432309250167e-312
91,DFT_CRT,time_and_value_scaling_t0,wide,DEoptim,8213,1.32005114196641e-309
91,DFT_CRT,time_and_value_scaling_t0,wide,DEoptim,8214,5.4323092489e-312
91,DFT_CRT,time_and_value_scaling_t0,wide,DEoptim,8215,1.320051141966425e-309
91,DFT_CRT,time_and_value_scaling_t0,wide,DEoptim,8216,5.43230925143e-312
91,DFT_CRT,time_and_value_scaling_t0,wide,DEoptim,8217,1.320051141966435e-309
91,DFT_CRT,time_and_value_scaling_t0,wide,DEoptim,8218,1.14078493751384e-310
91,DFT_CRT,time_and_value_scaling_t0,wide,DEoptim,8219,2.1729236915927e-311
91,DFT_CRT,time_and_value_scaling_t0,wide,DEoptim,8220,1.0864618451007e-310
91,DFT_CRT,time_and_value_scaling_t0,wide,DEoptim,8221,5.43230922487e-312
91,DFT_CRT,time_and_value_scaling_t0,wide,DEoptim,8222,5.432309228666e-312
91,DFT_CRT,time_and_value_scaling_t0,wide,DEoptim,8223,1.320051141966213e-309
91,DFT_CRT,time_and_value_scaling_t0,wide,DEoptim,8224,7.0620019952415e-311
91,DFT_CRT,time_and_value_scaling_t0,wide,DEoptim,8225,2.850875881214458e-306
91,DFT_CRT,time_and_value_scaling_t0,wide,DEoptim,8226,5.43230922487e-312
91,DFT_CRT,time_and_value_scaling_t0,wide,DEoptim,8227,5.432309226136e-312
91,DFT_CRT,time_and_value_scaling_t0,wide,DEoptim,8228,1.39016188257972e-309
91,DFT_CRT,time_and_value_scaling_t0,wide,DEoptim,8229,2.052769442741057e-289
91,DFT_CRT,time_and_value_scaling_t0,wide,DEoptim,8230,8901762849639419e256
91,DFT_CRT,time_and_value_scaling_t0,wide,DEoptim,8231,908366792581525e209
91,DFT_CRT,time_and_value_scaling_t0,wide,DEoptim,8232,6.5402864748936e-310
91,DFT_CRT,time_and_value_scaling_t0,wide,DEoptim,8233,5.43230954613e-312
91,DFT_CRT,time_and_value_scaling_t0,wide,DEoptim,8234,1.1407849404483e-310
91,DFT_CRT,time_and_value_scaling_t0,wide,DEoptim,8235,2.1729236915927e-311
91,DFT_CRT,time_and_value_scaling_t0,wide,DEoptim,8236,1.0864618451007e-310
91,DFT_CRT,time_and_value_scaling_t0,wide,DEoptim,8237,5.43230922487e-312
91,DFT_CRT,time_and_value_scaling_t0,wide,DEoptim,8238,5.432309228666e-312
91,DFT_CRT,time_and_value_scaling_t0,wide,DEoptim,8239,1.320051141966425e-309
91,DFT_CRT,time_and_value_scaling_t0,wide,DEoptim,8240,7.0620019952415e-311
91,DFT_CRT,time_and_value_scaling_t0,wide,DEoptim,8241,2.850875881214458e-306
91,DFT_CRT,time_and_value_scaling_t0,wide,DEoptim,8242,5.43230922487e-312
91,DFT_CRT,time_and_value_scaling_t0,wide,DEoptim,8243,5.432309226136e-312
91,DFT_CRT,time_and_value_scaling_t0,wide,DEoptim,8244,1.39016188257972e-309
91,DFT_CRT,time_and_value_scaling_t0,wide,DEoptim,8245,2.052769442741057e-289
91,DFT_CRT,time_and_value_scaling_t0,wide,DEoptim,8246,8901762849639419e256
91,DFT_CRT,time_and_value_scaling_t0,wide,DEoptim,8247,908366792581525e209
91,DFT_CRT,time_and_value_scaling_t0,wide,DEoptim,8248,6.5402864748936e-310
91,DFT_CRT,time_and_value_scaling_t0,wide,DEoptim,8249,5.43230954613e-312
91,DFT_CRT,time_and_value_scaling_t0,wide,DEoptim,8250,1.1407849404484e-310
91,DFT_CRT,time_and_value_scaling_t0,wide,DEoptim,8251,2.1729236915927e-311
91,DFT_CRT,time_and_value_scaling_t0,wide,DEoptim,8252,1.0864618451007e-310
91,DFT_CRT,time_and_value_scaling_t0,wide,DEoptim,8253,5.43230922487e-312
91,DFT_CRT,time_and_value_scaling_t0,wide,DEoptim,8254,5.432309228666e-312
91,DFT_CRT,time_and_value_scaling_t0,wide,DEoptim,8255,1.320051141966227e-309
91,DFT_CRT,time_and_value_scaling_t0,wide,DEoptim,8256,7.0620019952415e-311
91,DFT_CRT,time_and_value_scaling_t0,wide,DEoptim,8257,2.850875881214458e-306
91,DFT_CRT,time_and_value_scaling_t0,wide,DEoptim,8258,5.43230922487e-312
91,DFT_CRT,time_and_value_scaling_t0,wide,DEoptim,8259,5.432309226136e-312
91,DFT_CRT,time_and_value_scaling_t0,wide,DEoptim,8260,1.39016188257972e-309
91,DFT_CRT,time_and_value_scaling_t0,wide,DEoptim,8261,2.052769442741057e-289
91,DFT_CRT,time_and_value_scaling_t0,wide,DEoptim,8262,8901762849639419e256
91,DFT_CRT,time_and_value_scaling_t0,wide,DEoptim,8263,908366792581525e209
91,DFT_CRT,time_and_value_scaling_t0,wide,DEoptim,8264,6.5402864748936e-310
91,DFT_CRT,time_and_value_scaling_t0,wide,DEoptim,8265,5.43230954613e-312
91,DFT_CRT,time_and_value_scaling_t0,wide,DEoptim,8266,1.14078494044844e-310
91,DFT_CRT,time_and_value_scaling_t0,wide,DEoptim,8267,2.1729236915927e-311
91,DFT_CRT,time_and_value_scaling_t0,wide,DEoptim,8268,1.0864618451007e-310
91,DFT_CRT,time_and_value_scaling_t0,wide,DEoptim,8269,5.43230922487e-312
91,DFT_CRT,time_and_value_scaling_t0,wide,DEoptim,8270,5.432309228666e-312
91,DFT_CRT,time_and_value_scaling_t0,wide,DEoptim,8271,1.32005114196623e-309
91,DFT_CRT,time_and_value_scaling_t0,wide,DEoptim,8272,7.0620019952415e-311
91,DFT_CRT,time_and_value_scaling_t0,wide,DEoptim,8273,2.850875881214458e-306
91,DFT_CRT,time_and_value_scaling_t0,wide,DEoptim,8274,5.43230922487e-312
91,DFT_CRT,time_and_value_scaling_t0,wide,DEoptim,8275,5.432309226136e-312
91,DFT_CRT,time_and_value_scaling_t0,wide,DEoptim,8276,1.39016188257972e-309
91,DFT_CRT,time_and_value_scaling_t0,wide,DEoptim,8277,2.052769442741057e-289
91,DFT_CRT,time_and_value_scaling_t0,wide,DEoptim,8278,8901762849639419e256
91,DFT_CRT,time_and_value_scaling_t0,wide,DEoptim,8279,908366792581525e209
91,DFT_CRT,time_and_value_scaling_t0,wide,DEoptim,8280,6.5402864748936e-310
91,DFT_CRT,time_and_value_scaling_t0,wide,DEoptim,8281,5.43230954613e-312
91,DFT_CRT,time_and_value_scaling_t0,wide,DEoptim,8282,1.1407849404485e-310
91,DFT_CRT,time_and_value_scaling_t0,wide,DEoptim,8283,2.1729236915927e-311
91,DFT_CRT,time_and_value_scaling_t0,wide,DEoptim,8284,1.0864618451007e-310
91,DFT_CRT,time_and_value_scaling_t0,wide,DEoptim,8285,5.43230922487e-312
91,DFT_CRT,time_and_value_scaling_t0,wide,DEoptim,8286,5.432309228666e-312
91,DFT_CRT,time_and_value_scaling_t0,wide,DEoptim,8287,1.320051141966237e-309
91,DFT_CRT,time_and_value_scaling_t0,wide,DEoptim,8288,7.0620019952415e-311
91,DFT_CRT,time_and_value_scaling_t0,wide,DEoptim,8289,2.850875881214458e-306
91,DFT_CRT,time_and_value_scaling_t0,wide,DEoptim,8290,5.43230922487e-312
91,DFT_CRT,time_and_value_scaling_t0,wide,DEoptim,8291,5.432309226136e-312
91,DFT_CRT,time_and_value_scaling_t0,wide,DEoptim,8292,1.39016188257972e-309
91,DFT_CRT,time_and_value_scaling_t0,wide,DEoptim,8293,2.052769442741057e-289
91,DFT_CRT,time_and_value_scaling_t0,wide,DEoptim,8294,8901762849639419e256
91,DFT_CRT,time_and_value_scaling_t0,wide,DEoptim,8295,908366792581525e209
91,DFT_CRT,time_and_value_scaling_t0,wide,DEoptim,8296,6.5402864748936e-310
91,DFT_CRT,time_and_value_scaling_t0,wide,DEoptim,8297,5.43230954613e-312
91,DFT_CRT,time_and_value_scaling_t0,wide,DEoptim,8298,1.14078494044854e-310
91,DFT_CRT,time_and_value_scaling_t0,wide,DEoptim,8299,2.1729236915927e-311
91,DFT_CRT,time_and_value_scaling_t0,wide,DEoptim,8300,1.0864618451007e-310
91,DFT_CRT,time_and_value_scaling_t0,wide,DEoptim,8301,5.43230922487e-312
91,DFT_CRT,time_and_value_scaling_t0,wide,DEoptim,8302,5.432309228666e-312
91,DFT_CRT,time_and_value_scaling_t0,wide,DEoptim,8303,1.32005114196624e-309
91,DFT_CRT,time_and_value_scaling_t0,wide,DEoptim,8304,7.0620019952415e-311
91,DFT_CRT,time_and_value_scaling_t0,wide,DEoptim,8305,2.850875881214458e-306
91,DFT_CRT,time_and_value_scaling_t0,wide,DEoptim,8306,5.43230922487e-312
91,DFT_CRT,time_and_value_scaling_t0,wide,DEoptim,8307,5.432309226136e-312
91,DFT_CRT,time_and_value_scaling_t0,wide,DEoptim,8308,1.39016188257972e-309
91,DFT_CRT,time_and_value_scaling_t0,wide,DEoptim,8309,2.052769442741057e-289
91,DFT_CRT,time_and_value_scaling_t0,wide,DEoptim,8310,8901762849639419e256
91,DFT_CRT,time_and_value_scaling_t0,wide,DEoptim,8311,908366792581525e209
91,DFT_CRT,time_and_value_scaling_t0,wide,DEoptim,8312,6.5402864748936e-310
91,DFT_CRT,time_and_value_scaling_t0,wide,DEoptim,8313,5.43230954613e-312
91,DFT_CRT,time_and_value_scaling_t0,wide,DEoptim,8314,1.1407849404486e-310
91,DFT_CRT,time_and_value_scaling_t0,wide,DEoptim,8315,2.1729236915927e-311
91,DFT_CRT,time_and_value_scaling_t0,wide,DEoptim,8316,1.0864618451007e-310
91,DFT_CRT,time_and_value_scaling_t0,wide,DEoptim,8317,5.43230922487e-312
91,DFT_CRT,time_and_value_scaling_t0,wide,DEoptim,8318,5.432309228666e-312
91,DFT_CRT,time_and_value_scaling_t0,wide,DEoptim,8319,1.320051141966247e-309
91,DFT_CRT,time_and_value_scaling_t0,wide,DEoptim,8320,7.0620019952415e-311
91,DFT_CRT,time_and_value_scaling_t0,wide,DEoptim,8321,2.850875881214458e-306
91,DFT_CRT,time_and_value_scaling_t0,wide,DEoptim,8322,5.43230922487e-312
91,DFT_CRT,time_and_value_scaling_t0,wide,DEoptim,8323,5.432309226136e-312
91,DFT_CRT,time_and_value_scaling_t0,wide,DEoptim,8324,1.39016188257972e-309
91,DFT_CRT,time_and_value_scaling_t0,wide,DEoptim,8325,2.052769442741057e-289
91,DFT_CRT,time_and_value_scaling_t0,wide,DEoptim,8326,8901762849639419e256
91,DFT_CRT,time_and_value_scaling_t0,wide,DEoptim,8327,908366792581525e209
91,DFT_CRT,time_and_value_scaling_t0,wide,DEoptim,8328,6.5402864748936e-310
91,DFT_CRT,time_and_value_scaling_t0,wide,DEoptim,8329,5.43230954613e-312
91,DFT_CRT,time_and_value_scaling_t0,wide,DEoptim,8330,1.14078494044864e-310
91,DFT_CRT,time_and_value_scaling_t0,wide,DEoptim,8331,2.1729236915927e-311
91,DFT_CRT,time_and_value_scaling_t0,wide,DEoptim,8332,1.0864618451007e-310
91,DFT_CRT,time_and_value_scaling_t0,wide,DEoptim,8333,5.43230922487e-312
91,DFT_CRT,time_and_value_scaling_t0,wide,DEoptim,8334,5.432309228666e-312
91,DFT_CRT,time_and_value_scaling_t0,wide,DEoptim,8335,1.320051141966257e-309
91,DFT_CRT,time_and_value_scaling_t0,wide,DEoptim,8336,7.0620019952415e-311
91,DFT_CRT,time_and_value_scaling_t0,wide,DEoptim,8337,2.850875881214458e-306
91,DFT_CRT,time_and_value_scaling_t0,wide,DEoptim,8338,5.43230922487e-312
91,DFT_CRT,time_and_value_scaling_t0,wide,DEoptim,8339,5.432309226136e-312
91,DFT_CRT,time_and_value_scaling_t0,wide,DEoptim,8340,1.39016188257972e-309
91,DFT_CRT,time_and_value_scaling_t0,wide,DEoptim,8341,2.052769442741057e-289
91,DFT_CRT,time_and_value_scaling_t0,wide,DEoptim,8342,8901762849639419e256
91,DFT_CRT,time_and_value_scaling_t0,wide,DEoptim,8343,908366792581525e209
91,DFT_CRT,time_and_value_scaling_t0,wide,DEoptim,8344,6.5402864748936e-310
91,DFT_CRT,time_and_value_scaling_t0,wide,DEoptim,8345,5.43230954613e-312
91,DFT_CRT,time_and_value_scaling_t0,wide,DEoptim,8346,1.14078494044873e-310
91,DFT_CRT,time_and_value_scaling_t0,wide,DEoptim,8347,2.1729236915927e-311
91,DFT_CRT,time_and_value_scaling_t0,wide,DEoptim,8348,1.0864618451007e-310
91,DFT_CRT,time_and_value_scaling_t0,wide,DEoptim,8349,5.43230922487e-312
91,DFT_CRT,time_and_value_scaling_t0,wide,DEoptim,8350,5.432309228666e-312
91,DFT_CRT,time_and_value_scaling_t0,wide,DEoptim,8351,1.32005114196626e-309
91,DFT_CRT,time_and_value_scaling_t0,wide,DEoptim,8352,7.0620019952415e-311
91,DFT_CRT,time_and_value_scaling_t0,wide,DEoptim,8353,2.850875881214458e-306
91,DFT_CRT,time_and_value_scaling_t0,wide,DEoptim,8354,5.43230922487e-312
91,DFT_CRT,time_and_value_scaling_t0,wide,DEoptim,8355,5.432309226136e-312
91,DFT_CRT,time_and_value_scaling_t0,wide,DEoptim,8356,1.39016188257972e-309
91,DFT_CRT,time_and_value_scaling_t0,wide,DEoptim,8357,2.052769442741057e-289
91,DFT_CRT,time_and_value_scaling_t0,wide,DEoptim,8358,8901762849639419e256
91,DFT_CRT,time_and_value_scaling_t0,wide,DEoptim,8359,908366792581525e209
91,DFT_CRT,time_and_value_scaling_t0,wide,DEoptim,8360,6.5402864748936e-310
91,DFT_CRT,time_and_value_scaling_t0,wide,DEoptim,8361,5.43230954613e-312
91,DFT_CRT,time_and_value_scaling_t0,wide,DEoptim,8362,1.1407849404488e-310
91,DFT_CRT,time_and_value_scaling_t0,wide,DEoptim,8363,2.1729236915927e-311
91,DFT_CRT,time_and_value_scaling_t0,wide,DEoptim,8364,1.0864618451007e-310
91,DFT_CRT,time_and_value_scaling_t0,wide,DEoptim,8365,5.43230922487e-312
91,DFT_CRT,time_and_value_scaling_t0,wide,DEoptim,8366,5.432309228666e-312
91,DFT_CRT,time_and_value_scaling_t0,wide,DEoptim,8367,1.320051141966267e-309
91,DFT_CRT,time_and_value_scaling_t0,wide,DEoptim,8368,7.0620019952415e-311
91,DFT_CRT,time_and_value_scaling_t0,wide,DEoptim,8369,2.850875881214458e-306
91,DFT_CRT,time_and_value_scaling_t0,wide,DEoptim,8370,5.43230922487e-312
91,DFT_CRT,time_and_value_scaling_t0,wide,DEoptim,8371,5.432309226136e-312
91,DFT_CRT,time_and_value_scaling_t0,wide,DEoptim,8372,1.39016188257972e-309
91,DFT_CRT,time_and_value_scaling_t0,wide,DEoptim,8373,2.052769442741057e-289
91,DFT_CRT,time_and_value_scaling_t0,wide,DEoptim,8374,8901762849639419e256
91,DFT_CRT,time_and_value_scaling_t0,wide,DEoptim,8375,908366792581525e209
91,DFT_CRT,time_and_value_scaling_t0,wide,DEoptim,8376,6.5402864748936e-310
91,DFT_CRT,time_and_value_scaling_t0,wide,DEoptim,8377,5.43230954613e-312
91,DFT_CRT,time_and_value_scaling_t0,wide,DEoptim,8378,1.14078494044883e-310
91,DFT_CRT,time_and_value_scaling_t0,wide,DEoptim,8379,2.1729236915927e-311
91,DFT_CRT,time_and_value_scaling_t0,wide,DEoptim,8380,1.0864618451007e-310
91,DFT_CRT,time_and_value_scaling_t0,wide,DEoptim,8381,5.43230922487e-312
91,DFT_CRT,time_and_value_scaling_t0,wide,DEoptim,8382,5.432309228666e-312
91,DFT_CRT,time_and_value_scaling_t0,wide,DEoptim,8383,1.32005114196627e-309
91,DFT_CRT,time_and_value_scaling_t0,wide,DEoptim,8384,7.0620019952415e-311
91,DFT_CRT,time_and_value_scaling_t0,wide,DEoptim,8385,2.850875881214458e-306
91,DFT_CRT,time_and_value_scaling_t0,wide,DEoptim,8386,5.43230922487e-312
91,DFT_CRT,time_and_value_scaling_t0,wide,DEoptim,8387,5.432309226136e-312
91,DFT_CRT,time_and_value_scaling_t0,wide,DEoptim,8388,1.39016188257972e-309
91,DFT_CRT,time_and_value_scaling_t0,wide,DEoptim,8389,2.052769442741057e-289
91,DFT_CRT,time_and_value_scaling_t0,wide,DEoptim,8390,8901762849639419e256
91,DFT_CRT,time_and_value_scaling_t0,wide,DEoptim,8391,908366792581525e209
91,DFT_CRT,time_and_value_scaling_t0,wide,DEoptim,8392,6.5402864748936e-310
91,DFT_CRT,time_and_value_scaling_t0,wide,DEoptim,8393,5.43230954613e-312
91,DFT_CRT,time_and_value_scaling_t0,wide,DEoptim,8394,1.1407849404489e-310
91,DFT_CRT,time_and_value_scaling_t0,wide,DEoptim,8395,2.1729236915927e-311
91,DFT_CRT,time_and_value_scaling_t0,wide,DEoptim,8396,1.0864618451007e-310
91,DFT_CRT,time_and_value_scaling_t0,wide,DEoptim,8397,5.43230922487e-312
91,DFT_CRT,time_and_value_scaling_t0,wide,DEoptim,8398,5.432309228666e-312
91,DFT_CRT,time_and_value_scaling_t0,wide,DEoptim,8399,1.32005114196628e-309
91,DFT_CRT,time_and_value_scaling_t0,wide,DEoptim,8400,7.0620019952415e-311
91,DFT_CRT,time_and_value_scaling_t0,wide,DEoptim,8401,2.850875881214458e-306
91,DFT_CRT,time_and_value_scaling_t0,wide,DEoptim,8402,5.43230922487e-312
91,DFT_CRT,time_and_value_scaling_t0,wide,DEoptim,8403,5.432309226136e-312
91,DFT_CRT,time_and_value_scaling_t0,wide,DEoptim,8404,1.39016188257972e-309
91,DFT_CRT,time_and_value_scaling_t0,wide,DEoptim,8405,2.052769442741057e-289
91,DFT_CRT,time_and_value_scaling_t0,wide,DEoptim,8406,8901762849639419e256
91,DFT_CRT,time_and_value_scaling_t0,wide,DEoptim,8407,908366792581525e209
91,DFT_CRT,time_and_value_scaling_t0,wide,DEoptim,8408,6.5402864748936e-310
91,DFT_CRT,time_and_value_scaling_t0,wide,DEoptim,8409,5.43230954613e-312
91,DFT_CRT,time_and_value_scaling_t0,wide,DEoptim,8410,1.140784940449e-310
91,DFT_CRT,time_and_value_scaling_t0,wide,DEoptim,8411,2.1729236915927e-311
91,DFT_CRT,time_and_value_scaling_t0,wide,DEoptim,8412,1.0864618451007e-310
91,DFT_CRT,time_and_value_scaling_t0,wide,DEoptim,8413,5.43230922487e-312
91,DFT_CRT,time_and_value_scaling_t0,wide,DEoptim,8414,5.432309228666e-312
91,DFT_CRT,time_and_value_scaling_t0,wide,DEoptim,8415,1.320051141966287e-309
91,DFT_CRT,time_and_value_scaling_t0,wide,DEoptim,8416,7.0620019952415e-311
91,DFT_CRT,time_and_value_scaling_t0,wide,DEoptim,8417,2.850875881214458e-306
91,DFT_CRT,time_and_value_scaling_t0,wide,DEoptim,8418,5.43230922487e-312
91,DFT_CRT,time_and_value_scaling_t0,wide,DEoptim,8419,5.432309226136e-312
91,DFT_CRT,time_and_value_scaling_t0,wide,DEoptim,8420,1.39016188257972e-309
91,DFT_CRT,time_and_value_scaling_t0,wide,DEoptim,8421,2.052769442741057e-289
91,DFT_CRT,time_and_value_scaling_t0,wide,DEoptim,8422,8901762849639419e256
91,DFT_CRT,time_and_value_scaling_t0,wide,DEoptim,8423,908366792581525e209
91,DFT_CRT,time_and_value_scaling_t0,wide,DEoptim,8424,6.5402864748936e-310
91,DFT_CRT,time_and_value_scaling_t0,wide,DEoptim,8425,5.43230954613e-312
91,DFT_CRT,time_and_value_scaling_t0,wide,DEoptim,8426,1.14078494044903e-310
91,DFT_CRT,time_and_value_scaling_t0,wide,DEoptim,8427,2.1729236915927e-311
91,DFT_CRT,time_and_value_scaling_t0,wide,DEoptim,8428,1.0864618451007e-310
91,DFT_CRT,time_and_value_scaling_t0,wide,DEoptim,8429,5.43230922487e-312
91,DFT_CRT,time_and_value_scaling_t0,wide,DEoptim,8430,5.432309228666e-312
91,DFT_CRT,time_and_value_scaling_t0,wide,DEoptim,8431,1.32005114196629e-309
91,DFT_CRT,time_and_value_scaling_t0,wide,DEoptim,8432,7.0620019952415e-311
91,DFT_CRT,time_and_value_scaling_t0,wide,DEoptim,8433,2.850875881214458e-306
91,DFT_CRT,time_and_value_scaling_t0,wide,DEoptim,8434,5.43230922487e-312
91,DFT_CRT,time_and_value_scaling_t0,wide,DEoptim,8435,5.432309226136e-312
91,DFT_CRT,time_and_value_scaling_t0,wide,DEoptim,8436,1.39016188257972e-309
91,DFT_CRT,time_and_value_scaling_t0,wide,DEoptim,8437,2.052769442741057e-289
91,DFT_CRT,time_and_value_scaling_t0,wide,DEoptim,8438,8901762849639419e256
91,DFT_CRT,time_and_value_scaling_t0,wide,DEoptim,8439,908366792581525e209
91,DFT_CRT,time_and_value_scaling_t0,wide,DEoptim,8440,6.5402864748936e-310
91,DFT_CRT,time_and_value_scaling_t0,wide,DEoptim,8441,5.43230954613e-312
91,DFT_CRT,time_and_value_scaling_t0,wide,DEoptim,8442,5.432309547486e-312
91,DFT_CRT,time_and_value_scaling_t0,wide,DEoptim,8443,1.32005114196643e-309
91,DFT_CRT,time_and_value_scaling_t0,wide,DEoptim,8444,5.432309252697e-312
91,DFT_CRT,time_and_value_scaling_t0,wide,DEoptim,8445,1.32005114196625e-309
91,DFT_CRT,time_and_value_scaling_t0,wide,DEoptim,8446,1.320051141675297e-309
91,DFT_CRT,time_and_value_scaling_t0,wide,DEoptim,8447,1.32005114167403e-309
91,DFT_CRT,time_and_value_scaling_t0,wide,DEoptim,8448,1.32005114167909e-309
91,DFT_CRT,time_and_value_scaling_t0,wide,DEoptim,8449,1.320051141677826e-309
91,DFT_CRT,time_and_value_scaling_t0,wide,DEoptim,8450,5.432309257756e-312
91,DFT_CRT,time_and_value_scaling_t0,wide,DEoptim,8451,1.32005114196644e-309
91,DFT_CRT,time_and_value_scaling_t0,wide,DEoptim,8452,1.14078493758972e-310
91,DFT_CRT,time_and_value_scaling_t0,wide,DEoptim,8453,2.1729236915927e-311
91,DFT_CRT,time_and_value_scaling_t0,wide,DEoptim,8454,1.0864618451007e-310
91,DFT_CRT,time_and_value_scaling_t0,wide,DEoptim,8455,5.43230922487e-312
91,DFT_CRT,time_and_value_scaling_t0,wide,DEoptim,8456,5.432309228666e-312
91,DFT_CRT,time_and_value_scaling_t0,wide,DEoptim,8457,1.32005114196641e-309
91,DFT_CRT,time_and_value_scaling_t0,wide,DEoptim,8458,7.0620019960004e-311
91,DFT_CRT,time_and_value_scaling_t0,wide,DEoptim,8459,2.850875881214458e-306
91,DFT_CRT,time_and_value_scaling_t0,wide,DEoptim,8460,5.43230922487e-312
91,DFT_CRT,time_and_value_scaling_t0,wide,DEoptim,8461,5.432309226136e-312
91,DFT_CRT,time_and_value_scaling_t0,wide,DEoptim,8462,1.39016188257972e-309
91,DFT_CRT,time_and_value_scaling_t0,wide,DEoptim,8463,2.052769442741057e-289
91,DFT_CRT,time_and_value_scaling_t0,wide,DEoptim,8464,8901762849639419e256
91,DFT_CRT,time_and_value_scaling_t0,wide,DEoptim,8465,908366792581525e209
91,DFT_CRT,time_and_value_scaling_t0,wide,DEoptim,8466,6.5402864748936e-310
91,DFT_CRT,time_and_value_scaling_t0,wide,DEoptim,8467,1.14078494043554e-310
91,DFT_CRT,time_and_value_scaling_t0,wide,DEoptim,8468,2.1729236915927e-311
91,DFT_CRT,time_and_value_scaling_t0,wide,DEoptim,8469,1.0864618451007e-310
91,DFT_CRT,time_and_value_scaling_t0,wide,DEoptim,8470,5.43230922487e-312
91,DFT_CRT,time_and_value_scaling_t0,wide,DEoptim,8471,5.432309228666e-312
91,DFT_CRT,time_and_value_scaling_t0,wide,DEoptim,8472,1.32005114196622e-309
91,DFT_CRT,time_and_value_scaling_t0,wide,DEoptim,8473,7.0620019960004e-311
91,DFT_CRT,time_and_value_scaling_t0,wide,DEoptim,8474,2.850875881214458e-306
91,DFT_CRT,time_and_value_scaling_t0,wide,DEoptim,8475,5.43230922487e-312
91,DFT_CRT,time_and_value_scaling_t0,wide,DEoptim,8476,5.432309226136e-312
91,DFT_CRT,time_and_value_scaling_t0,wide,DEoptim,8477,1.39016188257972e-309
91,DFT_CRT,time_and_value_scaling_t0,wide,DEoptim,8478,2.052769442741057e-289
91,DFT_CRT,time_and_value_scaling_t0,wide,DEoptim,8479,8901762849639419e256
91,DFT_CRT,time_and_value_scaling_t0,wide,DEoptim,8480,908366792581525e209
91,DFT_CRT,time_and_value_scaling_t0,wide,DEoptim,8481,6.5402864748936e-310
91,DFT_CRT,time_and_value_scaling_t0,wide,DEoptim,8482,1.32005114196494e-309
91,DFT_CRT,time_and_value_scaling_t0,wide,DEoptim,8483,5.432309262815e-312
91,DFT_CRT,time_and_value_scaling_t0,wide,DEoptim,8484,1.32005114196645e-309
91,DFT_CRT,time_and_value_scaling_t0,wide,DEoptim,8485,1.32005114168415e-309
91,DFT_CRT,time_and_value_scaling_t0,wide,DEoptim,8486,1.320051141682886e-309
91,DFT_CRT,time_and_value_scaling_t0,wide,DEoptim,8487,8.6916947639676e-311
91,DFT_CRT,time_and_value_scaling_t0,wide,DEoptim,8488,2.052769442741057e-289
91,DFT_CRT,time_and_value_scaling_t0,wide,DEoptim,8489,3.423012691484445e-86
91,DFT_CRT,time_and_value_scaling_t0,wide,DEoptim,8490,7.291123409696642e-304
91,DFT_CRT,time_and_value_scaling_t0,wide,DEoptim,8491,-8739908186409956e230
91,DFT_CRT,time_and_value_scaling_t0,wide,DEoptim,8492,7.291122943048966e-304
91,DFT_CRT,time_and_value_scaling_t0,wide,DEoptim,8493,-8739908186537138e230
91,DFT_CRT,time_and_value_scaling_t0,wide,DEoptim,8494,1.5573744141674813e-207
91,DFT_CRT,time_and_value_scaling_t0,wide,DEoptim,8495,2.0522685000380304e-289
91,DFT_CRT,time_and_value_scaling_t0,wide,DEoptim,8496,2.3763645463954244e-212
91,DFT_CRT,time_and_value_scaling_t0,wide,DEoptim,8497,7.291122019556398e-304
91,DFT_CRT,time_and_value_scaling_t0,wide,DEoptim,8498,7.291122101041036e-304
91,DFT_CRT,time_and_value_scaling_t0,wide,DEoptim,8499,-8739908186409956e230
91,DFT_CRT,time_and_value_scaling_t0,wide,DEoptim,8500,4.576712064922609e-246
91,DFT_CRT,time_and_value_scaling_t0,wide,DEoptim,8501,2.0522685001276237e-289
91,DFT_CRT,time_and_value_scaling_t0,wide,DEoptim,8502,7.291122019556605e-304
91,DFT_CRT,time_and_value_scaling_t0,wide,DEoptim,8503,7.291122046717944e-304
91,DFT_CRT,time_and_value_scaling_t0,wide,DEoptim,8504,-13482698578959855e292
91,DFT_CRT,time_and_value_scaling_t0,wide,DEoptim,8505,7.291122454141135e-304
91,DFT_CRT,time_and_value_scaling_t0,wide,DEoptim,8506,1.2882297971109878e-231
91,DFT_CRT,time_and_value_scaling_t0,wide,DEoptim,8507,9305374649344273e184
91,DFT_CRT,time_and_value_scaling_t0,wide,DEoptim,8508,9041151394227776e256
91,DFT_CRT,time_and_value_scaling_t0,wide,DEoptim,8509,7.291128918589113e-304
91,DFT_CRT,time_and_value_scaling_t0,wide,DEoptim,8510,-873990818666432e231
91,DFT_CRT,time_and_value_scaling_t0,wide,DEoptim,8511,7.291123024533604e-304
91,DFT_CRT,time_and_value_scaling_t0,wide,DEoptim,8512,-8739908186791503e230
91,DFT_CRT,time_and_value_scaling_t0,wide,DEoptim,8513,-8739901049576195e230
91,DFT_CRT,time_and_value_scaling_t0,wide,DEoptim,8514,-8739901114693523e230
91,DFT_CRT,time_and_value_scaling_t0,wide,DEoptim,8515,-8739901212369516e230
91,DFT_CRT,time_and_value_scaling_t0,wide,DEoptim,8516,-8739901179810852e230
91,DFT_CRT,time_and_value_scaling_t0,wide,DEoptim,8517,7.291123078856696e-304
91,DFT_CRT,time_and_value_scaling_t0,wide,DEoptim,8518,-8739908187300232e230
91,DFT_CRT,time_and_value_scaling_t0,wide,DEoptim,8519,1.5573744663825207e-207
91,DFT_CRT,time_and_value_scaling_t0,wide,DEoptim,8520,2.0522685000380304e-289
91,DFT_CRT,time_and_value_scaling_t0,wide,DEoptim,8521,2.3763645463954244e-212
91,DFT_CRT,time_and_value_scaling_t0,wide,DEoptim,8522,7.291122019556398e-304
91,DFT_CRT,time_and_value_scaling_t0,wide,DEoptim,8523,7.291122101041036e-304
91,DFT_CRT,time_and_value_scaling_t0,wide,DEoptim,8524,-8739908180813935e230
91,DFT_CRT,time_and_value_scaling_t0,wide,DEoptim,8525,4.576712218368819e-246
91,DFT_CRT,time_and_value_scaling_t0,wide,DEoptim,8526,2.0522685001276237e-289
91,DFT_CRT,time_and_value_scaling_t0,wide,DEoptim,8527,7.291122019556605e-304
91,DFT_CRT,time_and_value_scaling_t0,wide,DEoptim,8528,7.291122046717944e-304
91,DFT_CRT,time_and_value_scaling_t0,wide,DEoptim,8529,-13482698578959855e292
91,DFT_CRT,time_and_value_scaling_t0,wide,DEoptim,8530,7.291122454141135e-304
91,DFT_CRT,time_and_value_scaling_t0,wide,DEoptim,8531,1.2882297971109878e-231
91,DFT_CRT,time_and_value_scaling_t0,wide,DEoptim,8532,9305374649344273e184
91,DFT_CRT,time_and_value_scaling_t0,wide,DEoptim,8533,9041151394227776e256
91,DFT_CRT,time_and_value_scaling_t0,wide,DEoptim,8534,-8739908147364995e230
91,DFT_CRT,time_and_value_scaling_t0,wide,DEoptim,8535,-8739901277486844e230
91,DFT_CRT,time_and_value_scaling_t0,wide,DEoptim,8536,7.291123160341335e-304
91,DFT_CRT,time_and_value_scaling_t0,wide,DEoptim,8537,-8739908187427414e230
91,DFT_CRT,time_and_value_scaling_t0,wide,DEoptim,8538,1.5573744721841917e-207
91,DFT_CRT,time_and_value_scaling_t0,wide,DEoptim,8539,2.0522685000380304e-289
91,DFT_CRT,time_and_value_scaling_t0,wide,DEoptim,8540,2.3763645463954244e-212
91,DFT_CRT,time_and_value_scaling_t0,wide,DEoptim,8541,7.291122019556398e-304
91,DFT_CRT,time_and_value_scaling_t0,wide,DEoptim,8542,7.291122101041036e-304
91,DFT_CRT,time_and_value_scaling_t0,wide,DEoptim,8543,-8739908180813935e230
91,DFT_CRT,time_and_value_scaling_t0,wide,DEoptim,8544,4.576712235418398e-246
91,DFT_CRT,time_and_value_scaling_t0,wide,DEoptim,8545,2.0522685001276237e-289
91,DFT_CRT,time_and_value_scaling_t0,wide,DEoptim,8546,7.291122019556605e-304
91,DFT_CRT,time_and_value_scaling_t0,wide,DEoptim,8547,7.291122046717944e-304
91,DFT_CRT,time_and_value_scaling_t0,wide,DEoptim,8548,-13482698578959855e292
91,DFT_CRT,time_and_value_scaling_t0,wide,DEoptim,8549,7.291122454141135e-304
91,DFT_CRT,time_and_value_scaling_t0,wide,DEoptim,8550,1.2882297971109878e-231
91,DFT_CRT,time_and_value_scaling_t0,wide,DEoptim,8551,9305374649344273e184
91,DFT_CRT,time_and_value_scaling_t0,wide,DEoptim,8552,9041151394227776e256
91,DFT_CRT,time_and_value_scaling_t0,wide,DEoptim,8553,7.291128918589113e-304
91,DFT_CRT,time_and_value_scaling_t0,wide,DEoptim,8554,7.291128951692247e-304
91,DFT_CRT,time_and_value_scaling_t0,wide,DEoptim,8555,-8739908187554596e230
91,DFT_CRT,time_and_value_scaling_t0,wide,DEoptim,8556,1.5573744837875338e-207
91,DFT_CRT,time_and_value_scaling_t0,wide,DEoptim,8557,2.0522685000380304e-289
91,DFT_CRT,time_and_value_scaling_t0,wide,DEoptim,8558,2.3763645463954244e-212
91,DFT_CRT,time_and_value_scaling_t0,wide,DEoptim,8559,7.291122019556398e-304
91,DFT_CRT,time_and_value_scaling_t0,wide,DEoptim,8560,7.291122101041036e-304
91,DFT_CRT,time_and_value_scaling_t0,wide,DEoptim,8561,-8739908180813935e230
91,DFT_CRT,time_and_value_scaling_t0,wide,DEoptim,8562,4.576712269517555e-246
91,DFT_CRT,time_and_value_scaling_t0,wide,DEoptim,8563,2.0522685001276237e-289
91,DFT_CRT,time_and_value_scaling_t0,wide,DEoptim,8564,7.291122019556605e-304
91,DFT_CRT,time_and_value_scaling_t0,wide,DEoptim,8565,7.291122046717944e-304
91,DFT_CRT,time_and_value_scaling_t0,wide,DEoptim,8566,-13482698578959855e292
91,DFT_CRT,time_and_value_scaling_t0,wide,DEoptim,8567,7.291122454141135e-304
91,DFT_CRT,time_and_value_scaling_t0,wide,DEoptim,8568,1.2882297971109878e-231
91,DFT_CRT,time_and_value_scaling_t0,wide,DEoptim,8569,9305374649344273e184
91,DFT_CRT,time_and_value_scaling_t0,wide,DEoptim,8570,9041151394227776e256
91,DFT_CRT,time_and_value_scaling_t0,wide,DEoptim,8571,-8739908147364995e230
91,DFT_CRT,time_and_value_scaling_t0,wide,DEoptim,8572,3.6260450211955764e-217
91,DFT_CRT,time_and_value_scaling_t0,wide,DEoptim,8573,3.1315132841641294e-294
91,DFT_CRT,time_and_value_scaling_t0,wide,DEoptim,8574,-8503492339585533e289
91,DFT_CRT,time_and_value_scaling_t0,wide,DEoptim,8575,-8371168821078927e283
91,DFT_CRT,time_and_value_scaling_t0,wide,DEoptim,8576,2.052268561200395e-289
91,DFT_CRT,time_and_value_scaling_t0,wide,DEoptim,8577,3.626044575429332e-217
91,DFT_CRT,time_and_value_scaling_t0,wide,DEoptim,8578,2.3763645463954244e-212
91,DFT_CRT,time_and_value_scaling_t0,wide,DEoptim,8579,19156194332185995e37
91,DFT_CRT,time_and_value_scaling_t0,wide,DEoptim,8580,3.131513097511406e-294
91,DFT_CRT,time_and_value_scaling_t0,wide,DEoptim,8581,2.3763645463954244e-212
91,DFT_CRT,time_and_value_scaling_t0,wide,DEoptim,8582,7.291122128202582e-304
91,DFT_CRT,time_and_value_scaling_t0,wide,DEoptim,8583,1.3449747342891326e-284
91,DFT_CRT,time_and_value_scaling_t0,wide,DEoptim,8584,5.776622626835678e-275
91,DFT_CRT,time_and_value_scaling_t0,wide,DEoptim,8585,3.78576740472303e-270
91,DFT_CRT,time_and_value_scaling_t0,wide,DEoptim,8586,8.814426911181676e-280
91,DFT_CRT,time_and_value_scaling_t0,wide,DEoptim,8587,1.6259745497524595e-260
91,DFT_CRT,time_and_value_scaling_t0,wide,DEoptim,8588,-8371161180752742e283
91,DFT_CRT,time_and_value_scaling_t0,wide,DEoptim,8589,-13715310171984222e288
91,DFT_CRT,time_and_value_scaling_t0,wide,DEoptim,8590,-8371161056012723e283
91,DFT_CRT,time_and_value_scaling_t0,wide,DEoptim,8591,2.0225272383e-314
91,DFT_CRT,time_and_value_scaling_t0,wide,DEoptim,8592,-8371161180752742e283
91,DFT_CRT,time_and_value_scaling_t0,wide,DEoptim,8593,-21944496275174755e288
91,DFT_CRT,time_and_value_scaling_t0,wide,DEoptim,8594,-8371161056012723e283
91,DFT_CRT,time_and_value_scaling_t0,wide,DEoptim,8595,7.291128646973652e-304
91,DFT_CRT,time_and_value_scaling_t0,wide,DEoptim,8596,-8371161180752742e283
91,DFT_CRT,time_and_value_scaling_t0,wide,DEoptim,8597,-28802151361166866e288
91,DFT_CRT,time_and_value_scaling_t0,wide,DEoptim,8598,-8371161056012723e283
91,DFT_CRT,time_and_value_scaling_t0,wide,DEoptim,8599,-7886303348890927e288
91,DFT_CRT,time_and_value_scaling_t0,wide,DEoptim,8600,-8371160993642713e283
91,DFT_CRT,time_and_value_scaling_t0,wide,DEoptim,8601,-8371161056012723e283
91,DFT_CRT,time_and_value_scaling_t0,wide,DEoptim,8602,-8503492306630217e289
91,DFT_CRT,time_and_value_scaling_t0,wide,DEoptim,8603,-8371161056012723e283
91,DFT_CRT,time_and_value_scaling_t0,wide,DEoptim,8604,4.778314070080652e-299
91,DFT_CRT,time_and_value_scaling_t0,wide,DEoptim,8605,-8371161180752742e283
91,DFT_CRT,time_and_value_scaling_t0,wide,DEoptim,8606,-8777798510069902e289
91,DFT_CRT,time_and_value_scaling_t0,wide,DEoptim,8607,-8371161056012723e283
91,DFT_CRT,time_and_value_scaling_t0,wide,DEoptim,8608,-7886303348890927e288
91,DFT_CRT,time_and_value_scaling_t0,wide,DEoptim,8609,-8371161056012723e283
91,DFT_CRT,time_and_value_scaling_t0,wide,DEoptim,8610,-8503492306630217e289
91,DFT_CRT,time_and_value_scaling_t0,wide,DEoptim,8611,-8371160993642713e283
91,DFT_CRT,time_and_value_scaling_t0,wide,DEoptim,8612,-8371160993642713e283
91,DFT_CRT,time_and_value_scaling_t0,wide,DEoptim,8613,-8371160993642713e283
91,DFT_CRT,time_and_value_scaling_t0,wide,DEoptim,8614,-7886303369328332e288
91,DFT_CRT,time_and_value_scaling_t0,wide,DEoptim,8615,7.291128619812106e-304
91,DFT_CRT,time_and_value_scaling_t0,wide,DEoptim,8616,2.014238192e-314
91,DFT_CRT,time_and_value_scaling_t0,wide,DEoptim,8617,-8503492322980141e289
91,DFT_CRT,time_and_value_scaling_t0,wide,DEoptim,8618,-877779854276975e290
91,DFT_CRT,time_and_value_scaling_t0,wide,DEoptim,8619,4.778314052280062e-299
91,DFT_CRT,time_and_value_scaling_t0,wide,DEoptim,8620,4.576711826228506e-246
91,DFT_CRT,time_and_value_scaling_t0,wide,DEoptim,8621,1.625974567924141e-260
91,DFT_CRT,time_and_value_scaling_t0,wide,DEoptim,8622,1.65780921e-315
91,DFT_CRT,time_and_value_scaling_t0,wide,DEoptim,8623,3.131513074179815e-294
91,DFT_CRT,time_and_value_scaling_t0,wide,DEoptim,8624,-7886303369328332e288
91,DFT_CRT,time_and_value_scaling_t0,wide,DEoptim,8625,4.778314052280062e-299
91,DFT_CRT,time_and_value_scaling_t0,wide,DEoptim,8626,5.434845090117003e-246
91,DFT_CRT,time_and_value_scaling_t0,wide,DEoptim,8627,2.71648617428e-312
91,DFT_CRT,time_and_value_scaling_t0,wide,DEoptim,8628,7.291122046717944e-304
91,DFT_CRT,time_and_value_scaling_t0,wide,DEoptim,8629,5.972887176221192e-299
91,DFT_CRT,time_and_value_scaling_t0,wide,DEoptim,8630,1.2882309820211476e-231
91,DFT_CRT,time_and_value_scaling_t0,wide,DEoptim,8631,2.4834631584438887e-265
91,DFT_CRT,time_and_value_scaling_t0,wide,DEoptim,8632,17571863260639937e227
91,DFT_CRT,time_and_value_scaling_t0,wide,DEoptim,8633,6933350747771166e30
91,DFT_CRT,time_and_value_scaling_t0,wide,DEoptim,8634,-8371164748194542e283
91,DFT_CRT,time_and_value_scaling_t0,wide,DEoptim,8635,4.576711826228506e-246
91,DFT_CRT,time_and_value_scaling_t0,wide,DEoptim,8636,1.625974567924141e-260
91,DFT_CRT,time_and_value_scaling_t0,wide,DEoptim,8637,1.65780921e-315
91,DFT_CRT,time_and_value_scaling_t0,wide,DEoptim,8638,3.131513074179815e-294
91,DFT_CRT,time_and_value_scaling_t0,wide,DEoptim,8639,-8503492322980141e289
91,DFT_CRT,time_and_value_scaling_t0,wide,DEoptim,8640,4.778314052280062e-299
91,DFT_CRT,time_and_value_scaling_t0,wide,DEoptim,8641,5.434845090117003e-246
91,DFT_CRT,time_and_value_scaling_t0,wide,DEoptim,8642,2.71648617428e-312
91,DFT_CRT,time_and_value_scaling_t0,wide,DEoptim,8643,7.291122046717944e-304
91,DFT_CRT,time_and_value_scaling_t0,wide,DEoptim,8644,5.972887176221192e-299
91,DFT_CRT,time_and_value_scaling_t0,wide,DEoptim,8645,1.2882309820211476e-231
91,DFT_CRT,time_and_value_scaling_t0,wide,DEoptim,8646,2.4834631584438887e-265
91,DFT_CRT,time_and_value_scaling_t0,wide,DEoptim,8647,17571863260639937e227
91,DFT_CRT,time_and_value_scaling_t0,wide,DEoptim,8648,6933350747771166e30
91,DFT_CRT,time_and_value_scaling_t0,wide,DEoptim,8649,-8371164748194542e283
91,DFT_CRT,time_and_value_scaling_t0,wide,DEoptim,8650,5.434845090117003e-246
91,DFT_CRT,time_and_value_scaling_t0,wide,DEoptim,8651,2.717729531187e-312
91,DFT_CRT,time_and_value_scaling_t0,wide,DEoptim,8652,7.291122046717944e-304
91,DFT_CRT,time_and_value_scaling_t0,wide,DEoptim,8653,3.1315130858456104e-294
91,DFT_CRT,time_and_value_scaling_t0,wide,DEoptim,8654,3.131513097511406e-294
91,DFT_CRT,time_and_value_scaling_t0,wide,DEoptim,8655,2.0522684312303704e-289
91,DFT_CRT,time_and_value_scaling_t0,wide,DEoptim,8656,8.814425794747666e-280
91,DFT_CRT,time_and_value_scaling_t0,wide,DEoptim,8657,8.814425860420255e-280
91,DFT_CRT,time_and_value_scaling_t0,wide,DEoptim,8658,8.814425860420255e-280
91,DFT_CRT,time_and_value_scaling_t0,wide,DEoptim,8659,8.814425860420255e-280
91,DFT_CRT,time_and_value_scaling_t0,wide,DEoptim,8660,8.814425860420255e-280
91,DFT_CRT,time_and_value_scaling_t0,wide,DEoptim,8661,-13482698578959855e292
91,DFT_CRT,time_and_value_scaling_t0,wide,DEoptim,8662,7.291122454141135e-304
91,DFT_CRT,time_and_value_scaling_t0,wide,DEoptim,8663,1.2882297971109878e-231
91,DFT_CRT,time_and_value_scaling_t0,wide,DEoptim,8664,9305374649344273e184
91,DFT_CRT,time_and_value_scaling_t0,wide,DEoptim,8665,9041151394227776e256
91,DFT_CRT,time_and_value_scaling_t0,wide,DEoptim,8666,-8371168914633942e283
91,DFT_CRT,time_and_value_scaling_t0,wide,DEoptim,8667,1.1319609095549791e-72
91,DFT_CRT,time_and_value_scaling_t0,wide,DEoptim,8668,-7954879916100772e289
91,DFT_CRT,time_and_value_scaling_t0,wide,DEoptim,8669,1.7272352745895067e-77
91,DFT_CRT,time_and_value_scaling_t0,wide,DEoptim,8670,3.186186706543607e-58
91,DFT_CRT,time_and_value_scaling_t0,wide,DEoptim,8671,4.861735086889049e-63
91,DFT_CRT,time_and_value_scaling_t0,wide,DEoptim,8672,7.418419016859511e-68
91,DFT_CRT,time_and_value_scaling_t0,wide,DEoptim,8673,8.968318290201636e-44
91,DFT_CRT,time_and_value_scaling_t0,wide,DEoptim,8674,4.576711826228506e-246
91,DFT_CRT,time_and_value_scaling_t0,wide,DEoptim,8675,1.625974567924141e-260
91,DFT_CRT,time_and_value_scaling_t0,wide,DEoptim,8676,1.65780921e-315
91,DFT_CRT,time_and_value_scaling_t0,wide,DEoptim,8677,3.131513074179815e-294
91,DFT_CRT,time_and_value_scaling_t0,wide,DEoptim,8678,-7200537860729121e288
91,DFT_CRT,time_and_value_scaling_t0,wide,DEoptim,8679,8.968318290201636e-44
91,DFT_CRT,time_and_value_scaling_t0,wide,DEoptim,8680,5.434845090117003e-246
91,DFT_CRT,time_and_value_scaling_t0,wide,DEoptim,8681,2.71648617428e-312
91,DFT_CRT,time_and_value_scaling_t0,wide,DEoptim,8682,7.291122046717944e-304
91,DFT_CRT,time_and_value_scaling_t0,wide,DEoptim,8683,5.972887176221192e-299
91,DFT_CRT,time_and_value_scaling_t0,wide,DEoptim,8684,1.2882309820211476e-231
91,DFT_CRT,time_and_value_scaling_t0,wide,DEoptim,8685,2.4834631584438887e-265
91,DFT_CRT,time_and_value_scaling_t0,wide,DEoptim,8686,17571863260639937e227
91,DFT_CRT,time_and_value_scaling_t0,wide,DEoptim,8687,6933350747771166e30
91,DFT_CRT,time_and_value_scaling_t0,wide,DEoptim,8688,-8371164748194542e283
91,DFT_CRT,time_and_value_scaling_t0,wide,DEoptim,8689,1.3684567703554743e-48
91,DFT_CRT,time_and_value_scaling_t0,wide,DEoptim,8690,2.0880993200004185e-53
91,DFT_CRT,time_and_value_scaling_t0,wide,DEoptim,8691,5.877477074666544e-39
91,DFT_CRT,time_and_value_scaling_t0,wide,DEoptim,8692,4.576711826228506e-246
91,DFT_CRT,time_and_value_scaling_t0,wide,DEoptim,8693,1.625974567924141e-260
91,DFT_CRT,time_and_value_scaling_t0,wide,DEoptim,8694,1.65780921e-315
91,DFT_CRT,time_and_value_scaling_t0,wide,DEoptim,8695,3.131513074179815e-294
91,DFT_CRT,time_and_value_scaling_t0,wide,DEoptim,8696,-7200537860729121e288
91,DFT_CRT,time_and_value_scaling_t0,wide,DEoptim,8697,5.877477074666544e-39
91,DFT_CRT,time_and_value_scaling_t0,wide,DEoptim,8698,5.434845090117003e-246
91,DFT_CRT,time_and_value_scaling_t0,wide,DEoptim,8699,2.71648617428e-312
91,DFT_CRT,time_and_value_scaling_t0,wide,DEoptim,8700,7.291122046717944e-304
91,DFT_CRT,time_and_value_scaling_t0,wide,DEoptim,8701,5.972887176221192e-299
91,DFT_CRT,time_and_value_scaling_t0,wide,DEoptim,8702,1.2882309820211476e-231
91,DFT_CRT,time_and_value_scaling_t0,wide,DEoptim,8703,2.4834631584438887e-265
91,DFT_CRT,time_and_value_scaling_t0,wide,DEoptim,8704,17571863260639937e227
91,DFT_CRT,time_and_value_scaling_t0,wide,DEoptim,8705,6933350747771166e30
91,DFT_CRT,time_and_value_scaling_t0,wide,DEoptim,8706,-8371164748194542e283
91,DFT_CRT,time_and_value_scaling_t0,wide,DEoptim,8707,2.524357181868256e-29
91,DFT_CRT,time_and_value_scaling_t0,wide,DEoptim,8708,4.576711826228506e-246
91,DFT_CRT,time_and_value_scaling_t0,wide,DEoptim,8709,1.625974567924141e-260
91,DFT_CRT,time_and_value_scaling_t0,wide,DEoptim,8710,1.65780921e-315
91,DFT_CRT,time_and_value_scaling_t0,wide,DEoptim,8711,3.131513074179815e-294
91,DFT_CRT,time_and_value_scaling_t0,wide,DEoptim,8712,-7200537860729121e288
91,DFT_CRT,time_and_value_scaling_t0,wide,DEoptim,8713,2.524357181868256e-29
91,DFT_CRT,time_and_value_scaling_t0,wide,DEoptim,8714,5.434845090117003e-246
91,DFT_CRT,time_and_value_scaling_t0,wide,DEoptim,8715,2.71648617428e-312
91,DFT_CRT,time_and_value_scaling_t0,wide,DEoptim,8716,7.291122046717944e-304
91,DFT_CRT,time_and_value_scaling_t0,wide,DEoptim,8717,5.972887176221192e-299
91,DFT_CRT,time_and_value_scaling_t0,wide,DEoptim,8718,1.2882309820211476e-231
91,DFT_CRT,time_and_value_scaling_t0,wide,DEoptim,8719,2.4834631584438887e-265
91,DFT_CRT,time_and_value_scaling_t0,wide,DEoptim,8720,17571863260639937e227
91,DFT_CRT,time_and_value_scaling_t0,wide,DEoptim,8721,6933350747771166e30
91,DFT_CRT,time_and_value_scaling_t0,wide,DEoptim,8722,-8371164748194542e283
91,DFT_CRT,time_and_value_scaling_t0,wide,DEoptim,8723,3.8518633756534665e-34
91,DFT_CRT,time_and_value_scaling_t0,wide,DEoptim,8724,-9875023356528487e289
91,DFT_CRT,time_and_value_scaling_t0,wide,DEoptim,8725,1.0842031539546883e-19
91,DFT_CRT,time_and_value_scaling_t0,wide,DEoptim,8726,4.576711826228506e-246
91,DFT_CRT,time_and_value_scaling_t0,wide,DEoptim,8727,1.62597459215305e-260
91,DFT_CRT,time_and_value_scaling_t0,wide,DEoptim,8728,7.291122644271958e-304
91,DFT_CRT,time_and_value_scaling_t0,wide,DEoptim,8729,4.778310242953616e-299
91,DFT_CRT,time_and_value_scaling_t0,wide,DEoptim,8730,3.1498375e-315
91,DFT_CRT,time_and_value_scaling_t0,wide,DEoptim,8731,2.0522684082944837e-289
91,DFT_CRT,time_and_value_scaling_t0,wide,DEoptim,8732,7.105433789757445e-15
91,DFT_CRT,time_and_value_scaling_t0,wide,DEoptim,8733,-10423635763407856e289
91,DFT_CRT,time_and_value_scaling_t0,wide,DEoptim,8734,4.576711826228506e-246
91,DFT_CRT,time_and_value_scaling_t0,wide,DEoptim,8735,1.6259746345536402e-260
91,DFT_CRT,time_and_value_scaling_t0,wide,DEoptim,8736,7.291122644271958e-304
91,DFT_CRT,time_and_value_scaling_t0,wide,DEoptim,8737,3.131513459151058e-294
91,DFT_CRT,time_and_value_scaling_t0,wide,DEoptim,8738,2.0522686605892373e-289
91,DFT_CRT,time_and_value_scaling_t0,wide,DEoptim,8739,4.778310403158934e-299
91,DFT_CRT,time_and_value_scaling_t0,wide,DEoptim,8740,5.29947038015576e-169
91,DFT_CRT,time_and_value_scaling_t0,wide,DEoptim,8741,1.1818212850897106e-125
91,DFT_CRT,time_and_value_scaling_t0,wide,DEoptim,8742,7.291122019556398e-304
91,DFT_CRT,time_and_value_scaling_t0,wide,DEoptim,8743,-8739900105374932e230
91,DFT_CRT,time_and_value_scaling_t0,wide,DEoptim,8744,7.291123703572257e-304
91,DFT_CRT,time_and_value_scaling_t0,wide,DEoptim,8745,-8739908188572055e230
91,DFT_CRT,time_and_value_scaling_t0,wide,DEoptim,8746,1.2882300562583043e-231
91,DFT_CRT,time_and_value_scaling_t0,wide,DEoptim,8747,7.291122454141135e-304
91,DFT_CRT,time_and_value_scaling_t0,wide,DEoptim,8748,1.3449746641435458e-284
91,DFT_CRT,time_and_value_scaling_t0,wide,DEoptim,8749,2.449283411106e-312
91,DFT_CRT,time_and_value_scaling_t0,wide,DEoptim,8750,3.39519326633e-313
91,DFT_CRT,time_and_value_scaling_t0,wide,DEoptim,8751,1.90980916355e-313
91,DFT_CRT,time_and_value_scaling_t0,wide,DEoptim,8752,9032839632707489e256
91,DFT_CRT,time_and_value_scaling_t0,wide,DEoptim,8753,4.45619116676e-313
91,DFT_CRT,time_and_value_scaling_t0,wide,DEoptim,8754,8.4879831703e-314
91,DFT_CRT,time_and_value_scaling_t0,wide,DEoptim,8755,4.2439915824e-313
91,DFT_CRT,time_and_value_scaling_t0,wide,DEoptim,8756,2.121995791e-314
91,DFT_CRT,time_and_value_scaling_t0,wide,DEoptim,8757,4.778314283687746e-299
91,DFT_CRT,time_and_value_scaling_t0,wide,DEoptim,8758,5.156449773305e-312
91,DFT_CRT,time_and_value_scaling_t0,wide,DEoptim,8759,3.131551886280593e-294
91,DFT_CRT,time_and_value_scaling_t0,wide,DEoptim,8760,6.95420460615203e-310
91,DFT_CRT,time_and_value_scaling_t0,wide,DEoptim,8761,2.121995791e-314
91,DFT_CRT,time_and_value_scaling_t0,wide,DEoptim,8762,2.0522703578448527e-289
91,DFT_CRT,time_and_value_scaling_t0,wide,DEoptim,8763,5.430319853827e-312
91,DFT_CRT,time_and_value_scaling_t0,wide,DEoptim,8764,5.56270586622599e-309
91,DFT_CRT,time_and_value_scaling_t0,wide,DEoptim,8765,6059732824249193e218
91,DFT_CRT,time_and_value_scaling_t0,wide,DEoptim,8766,1064002501037983e233
91,DFT_CRT,time_and_value_scaling_t0,wide,DEoptim,8767,2.554799404253e-312
91,DFT_CRT,time_and_value_scaling_t0,wide,DEoptim,8768,3.131551886280726e-294
91,DFT_CRT,time_and_value_scaling_t0,wide,DEoptim,8769,6.9565388015221e-310
91,DFT_CRT,time_and_value_scaling_t0,wide,DEoptim,8770,4.243991582e-314
91,DFT_CRT,time_and_value_scaling_t0,wide,DEoptim,8771,4.243991583e-314
91,DFT_CRT,time_and_value_scaling_t0,wide,DEoptim,8772,4.243991583e-314
91,DFT_CRT,time_and_value_scaling_t0,wide,DEoptim,8773,4.243991583e-314
91,DFT_CRT,time_and_value_scaling_t0,wide,DEoptim,8774,1e-323
91,DFT_CRT,time_and_value_scaling_t0,wide,DEoptim,8775,0
91,DFT_CRT,time_and_value_scaling_t0,wide,DEoptim,8776,0
91,DFT_CRT,time_and_value_scaling_t0,wide,DEoptim,8777,-9124898775545465e177
91,DFT_CRT,time_and_value_scaling_t0,wide,DEoptim,8778,3.39519327814e-313
91,DFT_CRT,time_and_value_scaling_t0,wide,DEoptim,8779,1.90980916355e-313
91,DFT_CRT,time_and_value_scaling_t0,wide,DEoptim,8780,13561721836670302e232
91,DFT_CRT,time_and_value_scaling_t0,wide,DEoptim,8781,26493111565267984e164
91,DFT_CRT,time_and_value_scaling_t0,wide,DEoptim,8782,5.389869309645e-312
91,DFT_CRT,time_and_value_scaling_t0,wide,DEoptim,8783,2.7610812427e-313
91,DFT_CRT,time_and_value_scaling_t0,wide,DEoptim,8784,1.61935e-319
91,DFT_CRT,time_and_value_scaling_t0,wide,DEoptim,8785,0
91,DFT_CRT,time_and_value_scaling_t0,wide,DEoptim,8786,0
91,DFT_CRT,time_and_value_scaling_t0,wide,DEoptim,8787,0
91,DFT_CRT,time_and_value_scaling_t0,wide,DEoptim,8788,-9124898775545465e177
91,DFT_CRT,time_and_value_scaling_t0,wide,DEoptim,8789,3.39519327814e-313
91,DFT_CRT,time_and_value_scaling_t0,wide,DEoptim,8790,1.90980916355e-313
91,DFT_CRT,time_and_value_scaling_t0,wide,DEoptim,8791,13561721836670302e232
91,DFT_CRT,time_and_value_scaling_t0,wide,DEoptim,8792,26493111565267984e164
91,DFT_CRT,time_and_value_scaling_t0,wide,DEoptim,8793,5.389869309645e-312
91,DFT_CRT,time_and_value_scaling_t0,wide,DEoptim,8794,2.7585945293e-313
91,DFT_CRT,time_and_value_scaling_t0,wide,DEoptim,8795,2.12199579116e-313
91,DFT_CRT,time_and_value_scaling_t0,wide,DEoptim,8796,2.121995799e-314
91,DFT_CRT,time_and_value_scaling_t0,wide,DEoptim,8797,8.4879831644e-314
91,DFT_CRT,time_and_value_scaling_t0,wide,DEoptim,8798,1.35807730742e-312
91,DFT_CRT,time_and_value_scaling_t0,wide,DEoptim,8799,3.39519326633e-313
91,DFT_CRT,time_and_value_scaling_t0,wide,DEoptim,8800,1.90980916365e-313
91,DFT_CRT,time_and_value_scaling_t0,wide,DEoptim,8801,4.8891114729875e-311
91,DFT_CRT,time_and_value_scaling_t0,wide,DEoptim,8802,5.564815714035125e-309
91,DFT_CRT,time_and_value_scaling_t0,wide,DEoptim,8803,20698834441042932e145
91,DFT_CRT,time_and_value_scaling_t0,wide,DEoptim,8804,6.0008842308318e-310
91,DFT_CRT,time_and_value_scaling_t0,wide,DEoptim,8805,3.25938553799614e-310
91,DFT_CRT,time_and_value_scaling_t0,wide,DEoptim,8806,7.0683679813496e-311
91,DFT_CRT,time_and_value_scaling_t0,wide,DEoptim,8807,4.145029e-317
91,DFT_CRT,time_and_value_scaling_t0,wide,DEoptim,8808,1.086461845227e-311
91,DFT_CRT,time_and_value_scaling_t0,wide,DEoptim,8809,1.094949828391e-311
91,DFT_CRT,time_and_value_scaling_t0,wide,DEoptim,8810,8.691694792161e-311
91,DFT_CRT,time_and_value_scaling_t0,wide,DEoptim,8811,4.8891114586947e-311
91,DFT_CRT,time_and_value_scaling_t0,wide,DEoptim,8812,7497795326462078e232
91,DFT_CRT,time_and_value_scaling_t0,wide,DEoptim,8813,59927003901658496e159
91,DFT_CRT,time_and_value_scaling_t0,wide,DEoptim,8814,1.379806543269535e-309
91,DFT_CRT,time_and_value_scaling_t0,wide,DEoptim,8815,1.38661814960752e-309
91,DFT_CRT,time_and_value_scaling_t0,wide,DEoptim,8816,3.20506244574743e-310
91,DFT_CRT,time_and_value_scaling_t0,wide,DEoptim,8817,3.5853240914884e-310
91,DFT_CRT,time_and_value_scaling_t0,wide,DEoptim,8818,7.0620019949885e-311
91,DFT_CRT,time_and_value_scaling_t0,wide,DEoptim,8819,5.432309225377e-311
91,DFT_CRT,time_and_value_scaling_t0,wide,DEoptim,8820,2.5296e-320
91,DFT_CRT,time_and_value_scaling_t0,wide,DEoptim,8821,1.629692767588e-311
91,DFT_CRT,time_and_value_scaling_t0,wide,DEoptim,8822,1.385281292259214e-309
91,DFT_CRT,time_and_value_scaling_t0,wide,DEoptim,8823,3.5853240914884e-310
91,DFT_CRT,time_and_value_scaling_t0,wide,DEoptim,8824,7.0683679813496e-311
91,DFT_CRT,time_and_value_scaling_t0,wide,DEoptim,8825,4.145029e-317
91,DFT_CRT,time_and_value_scaling_t0,wide,DEoptim,8826,5.432309226136e-312
91,DFT_CRT,time_and_value_scaling_t0,wide,DEoptim,8827,1.0949498282646e-311
91,DFT_CRT,time_and_value_scaling_t0,wide,DEoptim,8828,8.691694792161e-311
91,DFT_CRT,time_and_value_scaling_t0,wide,DEoptim,8829,4.8891114586947e-311
91,DFT_CRT,time_and_value_scaling_t0,wide,DEoptim,8830,7497795326462078e232
91,DFT_CRT,time_and_value_scaling_t0,wide,DEoptim,8831,59927003901658496e159
91,DFT_CRT,time_and_value_scaling_t0,wide,DEoptim,8832,1.379806543269535e-309
91,DFT_CRT,time_and_value_scaling_t0,wide,DEoptim,8833,1.38674546935498e-309
91,DFT_CRT,time_and_value_scaling_t0,wide,DEoptim,8834,3.5310009992397e-310
91,DFT_CRT,time_and_value_scaling_t0,wide,DEoptim,8835,1.38676668931289e-309
91,DFT_CRT,time_and_value_scaling_t0,wide,DEoptim,8836,3.69397027598583e-310
91,DFT_CRT,time_and_value_scaling_t0,wide,DEoptim,8837,7.0620019949885e-311
91,DFT_CRT,time_and_value_scaling_t0,wide,DEoptim,8838,5.432309225377e-311
91,DFT_CRT,time_and_value_scaling_t0,wide,DEoptim,8839,2.5296e-320
91,DFT_CRT,time_and_value_scaling_t0,wide,DEoptim,8840,1.629692767588e-311
91,DFT_CRT,time_and_value_scaling_t0,wide,DEoptim,8841,1.3867879092708e-309
91,DFT_CRT,time_and_value_scaling_t0,wide,DEoptim,8842,3.69397027598583e-310
91,DFT_CRT,time_and_value_scaling_t0,wide,DEoptim,8843,7.0683679813496e-311
91,DFT_CRT,time_and_value_scaling_t0,wide,DEoptim,8844,4.145029e-317
91,DFT_CRT,time_and_value_scaling_t0,wide,DEoptim,8845,5.432309226136e-312
91,DFT_CRT,time_and_value_scaling_t0,wide,DEoptim,8846,1.0949498282646e-311
91,DFT_CRT,time_and_value_scaling_t0,wide,DEoptim,8847,8.691694792161e-311
91,DFT_CRT,time_and_value_scaling_t0,wide,DEoptim,8848,4.8891114586947e-311
91,DFT_CRT,time_and_value_scaling_t0,wide,DEoptim,8849,7497795326462078e232
91,DFT_CRT,time_and_value_scaling_t0,wide,DEoptim,8850,59927003901658496e159
91,DFT_CRT,time_and_value_scaling_t0,wide,DEoptim,8851,1.379806543269535e-309
91,DFT_CRT,time_and_value_scaling_t0,wide,DEoptim,8852,7.0620019949885e-311
91,DFT_CRT,time_and_value_scaling_t0,wide,DEoptim,8853,5.432309225883e-311
91,DFT_CRT,time_and_value_scaling_t0,wide,DEoptim,8854,5.43230925396e-312
91,DFT_CRT,time_and_value_scaling_t0,wide,DEoptim,8855,1.086461848642e-311
91,DFT_CRT,time_and_value_scaling_t0,wide,DEoptim,8856,4.8063e-320
91,DFT_CRT,time_and_value_scaling_t0,wide,DEoptim,8857,2.172923690075e-311
91,DFT_CRT,time_and_value_scaling_t0,wide,DEoptim,8858,3.74829336823454e-310
91,DFT_CRT,time_and_value_scaling_t0,wide,DEoptim,8859,1.38680912922871e-309
91,DFT_CRT,time_and_value_scaling_t0,wide,DEoptim,8860,7.0620019949885e-311
91,DFT_CRT,time_and_value_scaling_t0,wide,DEoptim,8861,5.432309225377e-311
91,DFT_CRT,time_and_value_scaling_t0,wide,DEoptim,8862,2.5296e-320
91,DFT_CRT,time_and_value_scaling_t0,wide,DEoptim,8863,1.629692767588e-311
91,DFT_CRT,time_and_value_scaling_t0,wide,DEoptim,8864,1.385281292259214e-309
91,DFT_CRT,time_and_value_scaling_t0,wide,DEoptim,8865,3.74829336823454e-310
91,DFT_CRT,time_and_value_scaling_t0,wide,DEoptim,8866,7.0683679813496e-311
91,DFT_CRT,time_and_value_scaling_t0,wide,DEoptim,8867,4.145029e-317
91,DFT_CRT,time_and_value_scaling_t0,wide,DEoptim,8868,5.432309226136e-312
91,DFT_CRT,time_and_value_scaling_t0,wide,DEoptim,8869,1.0949498282646e-311
91,DFT_CRT,time_and_value_scaling_t0,wide,DEoptim,8870,8.691694792161e-311
91,DFT_CRT,time_and_value_scaling_t0,wide,DEoptim,8871,4.8891114586947e-311
91,DFT_CRT,time_and_value_scaling_t0,wide,DEoptim,8872,7497795326462078e232
91,DFT_CRT,time_and_value_scaling_t0,wide,DEoptim,8873,59927003901658496e159
91,DFT_CRT,time_and_value_scaling_t0,wide,DEoptim,8874,1.379806543269535e-309
91,DFT_CRT,time_and_value_scaling_t0,wide,DEoptim,8875,7.0683679813496e-311
91,DFT_CRT,time_and_value_scaling_t0,wide,DEoptim,8876,4.145535e-317
91,DFT_CRT,time_and_value_scaling_t0,wide,DEoptim,8877,0
91,DFT_CRT,time_and_value_scaling_t0,wide,DEoptim,8878,0
91,DFT_CRT,time_and_value_scaling_t0,wide,DEoptim,8879,0
91,DFT_CRT,time_and_value_scaling_t0,wide,DEoptim,8880,1.094949828138e-311
91,DFT_CRT,time_and_value_scaling_t0,wide,DEoptim,8881,8.691694792161e-311
91,DFT_CRT,time_and_value_scaling_t0,wide,DEoptim,8882,4.8891114586947e-311
91,DFT_CRT,time_and_value_scaling_t0,wide,DEoptim,8883,7497795326462078e232
91,DFT_CRT,time_and_value_scaling_t0,wide,DEoptim,8884,59927003901658496e159
91,DFT_CRT,time_and_value_scaling_t0,wide,DEoptim,8885,1.379806543269535e-309
91,DFT_CRT,time_and_value_scaling_t0,wide,DEoptim,8886,3.6396471837371e-310
91,DFT_CRT,time_and_value_scaling_t0,wide,DEoptim,8887,3.85693955273196e-310
91,DFT_CRT,time_and_value_scaling_t0,wide,DEoptim,8888,7.0620019949885e-311
91,DFT_CRT,time_and_value_scaling_t0,wide,DEoptim,8889,5.432309225883e-311
91,DFT_CRT,time_and_value_scaling_t0,wide,DEoptim,8890,5.43230925396e-312
91,DFT_CRT,time_and_value_scaling_t0,wide,DEoptim,8891,1.086461848642e-311
91,DFT_CRT,time_and_value_scaling_t0,wide,DEoptim,8892,4.8063e-320
91,DFT_CRT,time_and_value_scaling_t0,wide,DEoptim,8893,2.172923690075e-311
91,DFT_CRT,time_and_value_scaling_t0,wide,DEoptim,8894,3.91126264498067e-310
91,DFT_CRT,time_and_value_scaling_t0,wide,DEoptim,8895,1.38685156914453e-309
91,DFT_CRT,time_and_value_scaling_t0,wide,DEoptim,8896,7.0620019949885e-311
91,DFT_CRT,time_and_value_scaling_t0,wide,DEoptim,8897,5.432309225883e-311
91,DFT_CRT,time_and_value_scaling_t0,wide,DEoptim,8898,5.43230925396e-312
91,DFT_CRT,time_and_value_scaling_t0,wide,DEoptim,8899,1.086461848642e-311
91,DFT_CRT,time_and_value_scaling_t0,wide,DEoptim,8900,4.8063e-320
91,DFT_CRT,time_and_value_scaling_t0,wide,DEoptim,8901,2.172923690075e-311
91,DFT_CRT,time_and_value_scaling_t0,wide,DEoptim,8902,3.9655857372294e-310
91,DFT_CRT,time_and_value_scaling_t0,wide,DEoptim,8903,1.38680912922871e-309
91,DFT_CRT,time_and_value_scaling_t0,wide,DEoptim,8904,7.0620019949885e-311
91,DFT_CRT,time_and_value_scaling_t0,wide,DEoptim,8905,5.432309225377e-311
91,DFT_CRT,time_and_value_scaling_t0,wide,DEoptim,8906,2.5296e-320
91,DFT_CRT,time_and_value_scaling_t0,wide,DEoptim,8907,1.629692767588e-311
91,DFT_CRT,time_and_value_scaling_t0,wide,DEoptim,8908,1.385281292259214e-309
91,DFT_CRT,time_and_value_scaling_t0,wide,DEoptim,8909,3.9655857372294e-310
91,DFT_CRT,time_and_value_scaling_t0,wide,DEoptim,8910,7.0683679813496e-311
91,DFT_CRT,time_and_value_scaling_t0,wide,DEoptim,8911,4.145029e-317
91,DFT_CRT,time_and_value_scaling_t0,wide,DEoptim,8912,5.432309226136e-312
91,DFT_CRT,time_and_value_scaling_t0,wide,DEoptim,8913,1.0949498282646e-311
91,DFT_CRT,time_and_value_scaling_t0,wide,DEoptim,8914,8.691694792161e-311
91,DFT_CRT,time_and_value_scaling_t0,wide,DEoptim,8915,4.8891114586947e-311
91,DFT_CRT,time_and_value_scaling_t0,wide,DEoptim,8916,7497795326462078e232
91,DFT_CRT,time_and_value_scaling_t0,wide,DEoptim,8917,59927003901658496e159
91,DFT_CRT,time_and_value_scaling_t0,wide,DEoptim,8918,1.379806543269535e-309
91,DFT_CRT,time_and_value_scaling_t0,wide,DEoptim,8919,7.0683679813496e-311
91,DFT_CRT,time_and_value_scaling_t0,wide,DEoptim,8920,4.145535e-317
91,DFT_CRT,time_and_value_scaling_t0,wide,DEoptim,8921,0
91,DFT_CRT,time_and_value_scaling_t0,wide,DEoptim,8922,0
91,DFT_CRT,time_and_value_scaling_t0,wide,DEoptim,8923,0
91,DFT_CRT,time_and_value_scaling_t0,wide,DEoptim,8924,1.094949828138e-311
91,DFT_CRT,time_and_value_scaling_t0,wide,DEoptim,8925,8.691694792161e-311
91,DFT_CRT,time_and_value_scaling_t0,wide,DEoptim,8926,4.8891114586947e-311
91,DFT_CRT,time_and_value_scaling_t0,wide,DEoptim,8927,7497795326462078e232
91,DFT_CRT,time_and_value_scaling_t0,wide,DEoptim,8928,59927003901658496e159
91,DFT_CRT,time_and_value_scaling_t0,wide,DEoptim,8929,1.379806543269535e-309
91,DFT_CRT,time_and_value_scaling_t0,wide,DEoptim,8930,7.0683679813496e-311
91,DFT_CRT,time_and_value_scaling_t0,wide,DEoptim,8931,4.145535e-317
91,DFT_CRT,time_and_value_scaling_t0,wide,DEoptim,8932,0
91,DFT_CRT,time_and_value_scaling_t0,wide,DEoptim,8933,0
91,DFT_CRT,time_and_value_scaling_t0,wide,DEoptim,8934,0
91,DFT_CRT,time_and_value_scaling_t0,wide,DEoptim,8935,1.094949828138e-311
91,DFT_CRT,time_and_value_scaling_t0,wide,DEoptim,8936,8.691694792161e-311
91,DFT_CRT,time_and_value_scaling_t0,wide,DEoptim,8937,4.8891114586947e-311
91,DFT_CRT,time_and_value_scaling_t0,wide,DEoptim,8938,7497795326462078e232
91,DFT_CRT,time_and_value_scaling_t0,wide,DEoptim,8939,59927003901658496e159
91,DFT_CRT,time_and_value_scaling_t0,wide,DEoptim,8940,1.379806543269535e-309
91,DFT_CRT,time_and_value_scaling_t0,wide,DEoptim,8941,1.38683034918662e-309
91,DFT_CRT,time_and_value_scaling_t0,wide,DEoptim,8942,3.80261646048325e-310
91,DFT_CRT,time_and_value_scaling_t0,wide,DEoptim,8943,1.38687278910244e-309
91,DFT_CRT,time_and_value_scaling_t0,wide,DEoptim,8944,4.0742319217268e-310
91,DFT_CRT,time_and_value_scaling_t0,wide,DEoptim,8945,7.0620019949885e-311
91,DFT_CRT,time_and_value_scaling_t0,wide,DEoptim,8946,5.432309225377e-311
91,DFT_CRT,time_and_value_scaling_t0,wide,DEoptim,8947,2.5296e-320
91,DFT_CRT,time_and_value_scaling_t0,wide,DEoptim,8948,1.629692767588e-311
91,DFT_CRT,time_and_value_scaling_t0,wide,DEoptim,8949,1.38683034918662e-309
91,DFT_CRT,time_and_value_scaling_t0,wide,DEoptim,8950,4.0742319217268e-310
91,DFT_CRT,time_and_value_scaling_t0,wide,DEoptim,8951,7.0683679813496e-311
91,DFT_CRT,time_and_value_scaling_t0,wide,DEoptim,8952,4.145029e-317
91,DFT_CRT,time_and_value_scaling_t0,wide,DEoptim,8953,5.432309226136e-312
91,DFT_CRT,time_and_value_scaling_t0,wide,DEoptim,8954,1.0949498282646e-311
91,DFT_CRT,time_and_value_scaling_t0,wide,DEoptim,8955,8.691694792161e-311
91,DFT_CRT,time_and_value_scaling_t0,wide,DEoptim,8956,4.8891114586947e-311
91,DFT_CRT,time_and_value_scaling_t0,wide,DEoptim,8957,7497795326462078e232
91,DFT_CRT,time_and_value_scaling_t0,wide,DEoptim,8958,59927003901658496e159
91,DFT_CRT,time_and_value_scaling_t0,wide,DEoptim,8959,1.379806543269535e-309
91,DFT_CRT,time_and_value_scaling_t0,wide,DEoptim,8960,4.0199088294781e-310
91,DFT_CRT,time_and_value_scaling_t0,wide,DEoptim,8961,1.386894009060347e-309
91,DFT_CRT,time_and_value_scaling_t0,wide,DEoptim,8962,4.1285550139755e-310
91,DFT_CRT,time_and_value_scaling_t0,wide,DEoptim,8963,8.6916947618174e-311
91,DFT_CRT,time_and_value_scaling_t0,wide,DEoptim,8964,4.8891114586947e-311
91,DFT_CRT,time_and_value_scaling_t0,wide,DEoptim,8965,21177615544175822e145
91,DFT_CRT,time_and_value_scaling_t0,wide,DEoptim,8966,14692199778597156e179
91,DFT_CRT,time_and_value_scaling_t0,wide,DEoptim,8967,2.441412874917303e-152
91,DFT_CRT,time_and_value_scaling_t0,wide,DEoptim,8968,5028017400959124e208
91,DFT_CRT,time_and_value_scaling_t0,wide,DEoptim,8969,6973024681642479e237
91,DFT_CRT,time_and_value_scaling_t0,wide,DEoptim,8970,1.277346576827268e-152
91,DFT_CRT,time_and_value_scaling_t0,wide,DEoptim,8971,1.6933723690327994e-152
91,DFT_CRT,time_and_value_scaling_t0,wide,DEoptim,8972,1.76134635654846e-310
91,DFT_CRT,time_and_value_scaling_t0,wide,DEoptim,8973,8.6916947618174e-311
91,DFT_CRT,time_and_value_scaling_t0,wide,DEoptim,8974,4.8891114586947e-311
91,DFT_CRT,time_and_value_scaling_t0,wide,DEoptim,8975,5267485055761639e155
91,DFT_CRT,time_and_value_scaling_t0,wide,DEoptim,8976,1.7507422219808e-310
91,DFT_CRT,time_and_value_scaling_t0,wide,DEoptim,8977,7.0620019949885e-311
91,DFT_CRT,time_and_value_scaling_t0,wide,DEoptim,8978,5.432309225377e-311
91,DFT_CRT,time_and_value_scaling_t0,wide,DEoptim,8979,2.5296e-320
91,DFT_CRT,time_and_value_scaling_t0,wide,DEoptim,8980,1.629692767588e-311
91,DFT_CRT,time_and_value_scaling_t0,wide,DEoptim,8981,1.3867879092708e-309
91,DFT_CRT,time_and_value_scaling_t0,wide,DEoptim,8982,4.1285550139755e-310
91,DFT_CRT,time_and_value_scaling_t0,wide,DEoptim,8983,7.0683679813496e-311
91,DFT_CRT,time_and_value_scaling_t0,wide,DEoptim,8984,4.145029e-317
91,DFT_CRT,time_and_value_scaling_t0,wide,DEoptim,8985,5.432309226136e-312
91,DFT_CRT,time_and_value_scaling_t0,wide,DEoptim,8986,1.0949498282646e-311
91,DFT_CRT,time_and_value_scaling_t0,wide,DEoptim,8987,8.691694792161e-311
91,DFT_CRT,time_and_value_scaling_t0,wide,DEoptim,8988,4.8891114586947e-311
91,DFT_CRT,time_and_value_scaling_t0,wide,DEoptim,8989,7497795326462078e232
91,DFT_CRT,time_and_value_scaling_t0,wide,DEoptim,8990,59927003901658496e159
91,DFT_CRT,time_and_value_scaling_t0,wide,DEoptim,8991,1.379806543269535e-309
91,DFT_CRT,time_and_value_scaling_t0,wide,DEoptim,8992,8.6916947618174e-311
91,DFT_CRT,time_and_value_scaling_t0,wide,DEoptim,8993,4.8891114586947e-311
91,DFT_CRT,time_and_value_scaling_t0,wide,DEoptim,8994,5304794515782822e165
91,DFT_CRT,time_and_value_scaling_t0,wide,DEoptim,8995,7628614489872147e213
91,DFT_CRT,time_and_value_scaling_t0,wide,DEoptim,8996,7628736193131874e213
91,DFT_CRT,time_and_value_scaling_t0,wide,DEoptim,8997,2.2250738595556166e-308
91,DFT_CRT,time_and_value_scaling_t0,wide,DEoptim,8998,1.390671166747655e-309
91,DFT_CRT,time_and_value_scaling_t0,wide,DEoptim,8999,11070284016371018e245
91,DFT_CRT,time_and_value_scaling_t0,wide,DEoptim,9000,6622781494909247e250
91,DFT_CRT,time_and_value_scaling_t0,wide,DEoptim,9001,23562539231137263e235
91,DFT_CRT,time_and_value_scaling_t0,wide,DEoptim,9002,17143120207493765e145
91,DFT_CRT,time_and_value_scaling_t0,wide,DEoptim,9003,2.3206609971246775e-152
91,DFT_CRT,time_and_value_scaling_t0,wide,DEoptim,9004,4.45619116295e-313
91,DFT_CRT,time_and_value_scaling_t0,wide,DEoptim,9005,8.4879831703e-314
91,DFT_CRT,time_and_value_scaling_t0,wide,DEoptim,9006,4.2439915824e-313
91,DFT_CRT,time_and_value_scaling_t0,wide,DEoptim,9007,2.121995791e-314
91,DFT_CRT,time_and_value_scaling_t0,wide,DEoptim,9008,1915621252959409e38
91,DFT_CRT,time_and_value_scaling_t0,wide,DEoptim,9009,5.156449773305e-312
91,DFT_CRT,time_and_value_scaling_t0,wide,DEoptim,9010,3.1315518862806025e-294
91,DFT_CRT,time_and_value_scaling_t0,wide,DEoptim,9011,6.95420460615203e-310
91,DFT_CRT,time_and_value_scaling_t0,wide,DEoptim,9012,2.121995791e-314
91,DFT_CRT,time_and_value_scaling_t0,wide,DEoptim,9013,2.0522703578448527e-289
91,DFT_CRT,time_and_value_scaling_t0,wide,DEoptim,9014,5.430319853827e-312
91,DFT_CRT,time_and_value_scaling_t0,wide,DEoptim,9015,5.56270586622599e-309
91,DFT_CRT,time_and_value_scaling_t0,wide,DEoptim,9016,6059732824249193e218
91,DFT_CRT,time_and_value_scaling_t0,wide,DEoptim,9017,1064002501037983e233
91,DFT_CRT,time_and_value_scaling_t0,wide,DEoptim,9018,2.554799404253e-312
91,DFT_CRT,time_and_value_scaling_t0,wide,DEoptim,9019,3.3951932781e-313
91,DFT_CRT,time_and_value_scaling_t0,wide,DEoptim,9020,5.56270586622599e-309
91,DFT_CRT,time_and_value_scaling_t0,wide,DEoptim,9021,4.49252821695157e-308
91,DFT_CRT,time_and_value_scaling_t0,wide,DEoptim,9022,2.225073859025267e-308
91,DFT_CRT,time_and_value_scaling_t0,wide,DEoptim,9023,1.2516125334258437e-308
91,DFT_CRT,time_and_value_scaling_t0,wide,DEoptim,9024,21123620922986384e246
91,DFT_CRT,time_and_value_scaling_t0,wide,DEoptim,9025,2.4320754225891624e-152
91,DFT_CRT,time_and_value_scaling_t0,wide,DEoptim,9026,15138740211278844e227
91,DFT_CRT,time_and_value_scaling_t0,wide,DEoptim,9027,11670741161214417e184
91,DFT_CRT,time_and_value_scaling_t0,wide,DEoptim,9028,7.291123145429527e-304
91,DFT_CRT,time_and_value_scaling_t0,wide,DEoptim,9029,7.291128954132543e-304
91,DFT_CRT,time_and_value_scaling_t0,wide,DEoptim,9030,-8739908190098242e230
91,DFT_CRT,time_and_value_scaling_t0,wide,DEoptim,9031,1.557374657837665e-207
91,DFT_CRT,time_and_value_scaling_t0,wide,DEoptim,9032,2.0522685000380304e-289
91,DFT_CRT,time_and_value_scaling_t0,wide,DEoptim,9033,2.3763645463954244e-212
91,DFT_CRT,time_and_value_scaling_t0,wide,DEoptim,9034,7.291122019556398e-304
91,DFT_CRT,time_and_value_scaling_t0,wide,DEoptim,9035,7.291122101041036e-304
91,DFT_CRT,time_and_value_scaling_t0,wide,DEoptim,9036,-8739908180178024e230
91,DFT_CRT,time_and_value_scaling_t0,wide,DEoptim,9037,4.57671278100492e-246
91,DFT_CRT,time_and_value_scaling_t0,wide,DEoptim,9038,2.0522685001276237e-289
91,DFT_CRT,time_and_value_scaling_t0,wide,DEoptim,9039,7.291122019556605e-304
91,DFT_CRT,time_and_value_scaling_t0,wide,DEoptim,9040,7.291122046717944e-304
91,DFT_CRT,time_and_value_scaling_t0,wide,DEoptim,9041,-13482698578959855e292
91,DFT_CRT,time_and_value_scaling_t0,wide,DEoptim,9042,7.291122454141135e-304
91,DFT_CRT,time_and_value_scaling_t0,wide,DEoptim,9043,1.2882297971109878e-231
91,DFT_CRT,time_and_value_scaling_t0,wide,DEoptim,9044,9305374649344273e184
91,DFT_CRT,time_and_value_scaling_t0,wide,DEoptim,9045,9041151394227776e256
91,DFT_CRT,time_and_value_scaling_t0,wide,DEoptim,9046,1.557375684733439e-207
91,DFT_CRT,time_and_value_scaling_t0,wide,DEoptim,9047,2.0522685000380304e-289
91,DFT_CRT,time_and_value_scaling_t0,wide,DEoptim,9048,2.3763645463954244e-212
91,DFT_CRT,time_and_value_scaling_t0,wide,DEoptim,9049,7.291122019556398e-304
91,DFT_CRT,time_and_value_scaling_t0,wide,DEoptim,9050,7.291122101041036e-304
91,DFT_CRT,time_and_value_scaling_t0,wide,DEoptim,9051,-873990818946233e231
91,DFT_CRT,time_and_value_scaling_t0,wide,DEoptim,9052,4.57671278100492e-246
91,DFT_CRT,time_and_value_scaling_t0,wide,DEoptim,9053,2.0522685001276237e-289
91,DFT_CRT,time_and_value_scaling_t0,wide,DEoptim,9054,7.291122019556605e-304
91,DFT_CRT,time_and_value_scaling_t0,wide,DEoptim,9055,7.291122046717944e-304
91,DFT_CRT,time_and_value_scaling_t0,wide,DEoptim,9056,-13482698578959855e292
91,DFT_CRT,time_and_value_scaling_t0,wide,DEoptim,9057,7.291122454141135e-304
91,DFT_CRT,time_and_value_scaling_t0,wide,DEoptim,9058,1.2882297971109878e-231
91,DFT_CRT,time_and_value_scaling_t0,wide,DEoptim,9059,9305374649344273e184
91,DFT_CRT,time_and_value_scaling_t0,wide,DEoptim,9060,9041151394227776e256
91,DFT_CRT,time_and_value_scaling_t0,wide,DEoptim,9061,7.291128918589113e-304
91,DFT_CRT,time_and_value_scaling_t0,wide,DEoptim,9062,-8739908190225424e230
91,DFT_CRT,time_and_value_scaling_t0,wide,DEoptim,9063,-8739902449598756e230
91,DFT_CRT,time_and_value_scaling_t0,wide,DEoptim,9064,-8739902417040092e230
91,DFT_CRT,time_and_value_scaling_t0,wide,DEoptim,9065,-873990248215742e231
91,DFT_CRT,time_and_value_scaling_t0,wide,DEoptim,9066,7.291124219641634e-304
91,DFT_CRT,time_and_value_scaling_t0,wide,DEoptim,9067,-8739908190352607e230
91,DFT_CRT,time_and_value_scaling_t0,wide,DEoptim,9068,1.5573746926476912e-207
91,DFT_CRT,time_and_value_scaling_t0,wide,DEoptim,9069,3.785767179073733e-270
91,DFT_CRT,time_and_value_scaling_t0,wide,DEoptim,9070,6.688871553526807e-198
91,DFT_CRT,time_and_value_scaling_t0,wide,DEoptim,9071,5.299469847120044e-169
91,DFT_CRT,time_and_value_scaling_t0,wide,DEoptim,9072,1.1818212718818288e-125
91,DFT_CRT,time_and_value_scaling_t0,wide,DEoptim,9073,7.291122019556398e-304
91,DFT_CRT,time_and_value_scaling_t0,wide,DEoptim,9074,-873990000769894e231
91,DFT_CRT,time_and_value_scaling_t0,wide,DEoptim,9075,7.291124301126272e-304
91,DFT_CRT,time_and_value_scaling_t0,wide,DEoptim,9076,1.5573756918948767e-207
91,DFT_CRT,time_and_value_scaling_t0,wide,DEoptim,9077,2.0522685000380304e-289
91,DFT_CRT,time_and_value_scaling_t0,wide,DEoptim,9078,2.3763645463954244e-212
91,DFT_CRT,time_and_value_scaling_t0,wide,DEoptim,9079,7.291122019556398e-304
91,DFT_CRT,time_and_value_scaling_t0,wide,DEoptim,9080,7.291122101041036e-304
91,DFT_CRT,time_and_value_scaling_t0,wide,DEoptim,9081,-873990818946233e231
91,DFT_CRT,time_and_value_scaling_t0,wide,DEoptim,9082,4.576712900351972e-246
91,DFT_CRT,time_and_value_scaling_t0,wide,DEoptim,9083,2.0522685001276237e-289
91,DFT_CRT,time_and_value_scaling_t0,wide,DEoptim,9084,7.291122019556605e-304
91,DFT_CRT,time_and_value_scaling_t0,wide,DEoptim,9085,7.291122046717944e-304
91,DFT_CRT,time_and_value_scaling_t0,wide,DEoptim,9086,-13482698578959855e292
91,DFT_CRT,time_and_value_scaling_t0,wide,DEoptim,9087,7.291122454141135e-304
91,DFT_CRT,time_and_value_scaling_t0,wide,DEoptim,9088,1.2882297971109878e-231
91,DFT_CRT,time_and_value_scaling_t0,wide,DEoptim,9089,9305374649344273e184
91,DFT_CRT,time_and_value_scaling_t0,wide,DEoptim,9090,9041151394227776e256
91,DFT_CRT,time_and_value_scaling_t0,wide,DEoptim,9091,4.576715798780373e-246
91,DFT_CRT,time_and_value_scaling_t0,wide,DEoptim,9092,3.785767179239003e-270
91,DFT_CRT,time_and_value_scaling_t0,wide,DEoptim,9093,6.3e-322
91,DFT_CRT,time_and_value_scaling_t0,wide,DEoptim,9094,0
91,DFT_CRT,time_and_value_scaling_t0,wide,DEoptim,9095,0
91,DFT_CRT,time_and_value_scaling_t0,wide,DEoptim,9096,0
91,DFT_CRT,time_and_value_scaling_t0,wide,DEoptim,9097,-13482698578959855e292
91,DFT_CRT,time_and_value_scaling_t0,wide,DEoptim,9098,7.291122454141135e-304
91,DFT_CRT,time_and_value_scaling_t0,wide,DEoptim,9099,1.2882297971109878e-231
91,DFT_CRT,time_and_value_scaling_t0,wide,DEoptim,9100,9305374649344273e184
91,DFT_CRT,time_and_value_scaling_t0,wide,DEoptim,9101,9041151394227776e256
91,DFT_CRT,time_and_value_scaling_t0,wide,DEoptim,9102,-8739908147364995e230
91,DFT_CRT,time_and_value_scaling_t0,wide,DEoptim,9103,7.29112424680318e-304
91,DFT_CRT,time_and_value_scaling_t0,wide,DEoptim,9104,-8739908190479789e230
91,DFT_CRT,time_and_value_scaling_t0,wide,DEoptim,9105,1.5573747100527043e-207
91,DFT_CRT,time_and_value_scaling_t0,wide,DEoptim,9106,2.0522685000380304e-289
91,DFT_CRT,time_and_value_scaling_t0,wide,DEoptim,9107,2.3763645463954244e-212
91,DFT_CRT,time_and_value_scaling_t0,wide,DEoptim,9108,7.291122019556398e-304
91,DFT_CRT,time_and_value_scaling_t0,wide,DEoptim,9109,7.291122101041036e-304
91,DFT_CRT,time_and_value_scaling_t0,wide,DEoptim,9110,-8739908180813935e230
91,DFT_CRT,time_and_value_scaling_t0,wide,DEoptim,9111,4.57671293445113e-246
91,DFT_CRT,time_and_value_scaling_t0,wide,DEoptim,9112,2.0522685001276237e-289
91,DFT_CRT,time_and_value_scaling_t0,wide,DEoptim,9113,7.291122019556605e-304
91,DFT_CRT,time_and_value_scaling_t0,wide,DEoptim,9114,7.291122046717944e-304
91,DFT_CRT,time_and_value_scaling_t0,wide,DEoptim,9115,-13482698578959855e292
91,DFT_CRT,time_and_value_scaling_t0,wide,DEoptim,9116,7.291122454141135e-304
91,DFT_CRT,time_and_value_scaling_t0,wide,DEoptim,9117,1.2882297971109878e-231
91,DFT_CRT,time_and_value_scaling_t0,wide,DEoptim,9118,9305374649344273e184
91,DFT_CRT,time_and_value_scaling_t0,wide,DEoptim,9119,9041151394227776e256
91,DFT_CRT,time_and_value_scaling_t0,wide,DEoptim,9120,1.557375684733439e-207
91,DFT_CRT,time_and_value_scaling_t0,wide,DEoptim,9121,3.785767179073733e-270
91,DFT_CRT,time_and_value_scaling_t0,wide,DEoptim,9122,6.688871553526807e-198
91,DFT_CRT,time_and_value_scaling_t0,wide,DEoptim,9123,5.299469847120044e-169
91,DFT_CRT,time_and_value_scaling_t0,wide,DEoptim,9124,1.1818212718818288e-125
91,DFT_CRT,time_and_value_scaling_t0,wide,DEoptim,9125,7.291122019556398e-304
91,DFT_CRT,time_and_value_scaling_t0,wide,DEoptim,9126,-873990000769894e231
91,DFT_CRT,time_and_value_scaling_t0,wide,DEoptim,9127,7.29112438261091e-304
91,DFT_CRT,time_and_value_scaling_t0,wide,DEoptim,9128,1.5573756923934578e-207
91,DFT_CRT,time_and_value_scaling_t0,wide,DEoptim,9129,2.0522685000380304e-289
91,DFT_CRT,time_and_value_scaling_t0,wide,DEoptim,9130,2.3763645463954244e-212
91,DFT_CRT,time_and_value_scaling_t0,wide,DEoptim,9131,7.291122019556398e-304
91,DFT_CRT,time_and_value_scaling_t0,wide,DEoptim,9132,7.291122101041036e-304
91,DFT_CRT,time_and_value_scaling_t0,wide,DEoptim,9133,-8739908188953602e230
91,DFT_CRT,time_and_value_scaling_t0,wide,DEoptim,9134,4.576712951500709e-246
91,DFT_CRT,time_and_value_scaling_t0,wide,DEoptim,9135,2.0522685001276237e-289
91,DFT_CRT,time_and_value_scaling_t0,wide,DEoptim,9136,7.291122019556605e-304
91,DFT_CRT,time_and_value_scaling_t0,wide,DEoptim,9137,7.291122046717944e-304
91,DFT_CRT,time_and_value_scaling_t0,wide,DEoptim,9138,-13482698578959855e292
91,DFT_CRT,time_and_value_scaling_t0,wide,DEoptim,9139,7.291122454141135e-304
91,DFT_CRT,time_and_value_scaling_t0,wide,DEoptim,9140,1.2882297971109878e-231
91,DFT_CRT,time_and_value_scaling_t0,wide,DEoptim,9141,9305374649344273e184
91,DFT_CRT,time_and_value_scaling_t0,wide,DEoptim,9142,9041151394227776e256
91,DFT_CRT,time_and_value_scaling_t0,wide,DEoptim,9143,4.576715798780373e-246
91,DFT_CRT,time_and_value_scaling_t0,wide,DEoptim,9144,3.785767179239003e-270
91,DFT_CRT,time_and_value_scaling_t0,wide,DEoptim,9145,6.3e-322
91,DFT_CRT,time_and_value_scaling_t0,wide,DEoptim,9146,0
91,DFT_CRT,time_and_value_scaling_t0,wide,DEoptim,9147,0
91,DFT_CRT,time_and_value_scaling_t0,wide,DEoptim,9148,0
91,DFT_CRT,time_and_value_scaling_t0,wide,DEoptim,9149,-13482698578959855e292
91,DFT_CRT,time_and_value_scaling_t0,wide,DEoptim,9150,7.291122454141135e-304
91,DFT_CRT,time_and_value_scaling_t0,wide,DEoptim,9151,1.2882297971109878e-231
91,DFT_CRT,time_and_value_scaling_t0,wide,DEoptim,9152,9305374649344273e184
91,DFT_CRT,time_and_value_scaling_t0,wide,DEoptim,9153,9041151394227776e256
91,DFT_CRT,time_and_value_scaling_t0,wide,DEoptim,9154,-8739908147364995e230
91,DFT_CRT,time_and_value_scaling_t0,wide,DEoptim,9155,7.04568915e-315
91,DFT_CRT,time_and_value_scaling_t0,wide,DEoptim,9156,-8739908147364995e230
91,DFT_CRT,time_and_value_scaling_t0,wide,DEoptim,9157,7.291124409772456e-304
91,DFT_CRT,time_and_value_scaling_t0,wide,DEoptim,9158,-8739908190606971e230
91,DFT_CRT,time_and_value_scaling_t0,wide,DEoptim,9159,1.5573747274577175e-207
91,DFT_CRT,time_and_value_scaling_t0,wide,DEoptim,9160,2.0522685000380304e-289
91,DFT_CRT,time_and_value_scaling_t0,wide,DEoptim,9161,2.3763645463954244e-212
91,DFT_CRT,time_and_value_scaling_t0,wide,DEoptim,9162,7.291122019556398e-304
91,DFT_CRT,time_and_value_scaling_t0,wide,DEoptim,9163,7.291122101041036e-304
91,DFT_CRT,time_and_value_scaling_t0,wide,DEoptim,9164,-8739908180941118e230
91,DFT_CRT,time_and_value_scaling_t0,wide,DEoptim,9165,4.576712985599866e-246
91,DFT_CRT,time_and_value_scaling_t0,wide,DEoptim,9166,2.0522685001276237e-289
91,DFT_CRT,time_and_value_scaling_t0,wide,DEoptim,9167,7.291122019556605e-304
91,DFT_CRT,time_and_value_scaling_t0,wide,DEoptim,9168,7.291122046717944e-304
91,DFT_CRT,time_and_value_scaling_t0,wide,DEoptim,9169,-13482698578959855e292
91,DFT_CRT,time_and_value_scaling_t0,wide,DEoptim,9170,7.291122454141135e-304
91,DFT_CRT,time_and_value_scaling_t0,wide,DEoptim,9171,1.2882297971109878e-231
91,DFT_CRT,time_and_value_scaling_t0,wide,DEoptim,9172,9305374649344273e184
91,DFT_CRT,time_and_value_scaling_t0,wide,DEoptim,9173,9041151394227776e256
91,DFT_CRT,time_and_value_scaling_t0,wide,DEoptim,9174,7.291128918589113e-304
91,DFT_CRT,time_and_value_scaling_t0,wide,DEoptim,9175,-8739908190861336e230
91,DFT_CRT,time_and_value_scaling_t0,wide,DEoptim,9176,1.5573747390610595e-207
91,DFT_CRT,time_and_value_scaling_t0,wide,DEoptim,9177,3.785767179073733e-270
91,DFT_CRT,time_and_value_scaling_t0,wide,DEoptim,9178,6.688871553526807e-198
91,DFT_CRT,time_and_value_scaling_t0,wide,DEoptim,9179,5.299469847120044e-169
91,DFT_CRT,time_and_value_scaling_t0,wide,DEoptim,9180,1.1818212718818288e-125
91,DFT_CRT,time_and_value_scaling_t0,wide,DEoptim,9181,7.291122019556398e-304
91,DFT_CRT,time_and_value_scaling_t0,wide,DEoptim,9182,-873990000769894e231
91,DFT_CRT,time_and_value_scaling_t0,wide,DEoptim,9183,7.291124518418641e-304
91,DFT_CRT,time_and_value_scaling_t0,wide,DEoptim,9184,1.5573756923934578e-207
91,DFT_CRT,time_and_value_scaling_t0,wide,DEoptim,9185,1.96568270310488e-236
91,DFT_CRT,time_and_value_scaling_t0,wide,DEoptim,9186,6.688871553526807e-198
91,DFT_CRT,time_and_value_scaling_t0,wide,DEoptim,9187,6.406665928452613e-145
91,DFT_CRT,time_and_value_scaling_t0,wide,DEoptim,9188,6.406665976185994e-145
91,DFT_CRT,time_and_value_scaling_t0,wide,DEoptim,9189,1.1818212806870833e-125
91,DFT_CRT,time_and_value_scaling_t0,wide,DEoptim,9190,8.086349284152386e-174
91,DFT_CRT,time_and_value_scaling_t0,wide,DEoptim,9191,1.344974764351658e-284
91,DFT_CRT,time_and_value_scaling_t0,wide,DEoptim,9192,3.1498375e-315
91,DFT_CRT,time_and_value_scaling_t0,wide,DEoptim,9193,5.776622024287049e-275
91,DFT_CRT,time_and_value_scaling_t0,wide,DEoptim,9194,9526829151199195e124
91,DFT_CRT,time_and_value_scaling_t0,wide,DEoptim,9195,-10972248170287225e289
91,DFT_CRT,time_and_value_scaling_t0,wide,DEoptim,9196,6243502752529905e129
91,DFT_CRT,time_and_value_scaling_t0,wide,DEoptim,9197,1.2882298307039035e-231
91,DFT_CRT,time_and_value_scaling_t0,wide,DEoptim,9198,2.4834631584438887e-265
91,DFT_CRT,time_and_value_scaling_t0,wide,DEoptim,9199,21165348750078336e198
91,DFT_CRT,time_and_value_scaling_t0,wide,DEoptim,9200,3.39519327123e-313
91,DFT_CRT,time_and_value_scaling_t0,wide,DEoptim,9201,5.56270586622599e-309
91,DFT_CRT,time_and_value_scaling_t0,wide,DEoptim,9202,1710091756369537e199
91,DFT_CRT,time_and_value_scaling_t0,wide,DEoptim,9203,11039218801094847e145
91,DFT_CRT,time_and_value_scaling_t0,wide,DEoptim,9204,4269578030017021e242
91,DFT_CRT,time_and_value_scaling_t0,wide,DEoptim,9205,1.1407849385061e-310
91,DFT_CRT,time_and_value_scaling_t0,wide,DEoptim,9206,2.1729236915927e-311
91,DFT_CRT,time_and_value_scaling_t0,wide,DEoptim,9207,1.0864618451007e-310
91,DFT_CRT,time_and_value_scaling_t0,wide,DEoptim,9208,5.43230922487e-312
91,DFT_CRT,time_and_value_scaling_t0,wide,DEoptim,9209,5.432309228666e-312
91,DFT_CRT,time_and_value_scaling_t0,wide,DEoptim,9210,1.320051141966213e-309
91,DFT_CRT,time_and_value_scaling_t0,wide,DEoptim,9211,7.062002004095e-311
91,DFT_CRT,time_and_value_scaling_t0,wide,DEoptim,9212,2.850875881214458e-306
91,DFT_CRT,time_and_value_scaling_t0,wide,DEoptim,9213,5.43230922487e-312
91,DFT_CRT,time_and_value_scaling_t0,wide,DEoptim,9214,5.432309226136e-312
91,DFT_CRT,time_and_value_scaling_t0,wide,DEoptim,9215,1.39016188257972e-309
91,DFT_CRT,time_and_value_scaling_t0,wide,DEoptim,9216,2.052769442741057e-289
91,DFT_CRT,time_and_value_scaling_t0,wide,DEoptim,9217,8901762849639419e256
91,DFT_CRT,time_and_value_scaling_t0,wide,DEoptim,9218,908366792581525e209
91,DFT_CRT,time_and_value_scaling_t0,wide,DEoptim,9219,6.5402864748936e-310
91,DFT_CRT,time_and_value_scaling_t0,wide,DEoptim,9220,7.0620020244586e-311
91,DFT_CRT,time_and_value_scaling_t0,wide,DEoptim,9221,2.858524572603077e-306
91,DFT_CRT,time_and_value_scaling_t0,wide,DEoptim,9222,1.086461844974e-311
91,DFT_CRT,time_and_value_scaling_t0,wide,DEoptim,9223,1.086461845227e-311
91,DFT_CRT,time_and_value_scaling_t0,wide,DEoptim,9224,1.086461845227e-311
91,DFT_CRT,time_and_value_scaling_t0,wide,DEoptim,9225,1.086461845227e-311
91,DFT_CRT,time_and_value_scaling_t0,wide,DEoptim,9226,2.53e-321
91,DFT_CRT,time_and_value_scaling_t0,wide,DEoptim,9227,0
91,DFT_CRT,time_and_value_scaling_t0,wide,DEoptim,9228,0
91,DFT_CRT,time_and_value_scaling_t0,wide,DEoptim,9229,1.094949828138e-311
91,DFT_CRT,time_and_value_scaling_t0,wide,DEoptim,9230,8.691694792161e-311
91,DFT_CRT,time_and_value_scaling_t0,wide,DEoptim,9231,4.8891114586947e-311
91,DFT_CRT,time_and_value_scaling_t0,wide,DEoptim,9232,7497795326462078e232
91,DFT_CRT,time_and_value_scaling_t0,wide,DEoptim,9233,59927003901658496e159
91,DFT_CRT,time_and_value_scaling_t0,wide,DEoptim,9234,1.379806543269535e-309
91,DFT_CRT,time_and_value_scaling_t0,wide,DEoptim,9235,7.0683679813496e-311
91,DFT_CRT,time_and_value_scaling_t0,wide,DEoptim,9236,4.145535e-317
91,DFT_CRT,time_and_value_scaling_t0,wide,DEoptim,9237,0
91,DFT_CRT,time_and_value_scaling_t0,wide,DEoptim,9238,0
91,DFT_CRT,time_and_value_scaling_t0,wide,DEoptim,9239,0
91,DFT_CRT,time_and_value_scaling_t0,wide,DEoptim,9240,1.094949828138e-311
91,DFT_CRT,time_and_value_scaling_t0,wide,DEoptim,9241,8.691694792161e-311
91,DFT_CRT,time_and_value_scaling_t0,wide,DEoptim,9242,4.8891114586947e-311
91,DFT_CRT,time_and_value_scaling_t0,wide,DEoptim,9243,7497795326462078e232
91,DFT_CRT,time_and_value_scaling_t0,wide,DEoptim,9244,59927003901658496e159
91,DFT_CRT,time_and_value_scaling_t0,wide,DEoptim,9245,1.379806543269535e-309
91,DFT_CRT,time_and_value_scaling_t0,wide,DEoptim,9246,1.387042548765715e-309
91,DFT_CRT,time_and_value_scaling_t0,wide,DEoptim,9247,4.88907830545747e-310
91,DFT_CRT,time_and_value_scaling_t0,wide,DEoptim,9248,5.16069376670103e-310
91,DFT_CRT,time_and_value_scaling_t0,wide,DEoptim,9249,1.38680912922871e-309
91,DFT_CRT,time_and_value_scaling_t0,wide,DEoptim,9250,5.26933995119845e-310
91,DFT_CRT,time_and_value_scaling_t0,wide,DEoptim,9251,7.0620019949885e-311
91,DFT_CRT,time_and_value_scaling_t0,wide,DEoptim,9252,5.432309225377e-311
91,DFT_CRT,time_and_value_scaling_t0,wide,DEoptim,9253,2.5296e-320
91,DFT_CRT,time_and_value_scaling_t0,wide,DEoptim,9254,1.629692767588e-311
91,DFT_CRT,time_and_value_scaling_t0,wide,DEoptim,9255,1.385281292259214e-309
91,DFT_CRT,time_and_value_scaling_t0,wide,DEoptim,9256,5.26933995119845e-310
91,DFT_CRT,time_and_value_scaling_t0,wide,DEoptim,9257,7.0683679813496e-311
91,DFT_CRT,time_and_value_scaling_t0,wide,DEoptim,9258,4.145029e-317
91,DFT_CRT,time_and_value_scaling_t0,wide,DEoptim,9259,5.432309226136e-312
91,DFT_CRT,time_and_value_scaling_t0,wide,DEoptim,9260,1.0949498282646e-311
91,DFT_CRT,time_and_value_scaling_t0,wide,DEoptim,9261,8.691694792161e-311
91,DFT_CRT,time_and_value_scaling_t0,wide,DEoptim,9262,4.8891114586947e-311
91,DFT_CRT,time_and_value_scaling_t0,wide,DEoptim,9263,7497795326462078e232
91,DFT_CRT,time_and_value_scaling_t0,wide,DEoptim,9264,59927003901658496e159
91,DFT_CRT,time_and_value_scaling_t0,wide,DEoptim,9265,1.379806543269535e-309
91,DFT_CRT,time_and_value_scaling_t0,wide,DEoptim,9266,5.21501685894974e-310
91,DFT_CRT,time_and_value_scaling_t0,wide,DEoptim,9267,1.387106208639444e-309
91,DFT_CRT,time_and_value_scaling_t0,wide,DEoptim,9268,5.32366304344716e-310
91,DFT_CRT,time_and_value_scaling_t0,wide,DEoptim,9269,5.4323092279446e-310
91,DFT_CRT,time_and_value_scaling_t0,wide,DEoptim,9270,7.0620019949885e-311
91,DFT_CRT,time_and_value_scaling_t0,wide,DEoptim,9271,5.432309226389e-311
91,DFT_CRT,time_and_value_scaling_t0,wide,DEoptim,9272,5.43230925396e-312
91,DFT_CRT,time_and_value_scaling_t0,wide,DEoptim,9273,1.086461848642e-311
91,DFT_CRT,time_and_value_scaling_t0,wide,DEoptim,9274,1.6296927717617e-311
91,DFT_CRT,time_and_value_scaling_t0,wide,DEoptim,9275,2.172923694249e-311
91,DFT_CRT,time_and_value_scaling_t0,wide,DEoptim,9276,4.8063e-320
91,DFT_CRT,time_and_value_scaling_t0,wide,DEoptim,9277,3.259385535049e-311
91,DFT_CRT,time_and_value_scaling_t0,wide,DEoptim,9278,5.4866323201933e-310
91,DFT_CRT,time_and_value_scaling_t0,wide,DEoptim,9279,1.387148648555263e-309
91,DFT_CRT,time_and_value_scaling_t0,wide,DEoptim,9280,7.0620019949885e-311
91,DFT_CRT,time_and_value_scaling_t0,wide,DEoptim,9281,5.432309225377e-311
91,DFT_CRT,time_and_value_scaling_t0,wide,DEoptim,9282,2.5296e-320
91,DFT_CRT,time_and_value_scaling_t0,wide,DEoptim,9283,1.629692767588e-311
91,DFT_CRT,time_and_value_scaling_t0,wide,DEoptim,9284,1.385281292259214e-309
91,DFT_CRT,time_and_value_scaling_t0,wide,DEoptim,9285,5.4866323201933e-310
91,DFT_CRT,time_and_value_scaling_t0,wide,DEoptim,9286,7.0683679813496e-311
91,DFT_CRT,time_and_value_scaling_t0,wide,DEoptim,9287,4.145029e-317
91,DFT_CRT,time_and_value_scaling_t0,wide,DEoptim,9288,5.432309226136e-312
91,DFT_CRT,time_and_value_scaling_t0,wide,DEoptim,9289,1.0949498282646e-311
91,DFT_CRT,time_and_value_scaling_t0,wide,DEoptim,9290,8.691694792161e-311
91,DFT_CRT,time_and_value_scaling_t0,wide,DEoptim,9291,4.8891114586947e-311
91,DFT_CRT,time_and_value_scaling_t0,wide,DEoptim,9292,7497795326462078e232
91,DFT_CRT,time_and_value_scaling_t0,wide,DEoptim,9293,59927003901658496e159
91,DFT_CRT,time_and_value_scaling_t0,wide,DEoptim,9294,1.379806543269535e-309
91,DFT_CRT,time_and_value_scaling_t0,wide,DEoptim,9295,8.6916947618174e-311
91,DFT_CRT,time_and_value_scaling_t0,wide,DEoptim,9296,4.8891114586947e-311
91,DFT_CRT,time_and_value_scaling_t0,wide,DEoptim,9297,6.32385118266907e-310
91,DFT_CRT,time_and_value_scaling_t0,wide,DEoptim,9298,8.6916947618174e-311
91,DFT_CRT,time_and_value_scaling_t0,wide,DEoptim,9299,4.8891114586947e-311
91,DFT_CRT,time_and_value_scaling_t0,wide,DEoptim,9300,4.576713180405145e-246
91,DFT_CRT,time_and_value_scaling_t0,wide,DEoptim,9301,6.983507827807121e-251
91,DFT_CRT,time_and_value_scaling_t0,wide,DEoptim,9302,6.3e-322
91,DFT_CRT,time_and_value_scaling_t0,wide,DEoptim,9303,0
91,DFT_CRT,time_and_value_scaling_t0,wide,DEoptim,9304,0
91,DFT_CRT,time_and_value_scaling_t0,wide,DEoptim,9305,0
91,DFT_CRT,time_and_value_scaling_t0,wide,DEoptim,9306,0
91,DFT_CRT,time_and_value_scaling_t0,wide,DEoptim,9307,0
91,DFT_CRT,time_and_value_scaling_t0,wide,DEoptim,9308,-13482698578959855e292
91,DFT_CRT,time_and_value_scaling_t0,wide,DEoptim,9309,7.291122454141135e-304
91,DFT_CRT,time_and_value_scaling_t0,wide,DEoptim,9310,1.2882297971109878e-231
91,DFT_CRT,time_and_value_scaling_t0,wide,DEoptim,9311,9305374649344273e184
91,DFT_CRT,time_and_value_scaling_t0,wide,DEoptim,9312,9041151394227776e256
91,DFT_CRT,time_and_value_scaling_t0,wide,DEoptim,9313,7.291128918589113e-304
91,DFT_CRT,time_and_value_scaling_t0,wide,DEoptim,9314,-8739908191242883e230
91,DFT_CRT,time_and_value_scaling_t0,wide,DEoptim,9315,-873990310077204e231
91,DFT_CRT,time_and_value_scaling_t0,wide,DEoptim,9316,-8739903231006698e230
91,DFT_CRT,time_and_value_scaling_t0,wide,DEoptim,9317,-8739903198448033e230
91,DFT_CRT,time_and_value_scaling_t0,wide,DEoptim,9318,1.557374820284454e-207
91,DFT_CRT,time_and_value_scaling_t0,wide,DEoptim,9319,6.983507827502251e-251
91,DFT_CRT,time_and_value_scaling_t0,wide,DEoptim,9320,6.688871553526807e-198
91,DFT_CRT,time_and_value_scaling_t0,wide,DEoptim,9321,5.299469847120044e-169
91,DFT_CRT,time_and_value_scaling_t0,wide,DEoptim,9322,6.406665952319304e-145
91,DFT_CRT,time_and_value_scaling_t0,wide,DEoptim,9323,6.406665976185994e-145
91,DFT_CRT,time_and_value_scaling_t0,wide,DEoptim,9324,1.1818212806870833e-125
91,DFT_CRT,time_and_value_scaling_t0,wide,DEoptim,9325,7.291122019556398e-304
91,DFT_CRT,time_and_value_scaling_t0,wide,DEoptim,9326,-8739900072816268e230
91,DFT_CRT,time_and_value_scaling_t0,wide,DEoptim,9327,7.291124898680287e-304
91,DFT_CRT,time_and_value_scaling_t0,wide,DEoptim,9328,1.55737569257476e-207
91,DFT_CRT,time_and_value_scaling_t0,wide,DEoptim,9329,2.0522685000380304e-289
91,DFT_CRT,time_and_value_scaling_t0,wide,DEoptim,9330,2.3763645463954244e-212
91,DFT_CRT,time_and_value_scaling_t0,wide,DEoptim,9331,7.291122019556398e-304
91,DFT_CRT,time_and_value_scaling_t0,wide,DEoptim,9332,7.291122101041036e-304
91,DFT_CRT,time_and_value_scaling_t0,wide,DEoptim,9333,-8739908180178024e230
91,DFT_CRT,time_and_value_scaling_t0,wide,DEoptim,9334,4.576713275442706e-246
91,DFT_CRT,time_and_value_scaling_t0,wide,DEoptim,9335,2.0522685001276237e-289
91,DFT_CRT,time_and_value_scaling_t0,wide,DEoptim,9336,7.291122019556605e-304
91,DFT_CRT,time_and_value_scaling_t0,wide,DEoptim,9337,7.291122046717944e-304
91,DFT_CRT,time_and_value_scaling_t0,wide,DEoptim,9338,-13482698578959855e292
91,DFT_CRT,time_and_value_scaling_t0,wide,DEoptim,9339,7.291122454141135e-304
91,DFT_CRT,time_and_value_scaling_t0,wide,DEoptim,9340,1.2882297971109878e-231
91,DFT_CRT,time_and_value_scaling_t0,wide,DEoptim,9341,9305374649344273e184
91,DFT_CRT,time_and_value_scaling_t0,wide,DEoptim,9342,9041151394227776e256
91,DFT_CRT,time_and_value_scaling_t0,wide,DEoptim,9343,1.288230972872997e-231
91,DFT_CRT,time_and_value_scaling_t0,wide,DEoptim,9344,7.291122454141135e-304
91,DFT_CRT,time_and_value_scaling_t0,wide,DEoptim,9345,2.052268469457315e-289
91,DFT_CRT,time_and_value_scaling_t0,wide,DEoptim,9346,1.288230024585737e-231
91,DFT_CRT,time_and_value_scaling_t0,wide,DEoptim,9347,7.291122454141135e-304
91,DFT_CRT,time_and_value_scaling_t0,wide,DEoptim,9348,4.778309886942885e-299
91,DFT_CRT,time_and_value_scaling_t0,wide,DEoptim,9349,7.0620020050344e-311
91,DFT_CRT,time_and_value_scaling_t0,wide,DEoptim,9350,2.856438565860726e-306
91,DFT_CRT,time_and_value_scaling_t0,wide,DEoptim,9351,0
91,DFT_CRT,time_and_value_scaling_t0,wide,DEoptim,9352,0
91,DFT_CRT,time_and_value_scaling_t0,wide,DEoptim,9353,0
91,DFT_CRT,time_and_value_scaling_t0,wide,DEoptim,9354,0
91,DFT_CRT,time_and_value_scaling_t0,wide,DEoptim,9355,0
91,DFT_CRT,time_and_value_scaling_t0,wide,DEoptim,9356,0
91,DFT_CRT,time_and_value_scaling_t0,wide,DEoptim,9357,1.39016188257972e-309
91,DFT_CRT,time_and_value_scaling_t0,wide,DEoptim,9358,2.052769442741057e-289
91,DFT_CRT,time_and_value_scaling_t0,wide,DEoptim,9359,8901762849639419e256
91,DFT_CRT,time_and_value_scaling_t0,wide,DEoptim,9360,908366792581525e209
91,DFT_CRT,time_and_value_scaling_t0,wide,DEoptim,9361,6.5402864748936e-310
91,DFT_CRT,time_and_value_scaling_t0,wide,DEoptim,9362,5.43230954613e-312
91,DFT_CRT,time_and_value_scaling_t0,wide,DEoptim,9363,1.32005114196665e-309
91,DFT_CRT,time_and_value_scaling_t0,wide,DEoptim,9364,1.320051141775217e-309
91,DFT_CRT,time_and_value_scaling_t0,wide,DEoptim,9365,1.320051141780276e-309
91,DFT_CRT,time_and_value_scaling_t0,wide,DEoptim,9366,1.32005114177901e-309
91,DFT_CRT,time_and_value_scaling_t0,wide,DEoptim,9367,5.432309364e-312
91,DFT_CRT,time_and_value_scaling_t0,wide,DEoptim,9368,1.325483451191405e-309
91,DFT_CRT,time_and_value_scaling_t0,wide,DEoptim,9369,3.2593855351766e-311
91,DFT_CRT,time_and_value_scaling_t0,wide,DEoptim,9370,3.2126e-319
91,DFT_CRT,time_and_value_scaling_t0,wide,DEoptim,9371,1.08646187726e-311
91,DFT_CRT,time_and_value_scaling_t0,wide,DEoptim,9372,1.32548345118981e-309
91,DFT_CRT,time_and_value_scaling_t0,wide,DEoptim,9373,3.259385535303e-311
91,DFT_CRT,time_and_value_scaling_t0,wide,DEoptim,9374,1.32548345118981e-309
91,DFT_CRT,time_and_value_scaling_t0,wide,DEoptim,9375,3.2593855354296e-311
91,DFT_CRT,time_and_value_scaling_t0,wide,DEoptim,9376,3.2126e-319
91,DFT_CRT,time_and_value_scaling_t0,wide,DEoptim,9377,1.0864618772604e-311
91,DFT_CRT,time_and_value_scaling_t0,wide,DEoptim,9378,3.2126e-319
91,DFT_CRT,time_and_value_scaling_t0,wide,DEoptim,9379,1.086461877261e-311
91,DFT_CRT,time_and_value_scaling_t0,wide,DEoptim,9380,3.2126e-319
91,DFT_CRT,time_and_value_scaling_t0,wide,DEoptim,9381,3.2287e-319
91,DFT_CRT,time_and_value_scaling_t0,wide,DEoptim,9382,1.0864618771003e-311
91,DFT_CRT,time_and_value_scaling_t0,wide,DEoptim,9383,3.2126e-319
91,DFT_CRT,time_and_value_scaling_t0,wide,DEoptim,9384,3.22536e-319
91,DFT_CRT,time_and_value_scaling_t0,wide,DEoptim,9385,3.2126e-319
91,DFT_CRT,time_and_value_scaling_t0,wide,DEoptim,9386,1.14078494043554e-310
91,DFT_CRT,time_and_value_scaling_t0,wide,DEoptim,9387,8.148463838951e-311
91,DFT_CRT,time_and_value_scaling_t0,wide,DEoptim,9388,1.24943112184683e-310
91,DFT_CRT,time_and_value_scaling_t0,wide,DEoptim,9389,1.8469851364688e-310
91,DFT_CRT,time_and_value_scaling_t0,wide,DEoptim,9390,1.8469851364941e-310
91,DFT_CRT,time_and_value_scaling_t0,wide,DEoptim,9391,2.0642775055016e-310
91,DFT_CRT,time_and_value_scaling_t0,wide,DEoptim,9392,1.5210465829892e-310
91,DFT_CRT,time_and_value_scaling_t0,wide,DEoptim,9393,2.7161546161035e-311
91,DFT_CRT,time_and_value_scaling_t0,wide,DEoptim,9394,4.8063e-320
91,DFT_CRT,time_and_value_scaling_t0,wide,DEoptim,9395,3.8026164575362e-311
91,DFT_CRT,time_and_value_scaling_t0,wide,DEoptim,9396,1.633936789778e-311
91,DFT_CRT,time_and_value_scaling_t0,wide,DEoptim,9397,1.38668180948125e-309
91,DFT_CRT,time_and_value_scaling_t0,wide,DEoptim,9398,2.177167712265e-311
91,DFT_CRT,time_and_value_scaling_t0,wide,DEoptim,9399,8.6916947618174e-311
91,DFT_CRT,time_and_value_scaling_t0,wide,DEoptim,9400,4.8891114586947e-311
91,DFT_CRT,time_and_value_scaling_t0,wide,DEoptim,9401,1.7287555916668323e-306
91,DFT_CRT,time_and_value_scaling_t0,wide,DEoptim,9402,2.225073859025267e-308
91,DFT_CRT,time_and_value_scaling_t0,wide,DEoptim,9403,1.2516125334258437e-308
91,DFT_CRT,time_and_value_scaling_t0,wide,DEoptim,9404,35063714436666934e135
91,DFT_CRT,time_and_value_scaling_t0,wide,DEoptim,9405,2.9204094430619034e-308
91,DFT_CRT,time_and_value_scaling_t0,wide,DEoptim,9406,5.562684650477285e-309
91,DFT_CRT,time_and_value_scaling_t0,wide,DEoptim,9407,2.7813423234577926e-308
91,DFT_CRT,time_and_value_scaling_t0,wide,DEoptim,9408,1.390671161567e-309
91,DFT_CRT,time_and_value_scaling_t0,wide,DEoptim,9409,1.390671162538373e-309
91,DFT_CRT,time_and_value_scaling_t0,wide,DEoptim,9410,4.329103712639749e-304
91,DFT_CRT,time_and_value_scaling_t0,wide,DEoptim,9411,1.8078725101344913e-308
91,DFT_CRT,time_and_value_scaling_t0,wide,DEoptim,9412,-5.56268465048108e-309
91,DFT_CRT,time_and_value_scaling_t0,wide,DEoptim,9413,1.390671161567e-309
91,DFT_CRT,time_and_value_scaling_t0,wide,DEoptim,9414,1.39067116189079e-309
91,DFT_CRT,time_and_value_scaling_t0,wide,DEoptim,9415,7.269761310621657e-304
91,DFT_CRT,time_and_value_scaling_t0,wide,DEoptim,9416,1.390671166747655e-309
91,DFT_CRT,time_and_value_scaling_t0,wide,DEoptim,9417,6483618077225699e163
91,DFT_CRT,time_and_value_scaling_t0,wide,DEoptim,9418,48233772253083966e212
91,DFT_CRT,time_and_value_scaling_t0,wide,DEoptim,9419,2.171321743798039e-306
91,DFT_CRT,time_and_value_scaling_t0,wide,DEoptim,9420,1.807872518261389e-308
91,DFT_CRT,time_and_value_scaling_t0,wide,DEoptim,9421,-2.086006742771809e-308
91,DFT_CRT,time_and_value_scaling_t0,wide,DEoptim,9422,2.781342323134e-309
91,DFT_CRT,time_and_value_scaling_t0,wide,DEoptim,9423,2.781342323781583e-309
91,DFT_CRT,time_and_value_scaling_t0,wide,DEoptim,9424,2.781342323781583e-309
91,DFT_CRT,time_and_value_scaling_t0,wide,DEoptim,9425,2.781342323781583e-309
91,DFT_CRT,time_and_value_scaling_t0,wide,DEoptim,9426,6.4758e-319
91,DFT_CRT,time_and_value_scaling_t0,wide,DEoptim,9427,0
91,DFT_CRT,time_and_value_scaling_t0,wide,DEoptim,9428,0
91,DFT_CRT,time_and_value_scaling_t0,wide,DEoptim,9429,2.803071560033486e-309
91,DFT_CRT,time_and_value_scaling_t0,wide,DEoptim,9430,2.225073866793212e-308
91,DFT_CRT,time_and_value_scaling_t0,wide,DEoptim,9431,1.2516125334258437e-308
91,DFT_CRT,time_and_value_scaling_t0,wide,DEoptim,9432,4782144767937829e165
91,DFT_CRT,time_and_value_scaling_t0,wide,DEoptim,9433,18399669185336583e207
91,DFT_CRT,time_and_value_scaling_t0,wide,DEoptim,9434,6.835426899721121e-304
91,DFT_CRT,time_and_value_scaling_t0,wide,DEoptim,9435,2.225073859025267e-308
91,DFT_CRT,time_and_value_scaling_t0,wide,DEoptim,9436,1.2516125334258437e-308
91,DFT_CRT,time_and_value_scaling_t0,wide,DEoptim,9437,2.13103149875e-312
91,DFT_CRT,time_and_value_scaling_t0,wide,DEoptim,9438,5.38986930908e-312
91,DFT_CRT,time_and_value_scaling_t0,wide,DEoptim,9439,5.41399043308e-312
91,DFT_CRT,time_and_value_scaling_t0,wide,DEoptim,9440,5.38986930906e-312
91,DFT_CRT,time_and_value_scaling_t0,wide,DEoptim,9441,4.260569794e-314
91,DFT_CRT,time_and_value_scaling_t0,wide,DEoptim,9442,5.38986930906e-312
91,DFT_CRT,time_and_value_scaling_t0,wide,DEoptim,9443,3.39519326554e-313
91,DFT_CRT,time_and_value_scaling_t0,wide,DEoptim,9444,1.90980916355e-313
91,DFT_CRT,time_and_value_scaling_t0,wide,DEoptim,9445,2.78134235565096e-309
91,DFT_CRT,time_and_value_scaling_t0,wide,DEoptim,9446,8.224288e-317
91,DFT_CRT,time_and_value_scaling_t0,wide,DEoptim,9447,1.39067116480491e-309
91,DFT_CRT,time_and_value_scaling_t0,wide,DEoptim,9448,2.781342323457793e-309
91,DFT_CRT,time_and_value_scaling_t0,wide,DEoptim,9449,8.224288e-317
91,DFT_CRT,time_and_value_scaling_t0,wide,DEoptim,9450,1.39067116480491e-309
91,DFT_CRT,time_and_value_scaling_t0,wide,DEoptim,9451,2.781342323457793e-309
91,DFT_CRT,time_and_value_scaling_t0,wide,DEoptim,9452,8.224288e-317
91,DFT_CRT,time_and_value_scaling_t0,wide,DEoptim,9453,1.39067116480491e-309
91,DFT_CRT,time_and_value_scaling_t0,wide,DEoptim,9454,2.781342323457793e-309
91,DFT_CRT,time_and_value_scaling_t0,wide,DEoptim,9455,8.224288e-317
91,DFT_CRT,time_and_value_scaling_t0,wide,DEoptim,9456,1.39067116480491e-309
91,DFT_CRT,time_and_value_scaling_t0,wide,DEoptim,9457,2.781342323457793e-309
91,DFT_CRT,time_and_value_scaling_t0,wide,DEoptim,9458,8.224288e-317
91,DFT_CRT,time_and_value_scaling_t0,wide,DEoptim,9459,1.39067116480491e-309
91,DFT_CRT,time_and_value_scaling_t0,wide,DEoptim,9460,2.781342323134e-309
91,DFT_CRT,time_and_value_scaling_t0,wide,DEoptim,9461,8.224288e-317
91,DFT_CRT,time_and_value_scaling_t0,wide,DEoptim,9462,1.39067116480491e-309
91,DFT_CRT,time_and_value_scaling_t0,wide,DEoptim,9463,3.2379e-319
91,DFT_CRT,time_and_value_scaling_t0,wide,DEoptim,9464,1.39067124380988e-309
91,DFT_CRT,time_and_value_scaling_t0,wide,DEoptim,9465,4.329103712658399e-304
91,DFT_CRT,time_and_value_scaling_t0,wide,DEoptim,9466,4.3291037048940495e-304
91,DFT_CRT,time_and_value_scaling_t0,wide,DEoptim,9467,2.225073862133659e-308
91,DFT_CRT,time_and_value_scaling_t0,wide,DEoptim,9468,1.390671166747655e-309
91,DFT_CRT,time_and_value_scaling_t0,wide,DEoptim,9469,14169530671616285e225
91,DFT_CRT,time_and_value_scaling_t0,wide,DEoptim,9470,-8371161180752742e283
91,DFT_CRT,time_and_value_scaling_t0,wide,DEoptim,9471,-2605908932677002e289
91,DFT_CRT,time_and_value_scaling_t0,wide,DEoptim,9472,-8371161056012723e283
91,DFT_CRT,time_and_value_scaling_t0,wide,DEoptim,9473,-8371161180752742e283
91,DFT_CRT,time_and_value_scaling_t0,wide,DEoptim,9474,-10423635730708008e289
91,DFT_CRT,time_and_value_scaling_t0,wide,DEoptim,9475,-8371161056012723e283
91,DFT_CRT,time_and_value_scaling_t0,wide,DEoptim,9476,-8371161180752742e283
91,DFT_CRT,time_and_value_scaling_t0,wide,DEoptim,9477,-8371161180752742e283
91,DFT_CRT,time_and_value_scaling_t0,wide,DEoptim,9478,-10972248137587377e289
91,DFT_CRT,time_and_value_scaling_t0,wide,DEoptim,9479,-8371161056012723e283
91,DFT_CRT,time_and_value_scaling_t0,wide,DEoptim,9480,-11520860544466746e289
91,DFT_CRT,time_and_value_scaling_t0,wide,DEoptim,9481,-8371161056012723e283
91,DFT_CRT,time_and_value_scaling_t0,wide,DEoptim,9482,-12069472951346115e289
91,DFT_CRT,time_and_value_scaling_t0,wide,DEoptim,9483,-8371160993642713e283
91,DFT_CRT,time_and_value_scaling_t0,wide,DEoptim,9484,-8371161056012723e283
91,DFT_CRT,time_and_value_scaling_t0,wide,DEoptim,9485,-61718895773929e290
91,DFT_CRT,time_and_value_scaling_t0,wide,DEoptim,9486,-8371160993642713e283
91,DFT_CRT,time_and_value_scaling_t0,wide,DEoptim,9487,-8371160993642713e283
91,DFT_CRT,time_and_value_scaling_t0,wide,DEoptim,9488,-8371161056012723e283
91,DFT_CRT,time_and_value_scaling_t0,wide,DEoptim,9489,1.2882297539194267e-231
91,DFT_CRT,time_and_value_scaling_t0,wide,DEoptim,9490,2.4834631584438887e-265
91,DFT_CRT,time_and_value_scaling_t0,wide,DEoptim,9491,2.41915809216e-312
91,DFT_CRT,time_and_value_scaling_t0,wide,DEoptim,9492,5.38986930906e-312
91,DFT_CRT,time_and_value_scaling_t0,wide,DEoptim,9493,2.12199579097e-313
91,DFT_CRT,time_and_value_scaling_t0,wide,DEoptim,9494,2.1219957915e-314
91,DFT_CRT,time_and_value_scaling_t0,wide,DEoptim,9495,5.38986930906e-312
91,DFT_CRT,time_and_value_scaling_t0,wide,DEoptim,9496,2.12199579097e-313
91,DFT_CRT,time_and_value_scaling_t0,wide,DEoptim,9497,2.1219957915e-314
91,DFT_CRT,time_and_value_scaling_t0,wide,DEoptim,9498,5.38986930906e-312
91,DFT_CRT,time_and_value_scaling_t0,wide,DEoptim,9499,2.12199579097e-313
91,DFT_CRT,time_and_value_scaling_t0,wide,DEoptim,9500,2.1219957915e-314
91,DFT_CRT,time_and_value_scaling_t0,wide,DEoptim,9501,5.38986930906e-312
91,DFT_CRT,time_and_value_scaling_t0,wide,DEoptim,9502,2.12199579097e-313
91,DFT_CRT,time_and_value_scaling_t0,wide,DEoptim,9503,2.1219957915e-314
91,DFT_CRT,time_and_value_scaling_t0,wide,DEoptim,9504,5.38986930906e-312
91,DFT_CRT,time_and_value_scaling_t0,wide,DEoptim,9505,2.12199579097e-313
91,DFT_CRT,time_and_value_scaling_t0,wide,DEoptim,9506,5e-324
91,DFT_CRT,time_and_value_scaling_t0,wide,DEoptim,9507,5.38986930906e-312
91,DFT_CRT,time_and_value_scaling_t0,wide,DEoptim,9508,2.12199579097e-313
91,DFT_CRT,time_and_value_scaling_t0,wide,DEoptim,9509,2.1219957915e-314
91,DFT_CRT,time_and_value_scaling_t0,wide,DEoptim,9510,5.38986930905e-312
91,DFT_CRT,time_and_value_scaling_t0,wide,DEoptim,9511,2.35541532917e-312
91,DFT_CRT,time_and_value_scaling_t0,wide,DEoptim,9512,2.4190752029e-312
91,DFT_CRT,time_and_value_scaling_t0,wide,DEoptim,9513,2.7585945293e-313
91,DFT_CRT,time_and_value_scaling_t0,wide,DEoptim,9514,2.12199579156e-313
91,DFT_CRT,time_and_value_scaling_t0,wide,DEoptim,9515,2.1219958023e-314
91,DFT_CRT,time_and_value_scaling_t0,wide,DEoptim,9516,4.2439915963e-314
91,DFT_CRT,time_and_value_scaling_t0,wide,DEoptim,9517,6.3659873897e-314
91,DFT_CRT,time_and_value_scaling_t0,wide,DEoptim,9518,8.4879831807e-314
91,DFT_CRT,time_and_value_scaling_t0,wide,DEoptim,9519,1.9e-322
91,DFT_CRT,time_and_value_scaling_t0,wide,DEoptim,9520,1.27319747463e-313
91,DFT_CRT,time_and_value_scaling_t0,wide,DEoptim,9521,2.44029516081e-312
91,DFT_CRT,time_and_value_scaling_t0,wide,DEoptim,9522,5.41854940842e-312
91,DFT_CRT,time_and_value_scaling_t0,wide,DEoptim,9523,2.7585945293e-313
91,DFT_CRT,time_and_value_scaling_t0,wide,DEoptim,9524,2.12199579116e-313
91,DFT_CRT,time_and_value_scaling_t0,wide,DEoptim,9525,1e-322
91,DFT_CRT,time_and_value_scaling_t0,wide,DEoptim,9526,6.3659873734e-314
91,DFT_CRT,time_and_value_scaling_t0,wide,DEoptim,9527,5.41125504789e-312
91,DFT_CRT,time_and_value_scaling_t0,wide,DEoptim,9528,2.44029516081e-312
91,DFT_CRT,time_and_value_scaling_t0,wide,DEoptim,9529,2.7610812427e-313
91,DFT_CRT,time_and_value_scaling_t0,wide,DEoptim,9530,1.61915e-319
91,DFT_CRT,time_and_value_scaling_t0,wide,DEoptim,9531,2.1219957915e-314
91,DFT_CRT,time_and_value_scaling_t0,wide,DEoptim,9532,-9124898775545467e177
91,DFT_CRT,time_and_value_scaling_t0,wide,DEoptim,9533,3.39519327814e-313
91,DFT_CRT,time_and_value_scaling_t0,wide,DEoptim,9534,1.90980916355e-313
91,DFT_CRT,time_and_value_scaling_t0,wide,DEoptim,9535,13561721836670302e232
91,DFT_CRT,time_and_value_scaling_t0,wide,DEoptim,9536,26493111565267984e164
91,DFT_CRT,time_and_value_scaling_t0,wide,DEoptim,9537,5.389869309645e-312
91,DFT_CRT,time_and_value_scaling_t0,wide,DEoptim,9538,3.39519326633e-313
91,DFT_CRT,time_and_value_scaling_t0,wide,DEoptim,9539,1.90980916355e-313
91,DFT_CRT,time_and_value_scaling_t0,wide,DEoptim,9540,2.34293527847e-312
91,DFT_CRT,time_and_value_scaling_t0,wide,DEoptim,9541,3.39519326633e-313
91,DFT_CRT,time_and_value_scaling_t0,wide,DEoptim,9542,1.90980916355e-313
91,DFT_CRT,time_and_value_scaling_t0,wide,DEoptim,9543,7.0620020027043e-311
91,DFT_CRT,time_and_value_scaling_t0,wide,DEoptim,9544,2.856438565860726e-306
91,DFT_CRT,time_and_value_scaling_t0,wide,DEoptim,9545,0
91,DFT_CRT,time_and_value_scaling_t0,wide,DEoptim,9546,0
91,DFT_CRT,time_and_value_scaling_t0,wide,DEoptim,9547,0
91,DFT_CRT,time_and_value_scaling_t0,wide,DEoptim,9548,0
91,DFT_CRT,time_and_value_scaling_t0,wide,DEoptim,9549,0
91,DFT_CRT,time_and_value_scaling_t0,wide,DEoptim,9550,0
91,DFT_CRT,time_and_value_scaling_t0,wide,DEoptim,9551,1.39016188257972e-309
91,DFT_CRT,time_and_value_scaling_t0,wide,DEoptim,9552,2.052769442741057e-289
91,DFT_CRT,time_and_value_scaling_t0,wide,DEoptim,9553,8901762849639419e256
91,DFT_CRT,time_and_value_scaling_t0,wide,DEoptim,9554,908366792581525e209
91,DFT_CRT,time_and_value_scaling_t0,wide,DEoptim,9555,6.5402864748936e-310
91,DFT_CRT,time_and_value_scaling_t0,wide,DEoptim,9556,5.43230954613e-312
91,DFT_CRT,time_and_value_scaling_t0,wide,DEoptim,9557,1.32005114196666e-309
91,DFT_CRT,time_and_value_scaling_t0,wide,DEoptim,9558,1.3200511417866e-309
91,DFT_CRT,time_and_value_scaling_t0,wide,DEoptim,9559,1.1407849386901e-310
91,DFT_CRT,time_and_value_scaling_t0,wide,DEoptim,9560,2.1729236915927e-311
91,DFT_CRT,time_and_value_scaling_t0,wide,DEoptim,9561,1.0864618451007e-310
91,DFT_CRT,time_and_value_scaling_t0,wide,DEoptim,9562,5.43230922487e-312
91,DFT_CRT,time_and_value_scaling_t0,wide,DEoptim,9563,5.432309228666e-312
91,DFT_CRT,time_and_value_scaling_t0,wide,DEoptim,9564,1.320051141966213e-309
91,DFT_CRT,time_and_value_scaling_t0,wide,DEoptim,9565,7.062002007004e-311
91,DFT_CRT,time_and_value_scaling_t0,wide,DEoptim,9566,2.850875881214458e-306
91,DFT_CRT,time_and_value_scaling_t0,wide,DEoptim,9567,5.43230922487e-312
91,DFT_CRT,time_and_value_scaling_t0,wide,DEoptim,9568,5.432309226136e-312
91,DFT_CRT,time_and_value_scaling_t0,wide,DEoptim,9569,1.39016188257972e-309
91,DFT_CRT,time_and_value_scaling_t0,wide,DEoptim,9570,2.052769442741057e-289
91,DFT_CRT,time_and_value_scaling_t0,wide,DEoptim,9571,8901762849639419e256
91,DFT_CRT,time_and_value_scaling_t0,wide,DEoptim,9572,908366792581525e209
91,DFT_CRT,time_and_value_scaling_t0,wide,DEoptim,9573,6.5402864748936e-310
91,DFT_CRT,time_and_value_scaling_t0,wide,DEoptim,9574,1.14078494043554e-310
91,DFT_CRT,time_and_value_scaling_t0,wide,DEoptim,9575,2.1729236915927e-311
91,DFT_CRT,time_and_value_scaling_t0,wide,DEoptim,9576,1.0864618451007e-310
91,DFT_CRT,time_and_value_scaling_t0,wide,DEoptim,9577,5.43230922487e-312
91,DFT_CRT,time_and_value_scaling_t0,wide,DEoptim,9578,5.432309228666e-312
91,DFT_CRT,time_and_value_scaling_t0,wide,DEoptim,9579,1.32005114196666e-309
91,DFT_CRT,time_and_value_scaling_t0,wide,DEoptim,9580,7.062002007004e-311
91,DFT_CRT,time_and_value_scaling_t0,wide,DEoptim,9581,2.850875881214458e-306
91,DFT_CRT,time_and_value_scaling_t0,wide,DEoptim,9582,5.43230922487e-312
91,DFT_CRT,time_and_value_scaling_t0,wide,DEoptim,9583,5.432309226136e-312
91,DFT_CRT,time_and_value_scaling_t0,wide,DEoptim,9584,1.39016188257972e-309
91,DFT_CRT,time_and_value_scaling_t0,wide,DEoptim,9585,2.052769442741057e-289
91,DFT_CRT,time_and_value_scaling_t0,wide,DEoptim,9586,8901762849639419e256
91,DFT_CRT,time_and_value_scaling_t0,wide,DEoptim,9587,908366792581525e209
91,DFT_CRT,time_and_value_scaling_t0,wide,DEoptim,9588,6.5402864748936e-310
91,DFT_CRT,time_and_value_scaling_t0,wide,DEoptim,9589,1.32005114196494e-309
91,DFT_CRT,time_and_value_scaling_t0,wide,DEoptim,9590,1.320051141792924e-309
91,DFT_CRT,time_and_value_scaling_t0,wide,DEoptim,9591,5.432309372854e-312
91,DFT_CRT,time_and_value_scaling_t0,wide,DEoptim,9592,1.32005114196654e-309
91,DFT_CRT,time_and_value_scaling_t0,wide,DEoptim,9593,8.691694775098e-311
91,DFT_CRT,time_and_value_scaling_t0,wide,DEoptim,9594,2.052769442741057e-289
91,DFT_CRT,time_and_value_scaling_t0,wide,DEoptim,9595,7813481820956263e208
91,DFT_CRT,time_and_value_scaling_t0,wide,DEoptim,9596,2.225073862213141e-308
91,DFT_CRT,time_and_value_scaling_t0,wide,DEoptim,9597,1.390671166747655e-309
91,DFT_CRT,time_and_value_scaling_t0,wide,DEoptim,9598,10924874847975002e230
91,DFT_CRT,time_and_value_scaling_t0,wide,DEoptim,9599,4.329103704968949e-304
91,DFT_CRT,time_and_value_scaling_t0,wide,DEoptim,9600,2.920409443176192e-308
91,DFT_CRT,time_and_value_scaling_t0,wide,DEoptim,9601,5.562684650477285e-309
91,DFT_CRT,time_and_value_scaling_t0,wide,DEoptim,9602,2.7813423234577926e-308
91,DFT_CRT,time_and_value_scaling_t0,wide,DEoptim,9603,1.390671161567e-309
91,DFT_CRT,time_and_value_scaling_t0,wide,DEoptim,9604,1.390671162538373e-309
91,DFT_CRT,time_and_value_scaling_t0,wide,DEoptim,9605,4.329103712658606e-304
91,DFT_CRT,time_and_value_scaling_t0,wide,DEoptim,9606,1.8078725139225915e-308
91,DFT_CRT,time_and_value_scaling_t0,wide,DEoptim,9607,-5.56268465048108e-309
91,DFT_CRT,time_and_value_scaling_t0,wide,DEoptim,9608,1.390671161567e-309
91,DFT_CRT,time_and_value_scaling_t0,wide,DEoptim,9609,1.39067116189079e-309
91,DFT_CRT,time_and_value_scaling_t0,wide,DEoptim,9610,7.269761310621657e-304
91,DFT_CRT,time_and_value_scaling_t0,wide,DEoptim,9611,1.390671166747655e-309
91,DFT_CRT,time_and_value_scaling_t0,wide,DEoptim,9612,6483618077225699e163
91,DFT_CRT,time_and_value_scaling_t0,wide,DEoptim,9613,48233772253083966e212
91,DFT_CRT,time_and_value_scaling_t0,wide,DEoptim,9614,2.171321743798039e-306
91,DFT_CRT,time_and_value_scaling_t0,wide,DEoptim,9615,1.39067124380988e-309
91,DFT_CRT,time_and_value_scaling_t0,wide,DEoptim,9616,2.9204094475596374e-308
91,DFT_CRT,time_and_value_scaling_t0,wide,DEoptim,9617,5.562684650477285e-309
91,DFT_CRT,time_and_value_scaling_t0,wide,DEoptim,9618,2.7813423234577926e-308
91,DFT_CRT,time_and_value_scaling_t0,wide,DEoptim,9619,1.390671161567e-309
91,DFT_CRT,time_and_value_scaling_t0,wide,DEoptim,9620,1.390671162538373e-309
91,DFT_CRT,time_and_value_scaling_t0,wide,DEoptim,9621,4.329103712642235e-304
91,DFT_CRT,time_and_value_scaling_t0,wide,DEoptim,9622,1.8078725139225915e-308
91,DFT_CRT,time_and_value_scaling_t0,wide,DEoptim,9623,-5.56268465048108e-309
91,DFT_CRT,time_and_value_scaling_t0,wide,DEoptim,9624,1.390671161567e-309
91,DFT_CRT,time_and_value_scaling_t0,wide,DEoptim,9625,1.39067116189079e-309
91,DFT_CRT,time_and_value_scaling_t0,wide,DEoptim,9626,7.269761310621657e-304
91,DFT_CRT,time_and_value_scaling_t0,wide,DEoptim,9627,1.390671166747655e-309
91,DFT_CRT,time_and_value_scaling_t0,wide,DEoptim,9628,6483618077225699e163
91,DFT_CRT,time_and_value_scaling_t0,wide,DEoptim,9629,48233772253083966e212
91,DFT_CRT,time_and_value_scaling_t0,wide,DEoptim,9630,2.171321743798039e-306
91,DFT_CRT,time_and_value_scaling_t0,wide,DEoptim,9631,2.2250738667314893e-308
91,DFT_CRT,time_and_value_scaling_t0,wide,DEoptim,9632,1.390671166747655e-309
91,DFT_CRT,time_and_value_scaling_t0,wide,DEoptim,9633,11811426866035103e71
91,DFT_CRT,time_and_value_scaling_t0,wide,DEoptim,9634,5.43230935189e-312
91,DFT_CRT,time_and_value_scaling_t0,wide,DEoptim,9635,1.320051141966667e-309
91,DFT_CRT,time_and_value_scaling_t0,wide,DEoptim,9636,1.32005114179419e-309
91,DFT_CRT,time_and_value_scaling_t0,wide,DEoptim,9637,1.32005114179925e-309
91,DFT_CRT,time_and_value_scaling_t0,wide,DEoptim,9638,1.320051141797983e-309
91,DFT_CRT,time_and_value_scaling_t0,wide,DEoptim,9639,5.432309381707e-312
91,DFT_CRT,time_and_value_scaling_t0,wide,DEoptim,9640,1.32005114196669e-309
91,DFT_CRT,time_and_value_scaling_t0,wide,DEoptim,9641,8.6916947757303e-311
91,DFT_CRT,time_and_value_scaling_t0,wide,DEoptim,9642,2.052769442741057e-289
91,DFT_CRT,time_and_value_scaling_t0,wide,DEoptim,9643,1.3912143924906263e-308
91,DFT_CRT,time_and_value_scaling_t0,wide,DEoptim,9644,2.225073859025267e-308
91,DFT_CRT,time_and_value_scaling_t0,wide,DEoptim,9645,1.2516125334258437e-308
91,DFT_CRT,time_and_value_scaling_t0,wide,DEoptim,9646,1.415212416026103e-308
91,DFT_CRT,time_and_value_scaling_t0,wide,DEoptim,9647,2.225073859025267e-308
91,DFT_CRT,time_and_value_scaling_t0,wide,DEoptim,9648,1.2516125334258437e-308
91,DFT_CRT,time_and_value_scaling_t0,wide,DEoptim,9649,36897925659395077e164
91,DFT_CRT,time_and_value_scaling_t0,wide,DEoptim,9650,2.920409440395667e-308
91,DFT_CRT,time_and_value_scaling_t0,wide,DEoptim,9651,5.562684650477285e-309
91,DFT_CRT,time_and_value_scaling_t0,wide,DEoptim,9652,2.7813423234577926e-308
91,DFT_CRT,time_and_value_scaling_t0,wide,DEoptim,9653,1.390671161567e-309
91,DFT_CRT,time_and_value_scaling_t0,wide,DEoptim,9654,1.390671162538373e-309
91,DFT_CRT,time_and_value_scaling_t0,wide,DEoptim,9655,4.329103712639749e-304
91,DFT_CRT,time_and_value_scaling_t0,wide,DEoptim,9656,1.807872514116866e-308
91,DFT_CRT,time_and_value_scaling_t0,wide,DEoptim,9657,-5.56268465048108e-309
91,DFT_CRT,time_and_value_scaling_t0,wide,DEoptim,9658,1.390671161567e-309
91,DFT_CRT,time_and_value_scaling_t0,wide,DEoptim,9659,1.39067116189079e-309
91,DFT_CRT,time_and_value_scaling_t0,wide,DEoptim,9660,7.269761310621657e-304
91,DFT_CRT,time_and_value_scaling_t0,wide,DEoptim,9661,1.390671166747655e-309
91,DFT_CRT,time_and_value_scaling_t0,wide,DEoptim,9662,6483618077225699e163
91,DFT_CRT,time_and_value_scaling_t0,wide,DEoptim,9663,48233772253083966e212
91,DFT_CRT,time_and_value_scaling_t0,wide,DEoptim,9664,2.171321743798039e-306
91,DFT_CRT,time_and_value_scaling_t0,wide,DEoptim,9665,2.2250738667314893e-308
91,DFT_CRT,time_and_value_scaling_t0,wide,DEoptim,9666,1.390671166747655e-309
91,DFT_CRT,time_and_value_scaling_t0,wide,DEoptim,9667,7.207499143498232e-145
91,DFT_CRT,time_and_value_scaling_t0,wide,DEoptim,9668,3.39519326604e-313
91,DFT_CRT,time_and_value_scaling_t0,wide,DEoptim,9669,5.56270586622599e-309
91,DFT_CRT,time_and_value_scaling_t0,wide,DEoptim,9670,9796357998892474e237
91,DFT_CRT,time_and_value_scaling_t0,wide,DEoptim,9671,1.85382396998506e-310
91,DFT_CRT,time_and_value_scaling_t0,wide,DEoptim,9672,7.0620019949885e-311
91,DFT_CRT,time_and_value_scaling_t0,wide,DEoptim,9673,5.4323092265153e-311
91,DFT_CRT,time_and_value_scaling_t0,wide,DEoptim,9674,5.43230925396e-312
91,DFT_CRT,time_and_value_scaling_t0,wide,DEoptim,9675,1.0864618497805e-311
91,DFT_CRT,time_and_value_scaling_t0,wide,DEoptim,9676,1.3913e-319
91,DFT_CRT,time_and_value_scaling_t0,wide,DEoptim,9677,8.6916947613115e-311
91,DFT_CRT,time_and_value_scaling_t0,wide,DEoptim,9678,5.7582477784013e-310
91,DFT_CRT,time_and_value_scaling_t0,wide,DEoptim,9679,5.43230922487e-312
91,DFT_CRT,time_and_value_scaling_t0,wide,DEoptim,9680,1.32005114165e-309
91,DFT_CRT,time_and_value_scaling_t0,wide,DEoptim,9681,5.4323093855e-312
91,DFT_CRT,time_and_value_scaling_t0,wide,DEoptim,9682,1.3200511419667e-309
91,DFT_CRT,time_and_value_scaling_t0,wide,DEoptim,9683,8.6916947759833e-311
91,DFT_CRT,time_and_value_scaling_t0,wide,DEoptim,9684,2.052769442741057e-289
91,DFT_CRT,time_and_value_scaling_t0,wide,DEoptim,9685,14693956668992548e232
91,DFT_CRT,time_and_value_scaling_t0,wide,DEoptim,9686,7.062002006801e-311
91,DFT_CRT,time_and_value_scaling_t0,wide,DEoptim,9687,2.85713390144151e-306
91,DFT_CRT,time_and_value_scaling_t0,wide,DEoptim,9688,1.086461844974e-311
91,DFT_CRT,time_and_value_scaling_t0,wide,DEoptim,9689,1.086461845227e-311
91,DFT_CRT,time_and_value_scaling_t0,wide,DEoptim,9690,2.53e-321
91,DFT_CRT,time_and_value_scaling_t0,wide,DEoptim,9691,0
91,DFT_CRT,time_and_value_scaling_t0,wide,DEoptim,9692,1.629692767841e-311
91,DFT_CRT,time_and_value_scaling_t0,wide,DEoptim,9693,0
91,DFT_CRT,time_and_value_scaling_t0,wide,DEoptim,9694,1.094949828138e-311
91,DFT_CRT,time_and_value_scaling_t0,wide,DEoptim,9695,8.691694792161e-311
91,DFT_CRT,time_and_value_scaling_t0,wide,DEoptim,9696,4.8891114586947e-311
91,DFT_CRT,time_and_value_scaling_t0,wide,DEoptim,9697,7497795326462078e232
91,DFT_CRT,time_and_value_scaling_t0,wide,DEoptim,9698,59927003901658496e159
91,DFT_CRT,time_and_value_scaling_t0,wide,DEoptim,9699,1.379806543269535e-309
91,DFT_CRT,time_and_value_scaling_t0,wide,DEoptim,9700,8.6916947618174e-311
91,DFT_CRT,time_and_value_scaling_t0,wide,DEoptim,9701,4.8891114586947e-311
91,DFT_CRT,time_and_value_scaling_t0,wide,DEoptim,9702,1.968726522067969e-153
91,DFT_CRT,time_and_value_scaling_t0,wide,DEoptim,9703,4.4561911627e-313
91,DFT_CRT,time_and_value_scaling_t0,wide,DEoptim,9704,1.2731974752e-313
91,DFT_CRT,time_and_value_scaling_t0,wide,DEoptim,9705,4.8805903197e-313
91,DFT_CRT,time_and_value_scaling_t0,wide,DEoptim,9706,8.0635840057e-313
91,DFT_CRT,time_and_value_scaling_t0,wide,DEoptim,9707,2.121995791e-314
91,DFT_CRT,time_and_value_scaling_t0,wide,DEoptim,9708,5.15644977206e-312
91,DFT_CRT,time_and_value_scaling_t0,wide,DEoptim,9709,2124553997397778e168
91,DFT_CRT,time_and_value_scaling_t0,wide,DEoptim,9710,3.131551886280727e-294
91,DFT_CRT,time_and_value_scaling_t0,wide,DEoptim,9711,6.95462900531023e-310
91,DFT_CRT,time_and_value_scaling_t0,wide,DEoptim,9712,0
91,DFT_CRT,time_and_value_scaling_t0,wide,DEoptim,9713,0
91,DFT_CRT,time_and_value_scaling_t0,wide,DEoptim,9714,2.0522684006491881e-289
91,DFT_CRT,time_and_value_scaling_t0,wide,DEoptim,9715,5.430319853827e-312
91,DFT_CRT,time_and_value_scaling_t0,wide,DEoptim,9716,5.56270586622599e-309
91,DFT_CRT,time_and_value_scaling_t0,wide,DEoptim,9717,6059732824249193e218
91,DFT_CRT,time_and_value_scaling_t0,wide,DEoptim,9718,1064002501037983e233
91,DFT_CRT,time_and_value_scaling_t0,wide,DEoptim,9719,2.554799404253e-312
91,DFT_CRT,time_and_value_scaling_t0,wide,DEoptim,9720,3.3951932781e-313
91,DFT_CRT,time_and_value_scaling_t0,wide,DEoptim,9721,5.56270586622599e-309
91,DFT_CRT,time_and_value_scaling_t0,wide,DEoptim,9722,4.4e-323
91,DFT_CRT,time_and_value_scaling_t0,wide,DEoptim,9723,5.419626984407e-312
91,DFT_CRT,time_and_value_scaling_t0,wide,DEoptim,9724,5.419212532104e-312
91,DFT_CRT,time_and_value_scaling_t0,wide,DEoptim,9725,2.652494739907e-312
91,DFT_CRT,time_and_value_scaling_t0,wide,DEoptim,9726,2.801034445275e-312
91,DFT_CRT,time_and_value_scaling_t0,wide,DEoptim,9727,3.39519326633e-313
91,DFT_CRT,time_and_value_scaling_t0,wide,DEoptim,9728,1.90980916355e-313
91,DFT_CRT,time_and_value_scaling_t0,wide,DEoptim,9729,3.452490459060747e-85
91,DFT_CRT,time_and_value_scaling_t0,wide,DEoptim,9730,8.34402700159693e-309
91,DFT_CRT,time_and_value_scaling_t0,wide,DEoptim,9731,8.224288e-317
91,DFT_CRT,time_and_value_scaling_t0,wide,DEoptim,9732,2.78134240574494e-309
91,DFT_CRT,time_and_value_scaling_t0,wide,DEoptim,9733,8.224288e-317
91,DFT_CRT,time_and_value_scaling_t0,wide,DEoptim,9734,2.78134240572344e-309
91,DFT_CRT,time_and_value_scaling_t0,wide,DEoptim,9735,8.224288e-317
91,DFT_CRT,time_and_value_scaling_t0,wide,DEoptim,9736,1.390671166747655e-309
91,DFT_CRT,time_and_value_scaling_t0,wide,DEoptim,9737,11747898069173016e206
91,DFT_CRT,time_and_value_scaling_t0,wide,DEoptim,9738,6125169179346244e208
91,DFT_CRT,time_and_value_scaling_t0,wide,DEoptim,9739,4.243991631e-314
91,DFT_CRT,time_and_value_scaling_t0,wide,DEoptim,9740,1.255e-321
91,DFT_CRT,time_and_value_scaling_t0,wide,DEoptim,9741,2.121995796e-314
91,DFT_CRT,time_and_value_scaling_t0,wide,DEoptim,9742,4.2439915824e-314
91,DFT_CRT,time_and_value_scaling_t0,wide,DEoptim,9743,1.255e-321
91,DFT_CRT,time_and_value_scaling_t0,wide,DEoptim,9744,2.121995796e-314
91,DFT_CRT,time_and_value_scaling_t0,wide,DEoptim,9745,4.2439915824e-314
91,DFT_CRT,time_and_value_scaling_t0,wide,DEoptim,9746,1.255e-321
91,DFT_CRT,time_and_value_scaling_t0,wide,DEoptim,9747,2.121995796e-314
91,DFT_CRT,time_and_value_scaling_t0,wide,DEoptim,9748,4.2439915824e-314
91,DFT_CRT,time_and_value_scaling_t0,wide,DEoptim,9749,1.255e-321
91,DFT_CRT,time_and_value_scaling_t0,wide,DEoptim,9750,2.121995796e-314
91,DFT_CRT,time_and_value_scaling_t0,wide,DEoptim,9751,4.2439915824e-314
91,DFT_CRT,time_and_value_scaling_t0,wide,DEoptim,9752,1.255e-321
91,DFT_CRT,time_and_value_scaling_t0,wide,DEoptim,9753,2.121995796e-314
91,DFT_CRT,time_and_value_scaling_t0,wide,DEoptim,9754,4.243991582e-314
91,DFT_CRT,time_and_value_scaling_t0,wide,DEoptim,9755,1.255e-321
91,DFT_CRT,time_and_value_scaling_t0,wide,DEoptim,9756,2.121995796e-314
91,DFT_CRT,time_and_value_scaling_t0,wide,DEoptim,9757,5e-324
91,DFT_CRT,time_and_value_scaling_t0,wide,DEoptim,9758,5.1564497733e-312
91,DFT_CRT,time_and_value_scaling_t0,wide,DEoptim,9759,5.156449772693e-312
91,DFT_CRT,time_and_value_scaling_t0,wide,DEoptim,9760,9124889937409528e177
91,DFT_CRT,time_and_value_scaling_t0,wide,DEoptim,9761,5.156449773305e-312
91,DFT_CRT,time_and_value_scaling_t0,wide,DEoptim,9762,4.45619116765e-313
91,DFT_CRT,time_and_value_scaling_t0,wide,DEoptim,9763,8.4879831703e-314
91,DFT_CRT,time_and_value_scaling_t0,wide,DEoptim,9764,4.2439915824e-313
91,DFT_CRT,time_and_value_scaling_t0,wide,DEoptim,9765,2.121995791e-314
91,DFT_CRT,time_and_value_scaling_t0,wide,DEoptim,9766,11517230297706847e148
91,DFT_CRT,time_and_value_scaling_t0,wide,DEoptim,9767,5.156449773305e-312
91,DFT_CRT,time_and_value_scaling_t0,wide,DEoptim,9768,3.131551886280643e-294
91,DFT_CRT,time_and_value_scaling_t0,wide,DEoptim,9769,6.95420460615203e-310
91,DFT_CRT,time_and_value_scaling_t0,wide,DEoptim,9770,2.121995791e-314
91,DFT_CRT,time_and_value_scaling_t0,wide,DEoptim,9771,2.0522703578448527e-289
91,DFT_CRT,time_and_value_scaling_t0,wide,DEoptim,9772,5.430319853827e-312
91,DFT_CRT,time_and_value_scaling_t0,wide,DEoptim,9773,5.56270586622599e-309
91,DFT_CRT,time_and_value_scaling_t0,wide,DEoptim,9774,6059732824249193e218
91,DFT_CRT,time_and_value_scaling_t0,wide,DEoptim,9775,1064002501037983e233
91,DFT_CRT,time_and_value_scaling_t0,wide,DEoptim,9776,2.554799404253e-312
91,DFT_CRT,time_and_value_scaling_t0,wide,DEoptim,9777,4.4561911736e-313
91,DFT_CRT,time_and_value_scaling_t0,wide,DEoptim,9778,8.4879831703e-314
91,DFT_CRT,time_and_value_scaling_t0,wide,DEoptim,9779,4.2439915824e-313
91,DFT_CRT,time_and_value_scaling_t0,wide,DEoptim,9780,2.121995791e-314
91,DFT_CRT,time_and_value_scaling_t0,wide,DEoptim,9781,5.532909939407141e-222
91,DFT_CRT,time_and_value_scaling_t0,wide,DEoptim,9782,5.156449773305e-312
91,DFT_CRT,time_and_value_scaling_t0,wide,DEoptim,9783,3.131551886280643e-294
91,DFT_CRT,time_and_value_scaling_t0,wide,DEoptim,9784,6.95420460615203e-310
91,DFT_CRT,time_and_value_scaling_t0,wide,DEoptim,9785,2.121995791e-314
91,DFT_CRT,time_and_value_scaling_t0,wide,DEoptim,9786,2.0522703578448527e-289
91,DFT_CRT,time_and_value_scaling_t0,wide,DEoptim,9787,5.430319853827e-312
91,DFT_CRT,time_and_value_scaling_t0,wide,DEoptim,9788,5.56270586622599e-309
91,DFT_CRT,time_and_value_scaling_t0,wide,DEoptim,9789,6059732824249193e218
91,DFT_CRT,time_and_value_scaling_t0,wide,DEoptim,9790,1064002501037983e233
91,DFT_CRT,time_and_value_scaling_t0,wide,DEoptim,9791,2.554799404253e-312
91,DFT_CRT,time_and_value_scaling_t0,wide,DEoptim,9792,5980087869380873e182
91,DFT_CRT,time_and_value_scaling_t0,wide,DEoptim,9793,5.156449773305e-312
91,DFT_CRT,time_and_value_scaling_t0,wide,DEoptim,9794,3919110386077344e187
91,DFT_CRT,time_and_value_scaling_t0,wide,DEoptim,9795,5.156449773305e-312
91,DFT_CRT,time_and_value_scaling_t0,wide,DEoptim,9796,4.4561911677e-313
91,DFT_CRT,time_and_value_scaling_t0,wide,DEoptim,9797,8.4879831703e-314
91,DFT_CRT,time_and_value_scaling_t0,wide,DEoptim,9798,4.2439915824e-313
91,DFT_CRT,time_and_value_scaling_t0,wide,DEoptim,9799,2.121995791e-314
91,DFT_CRT,time_and_value_scaling_t0,wide,DEoptim,9800,11517230297706847e148
91,DFT_CRT,time_and_value_scaling_t0,wide,DEoptim,9801,5.156449773305e-312
91,DFT_CRT,time_and_value_scaling_t0,wide,DEoptim,9802,3.1315518862806436e-294
91,DFT_CRT,time_and_value_scaling_t0,wide,DEoptim,9803,6.95420460615203e-310
91,DFT_CRT,time_and_value_scaling_t0,wide,DEoptim,9804,2.121995791e-314
91,DFT_CRT,time_and_value_scaling_t0,wide,DEoptim,9805,2.0522703578448527e-289
91,DFT_CRT,time_and_value_scaling_t0,wide,DEoptim,9806,5.430319853827e-312
91,DFT_CRT,time_and_value_scaling_t0,wide,DEoptim,9807,5.56270586622599e-309
91,DFT_CRT,time_and_value_scaling_t0,wide,DEoptim,9808,6059732824249193e218
91,DFT_CRT,time_and_value_scaling_t0,wide,DEoptim,9809,1064002501037983e233
91,DFT_CRT,time_and_value_scaling_t0,wide,DEoptim,9810,2.554799404253e-312
91,DFT_CRT,time_and_value_scaling_t0,wide,DEoptim,9811,4.4561911736e-313
91,DFT_CRT,time_and_value_scaling_t0,wide,DEoptim,9812,8.4879831703e-314
91,DFT_CRT,time_and_value_scaling_t0,wide,DEoptim,9813,4.2439915824e-313
91,DFT_CRT,time_and_value_scaling_t0,wide,DEoptim,9814,2.121995791e-314
91,DFT_CRT,time_and_value_scaling_t0,wide,DEoptim,9815,7880408754615166e100
91,DFT_CRT,time_and_value_scaling_t0,wide,DEoptim,9816,5.156449773305e-312
91,DFT_CRT,time_and_value_scaling_t0,wide,DEoptim,9817,3.1315518862806436e-294
91,DFT_CRT,time_and_value_scaling_t0,wide,DEoptim,9818,6.95420460615203e-310
91,DFT_CRT,time_and_value_scaling_t0,wide,DEoptim,9819,2.121995791e-314
91,DFT_CRT,time_and_value_scaling_t0,wide,DEoptim,9820,2.0522703578448527e-289
91,DFT_CRT,time_and_value_scaling_t0,wide,DEoptim,9821,5.430319853827e-312
91,DFT_CRT,time_and_value_scaling_t0,wide,DEoptim,9822,5.56270586622599e-309
91,DFT_CRT,time_and_value_scaling_t0,wide,DEoptim,9823,6059732824249193e218
91,DFT_CRT,time_and_value_scaling_t0,wide,DEoptim,9824,1064002501037983e233
91,DFT_CRT,time_and_value_scaling_t0,wide,DEoptim,9825,2.554799404253e-312
91,DFT_CRT,time_and_value_scaling_t0,wide,DEoptim,9826,3.051760722883218e-5
91,DFT_CRT,time_and_value_scaling_t0,wide,DEoptim,9827,25684281826197175e191
91,DFT_CRT,time_and_value_scaling_t0,wide,DEoptim,9828,11031315046476402e201
91,DFT_CRT,time_and_value_scaling_t0,wide,DEoptim,9829,5.156449773305e-312
91,DFT_CRT,time_and_value_scaling_t0,wide,DEoptim,9830,4.4561911678e-313
91,DFT_CRT,time_and_value_scaling_t0,wide,DEoptim,9831,8.4879831703e-314
91,DFT_CRT,time_and_value_scaling_t0,wide,DEoptim,9832,4.2439915824e-313
91,DFT_CRT,time_and_value_scaling_t0,wide,DEoptim,9833,2.121995791e-314
91,DFT_CRT,time_and_value_scaling_t0,wide,DEoptim,9834,7880408754615166e100
91,DFT_CRT,time_and_value_scaling_t0,wide,DEoptim,9835,5.156449773305e-312
91,DFT_CRT,time_and_value_scaling_t0,wide,DEoptim,9836,3.131551886280645e-294
91,DFT_CRT,time_and_value_scaling_t0,wide,DEoptim,9837,6.95420460615203e-310
91,DFT_CRT,time_and_value_scaling_t0,wide,DEoptim,9838,2.121995791e-314
91,DFT_CRT,time_and_value_scaling_t0,wide,DEoptim,9839,2.0522703578448527e-289
91,DFT_CRT,time_and_value_scaling_t0,wide,DEoptim,9840,5.430319853827e-312
91,DFT_CRT,time_and_value_scaling_t0,wide,DEoptim,9841,5.56270586622599e-309
91,DFT_CRT,time_and_value_scaling_t0,wide,DEoptim,9842,6059732824249193e218
91,DFT_CRT,time_and_value_scaling_t0,wide,DEoptim,9843,1064002501037983e233
91,DFT_CRT,time_and_value_scaling_t0,wide,DEoptim,9844,2.554799404253e-312
91,DFT_CRT,time_and_value_scaling_t0,wide,DEoptim,9845,4.4561911736e-313
91,DFT_CRT,time_and_value_scaling_t0,wide,DEoptim,9846,8.4879831703e-314
91,DFT_CRT,time_and_value_scaling_t0,wide,DEoptim,9847,4.2439915824e-313
91,DFT_CRT,time_and_value_scaling_t0,wide,DEoptim,9848,2.121995791e-314
91,DFT_CRT,time_and_value_scaling_t0,wide,DEoptim,9849,5.532909939407141e-222
91,DFT_CRT,time_and_value_scaling_t0,wide,DEoptim,9850,5.156449773305e-312
91,DFT_CRT,time_and_value_scaling_t0,wide,DEoptim,9851,3.131551886280645e-294
91,DFT_CRT,time_and_value_scaling_t0,wide,DEoptim,9852,6.95420460615203e-310
91,DFT_CRT,time_and_value_scaling_t0,wide,DEoptim,9853,2.121995791e-314
91,DFT_CRT,time_and_value_scaling_t0,wide,DEoptim,9854,2.0522703578448527e-289
91,DFT_CRT,time_and_value_scaling_t0,wide,DEoptim,9855,5.430319853827e-312
91,DFT_CRT,time_and_value_scaling_t0,wide,DEoptim,9856,5.56270586622599e-309
91,DFT_CRT,time_and_value_scaling_t0,wide,DEoptim,9857,6059732824249193e218
91,DFT_CRT,time_and_value_scaling_t0,wide,DEoptim,9858,1064002501037983e233
91,DFT_CRT,time_and_value_scaling_t0,wide,DEoptim,9859,2.554799404253e-312
91,DFT_CRT,time_and_value_scaling_t0,wide,DEoptim,9860,16832450937616577e196
91,DFT_CRT,time_and_value_scaling_t0,wide,DEoptim,9861,5.156449773305e-312
91,DFT_CRT,time_and_value_scaling_t0,wide,DEoptim,9862,4737913735648762e211
91,DFT_CRT,time_and_value_scaling_t0,wide,DEoptim,9863,5.156449773305e-312
91,DFT_CRT,time_and_value_scaling_t0,wide,DEoptim,9864,4.4561911679e-313
91,DFT_CRT,time_and_value_scaling_t0,wide,DEoptim,9865,8.4879831703e-314
91,DFT_CRT,time_and_value_scaling_t0,wide,DEoptim,9866,4.2439915824e-313
91,DFT_CRT,time_and_value_scaling_t0,wide,DEoptim,9867,2.121995791e-314
91,DFT_CRT,time_and_value_scaling_t0,wide,DEoptim,9868,1683245093761564e197
91,DFT_CRT,time_and_value_scaling_t0,wide,DEoptim,9869,5.156449773305e-312
91,DFT_CRT,time_and_value_scaling_t0,wide,DEoptim,9870,3.1315518862806464e-294
91,DFT_CRT,time_and_value_scaling_t0,wide,DEoptim,9871,6.95420460615203e-310
91,DFT_CRT,time_and_value_scaling_t0,wide,DEoptim,9872,2.121995791e-314
91,DFT_CRT,time_and_value_scaling_t0,wide,DEoptim,9873,2.0522703578448527e-289
91,DFT_CRT,time_and_value_scaling_t0,wide,DEoptim,9874,5.430319853827e-312
91,DFT_CRT,time_and_value_scaling_t0,wide,DEoptim,9875,5.56270586622599e-309
91,DFT_CRT,time_and_value_scaling_t0,wide,DEoptim,9876,6059732824249193e218
91,DFT_CRT,time_and_value_scaling_t0,wide,DEoptim,9877,1064002501037983e233
91,DFT_CRT,time_and_value_scaling_t0,wide,DEoptim,9878,2.554799404253e-312
91,DFT_CRT,time_and_value_scaling_t0,wide,DEoptim,9879,7229482628858773e206
91,DFT_CRT,time_and_value_scaling_t0,wide,DEoptim,9880,5.156449773305e-312
91,DFT_CRT,time_and_value_scaling_t0,wide,DEoptim,9881,2034918454588063e221
91,DFT_CRT,time_and_value_scaling_t0,wide,DEoptim,9882,5.156449773305e-312
91,DFT_CRT,time_and_value_scaling_t0,wide,DEoptim,9883,1333604158398834e226
91,DFT_CRT,time_and_value_scaling_t0,wide,DEoptim,9884,5.156449773305e-312
91,DFT_CRT,time_and_value_scaling_t0,wide,DEoptim,9885,3105039145794776e216
91,DFT_CRT,time_and_value_scaling_t0,wide,DEoptim,9886,5.156449773305e-312
91,DFT_CRT,time_and_value_scaling_t0,wide,DEoptim,9887,5.156449772737e-312
91,DFT_CRT,time_and_value_scaling_t0,wide,DEoptim,9888,5.15644977275e-312
91,DFT_CRT,time_and_value_scaling_t0,wide,DEoptim,9889,8739908212482605e230
91,DFT_CRT,time_and_value_scaling_t0,wide,DEoptim,9890,5.156449773305e-312
91,DFT_CRT,time_and_value_scaling_t0,wide,DEoptim,9891,4.45619116814e-313
91,DFT_CRT,time_and_value_scaling_t0,wide,DEoptim,9892,1.6975966334e-313
91,DFT_CRT,time_and_value_scaling_t0,wide,DEoptim,9893,4.8805903197e-313
91,DFT_CRT,time_and_value_scaling_t0,wide,DEoptim,9894,6.15378779385e-313
91,DFT_CRT,time_and_value_scaling_t0,wide,DEoptim,9895,8.06358400577e-313
91,DFT_CRT,time_and_value_scaling_t0,wide,DEoptim,9896,2.121995791e-314
91,DFT_CRT,time_and_value_scaling_t0,wide,DEoptim,9897,5.156449772065e-312
91,DFT_CRT,time_and_value_scaling_t0,wide,DEoptim,9898,5727786246132601e235
91,DFT_CRT,time_and_value_scaling_t0,wide,DEoptim,9899,4.45619117363e-313
91,DFT_CRT,time_and_value_scaling_t0,wide,DEoptim,9900,2.3341953707e-313
91,DFT_CRT,time_and_value_scaling_t0,wide,DEoptim,9901,4.2439915824e-313
91,DFT_CRT,time_and_value_scaling_t0,wide,DEoptim,9902,2.334195370067e-312
91,DFT_CRT,time_and_value_scaling_t0,wide,DEoptim,9903,2.12199579097e-313
91,DFT_CRT,time_and_value_scaling_t0,wide,DEoptim,9904,4.24399159e-314
91,DFT_CRT,time_and_value_scaling_t0,wide,DEoptim,9905,5.24e-322
91,DFT_CRT,time_and_value_scaling_t0,wide,DEoptim,9906,8.4879831644e-314
91,DFT_CRT,time_and_value_scaling_t0,wide,DEoptim,9907,3.11933381392e-312
91,DFT_CRT,time_and_value_scaling_t0,wide,DEoptim,9908,5.42020721763e-312
91,DFT_CRT,time_and_value_scaling_t0,wide,DEoptim,9909,3.39519326633e-313
91,DFT_CRT,time_and_value_scaling_t0,wide,DEoptim,9910,1.90980916355e-313
91,DFT_CRT,time_and_value_scaling_t0,wide,DEoptim,9911,9822021087827964e237
91,DFT_CRT,time_and_value_scaling_t0,wide,DEoptim,9912,28675233187543966e145
91,DFT_CRT,time_and_value_scaling_t0,wide,DEoptim,9913,4.576713129747424e-246
91,DFT_CRT,time_and_value_scaling_t0,wide,DEoptim,9914,1.0655987286082643e-255
91,DFT_CRT,time_and_value_scaling_t0,wide,DEoptim,9915,7.291122019556605e-304
91,DFT_CRT,time_and_value_scaling_t0,wide,DEoptim,9916,8.289046e-317
91,DFT_CRT,time_and_value_scaling_t0,wide,DEoptim,9917,0
91,DFT_CRT,time_and_value_scaling_t0,wide,DEoptim,9918,4.778309762337662e-299
91,DFT_CRT,time_and_value_scaling_t0,wide,DEoptim,9919,0
91,DFT_CRT,time_and_value_scaling_t0,wide,DEoptim,9920,5.972887158420601e-299
91,DFT_CRT,time_and_value_scaling_t0,wide,DEoptim,9921,1.2882309820211476e-231
91,DFT_CRT,time_and_value_scaling_t0,wide,DEoptim,9922,2.4834631584438887e-265
91,DFT_CRT,time_and_value_scaling_t0,wide,DEoptim,9923,17571863260639937e227
91,DFT_CRT,time_and_value_scaling_t0,wide,DEoptim,9924,6933350747771166e30
91,DFT_CRT,time_and_value_scaling_t0,wide,DEoptim,9925,-8371164748194542e283
91,DFT_CRT,time_and_value_scaling_t0,wide,DEoptim,9926,5.434845090117003e-246
91,DFT_CRT,time_and_value_scaling_t0,wide,DEoptim,9927,2.71681773612e-312
91,DFT_CRT,time_and_value_scaling_t0,wide,DEoptim,9928,0
91,DFT_CRT,time_and_value_scaling_t0,wide,DEoptim,9929,0
91,DFT_CRT,time_and_value_scaling_t0,wide,DEoptim,9930,0
91,DFT_CRT,time_and_value_scaling_t0,wide,DEoptim,9931,5.972887158420601e-299
91,DFT_CRT,time_and_value_scaling_t0,wide,DEoptim,9932,1.2882309820211476e-231
91,DFT_CRT,time_and_value_scaling_t0,wide,DEoptim,9933,2.4834631584438887e-265
91,DFT_CRT,time_and_value_scaling_t0,wide,DEoptim,9934,17571863260639937e227
91,DFT_CRT,time_and_value_scaling_t0,wide,DEoptim,9935,6933350747771166e30
91,DFT_CRT,time_and_value_scaling_t0,wide,DEoptim,9936,-8371164748194542e283
91,DFT_CRT,time_and_value_scaling_t0,wide,DEoptim,9937,-965557838723677e291
91,DFT_CRT,time_and_value_scaling_t0,wide,DEoptim,9938,-1.5573756209150576e-207
91,DFT_CRT,time_and_value_scaling_t0,wide,DEoptim,9939,-9216688461733275e290
91,DFT_CRT,time_and_value_scaling_t0,wide,DEoptim,9940,-2.3763666090622827e-212
91,DFT_CRT,time_and_value_scaling_t0,wide,DEoptim,9941,-6.688877359417866e-198
91,DFT_CRT,time_and_value_scaling_t0,wide,DEoptim,9942,-10094468312740265e290
91,DFT_CRT,time_and_value_scaling_t0,wide,DEoptim,9943,-4.383622666268093e-193
91,DFT_CRT,time_and_value_scaling_t0,wide,DEoptim,9944,4.576711826228506e-246
91,DFT_CRT,time_and_value_scaling_t0,wide,DEoptim,9945,1.6259745860958227e-260
91,DFT_CRT,time_and_value_scaling_t0,wide,DEoptim,9946,7.29112256278732e-304
91,DFT_CRT,time_and_value_scaling_t0,wide,DEoptim,9947,6.051003623e-315
91,DFT_CRT,time_and_value_scaling_t0,wide,DEoptim,9948,7.29112207387949e-304
91,DFT_CRT,time_and_value_scaling_t0,wide,DEoptim,9949,-873990000769894e231
91,DFT_CRT,time_and_value_scaling_t0,wide,DEoptim,9950,7.291126175272955e-304
91,DFT_CRT,time_and_value_scaling_t0,wide,DEoptim,9951,7.291128957421636e-304
91,DFT_CRT,time_and_value_scaling_t0,wide,DEoptim,9952,4.576715816429352e-246
91,DFT_CRT,time_and_value_scaling_t0,wide,DEoptim,9953,5.776622282774358e-275
91,DFT_CRT,time_and_value_scaling_t0,wide,DEoptim,9954,7.291122019556605e-304
91,DFT_CRT,time_and_value_scaling_t0,wide,DEoptim,9955,8.289046e-317
91,DFT_CRT,time_and_value_scaling_t0,wide,DEoptim,9956,0
91,DFT_CRT,time_and_value_scaling_t0,wide,DEoptim,9957,5.972887158420601e-299
91,DFT_CRT,time_and_value_scaling_t0,wide,DEoptim,9958,1.2882309820211476e-231
91,DFT_CRT,time_and_value_scaling_t0,wide,DEoptim,9959,2.4834631584438887e-265
91,DFT_CRT,time_and_value_scaling_t0,wide,DEoptim,9960,17571863260639937e227
91,DFT_CRT,time_and_value_scaling_t0,wide,DEoptim,9961,6933350747771166e30
91,DFT_CRT,time_and_value_scaling_t0,wide,DEoptim,9962,-8371164748194542e283
91,DFT_CRT,time_and_value_scaling_t0,wide,DEoptim,9963,-1.0206416869228921e-202
91,DFT_CRT,time_and_value_scaling_t0,wide,DEoptim,9964,-1053335823824376e291
91,DFT_CRT,time_and_value_scaling_t0,wide,DEoptim,9965,-1.233880087896115e-178
91,DFT_CRT,time_and_value_scaling_t0,wide,DEoptim,9966,4.576711826228506e-246
91,DFT_CRT,time_and_value_scaling_t0,wide,DEoptim,9967,1.625974567924141e-260
91,DFT_CRT,time_and_value_scaling_t0,wide,DEoptim,9968,1.65780921e-315
91,DFT_CRT,time_and_value_scaling_t0,wide,DEoptim,9969,3.131513074179815e-294
91,DFT_CRT,time_and_value_scaling_t0,wide,DEoptim,9970,-651477235212991e289
91,DFT_CRT,time_and_value_scaling_t0,wide,DEoptim,9971,-1.233880087896115e-178
91,DFT_CRT,time_and_value_scaling_t0,wide,DEoptim,9972,5.434845090117003e-246
91,DFT_CRT,time_and_value_scaling_t0,wide,DEoptim,9973,2.71648617428e-312
91,DFT_CRT,time_and_value_scaling_t0,wide,DEoptim,9974,7.291122046717944e-304
91,DFT_CRT,time_and_value_scaling_t0,wide,DEoptim,9975,5.972887176221192e-299
91,DFT_CRT,time_and_value_scaling_t0,wide,DEoptim,9976,1.2882309820211476e-231
91,DFT_CRT,time_and_value_scaling_t0,wide,DEoptim,9977,2.4834631584438887e-265
91,DFT_CRT,time_and_value_scaling_t0,wide,DEoptim,9978,17571863260639937e227
91,DFT_CRT,time_and_value_scaling_t0,wide,DEoptim,9979,6933350747771166e30
91,DFT_CRT,time_and_value_scaling_t0,wide,DEoptim,9980,-8371164748194542e283
91,DFT_CRT,time_and_value_scaling_t0,wide,DEoptim,9981,-1.882751598962578e-183
91,DFT_CRT,time_and_value_scaling_t0,wide,DEoptim,9982,-8.08635654403598e-174
91,DFT_CRT,time_and_value_scaling_t0,wide,DEoptim,9983,1.2882298307039035e-231
91,DFT_CRT,time_and_value_scaling_t0,wide,DEoptim,9984,2.4834631584438887e-265
91,DFT_CRT,time_and_value_scaling_t0,wide,DEoptim,9985,2.5579072455129053e-152
91,DFT_CRT,time_and_value_scaling_t0,wide,DEoptim,9986,12773206998001062e216
91,DFT_CRT,time_and_value_scaling_t0,wide,DEoptim,9987,33222987250656366e241
91,DFT_CRT,time_and_value_scaling_t0,wide,DEoptim,9988,10639991274884907e232
91,DFT_CRT,time_and_value_scaling_t0,wide,DEoptim,9989,1.2169808699115925e-152
91,DFT_CRT,time_and_value_scaling_t0,wide,DEoptim,9990,1336552117567126e170
91,DFT_CRT,time_and_value_scaling_t0,wide,DEoptim,9991,7628706936176039e213
91,DFT_CRT,time_and_value_scaling_t0,wide,DEoptim,9992,2.1952657800778177e-152
91,DFT_CRT,time_and_value_scaling_t0,wide,DEoptim,9993,6.8818943878e-313
91,DFT_CRT,time_and_value_scaling_t0,wide,DEoptim,9994,3.39519326633e-313
91,DFT_CRT,time_and_value_scaling_t0,wide,DEoptim,9995,1.90980916355e-313
91,DFT_CRT,time_and_value_scaling_t0,wide,DEoptim,9996,5469114940490978e226
91,DFT_CRT,time_and_value_scaling_t0,wide,DEoptim,9997,1.9687185915496135e-153
91,DFT_CRT,time_and_value_scaling_t0,wide,DEoptim,9998,17468007125519333e227
91,DFT_CRT,time_and_value_scaling_t0,wide,DEoptim,9999,4770922047923507e165
91,DFT_CRT,time_and_value_scaling_t0,wide,DEoptim,10000,6924468682183184e259
91,DFT_CRT,time_and_value_scaling_t0,wide,DEoptim,10001,5.156449773305e-312
91,DFT_CRT,time_and_value_scaling_t0,wide,DEoptim,10002,3.39519327335e-313
91,DFT_CRT,time_and_value_scaling_t0,wide,DEoptim,10003,5.56270586622599e-309
91,DFT_CRT,time_and_value_scaling_t0,wide,DEoptim,10004,5848351730865289e184
91,DFT_CRT,time_and_value_scaling_t0,wide,DEoptim,10005,1.32005114179726e-309
91,DFT_CRT,time_and_value_scaling_t0,wide,DEoptim,10006,1.32005114184225e-309
91,DFT_CRT,time_and_value_scaling_t0,wide,DEoptim,10007,8.691694780157e-311
91,DFT_CRT,time_and_value_scaling_t0,wide,DEoptim,10008,2.052769442741057e-289
91,DFT_CRT,time_and_value_scaling_t0,wide,DEoptim,10009,2256596286839285e146
91,DFT_CRT,time_and_value_scaling_t0,wide,DEoptim,10010,1403633746400796e180
91,DFT_CRT,time_and_value_scaling_t0,wide,DEoptim,10011,2.920409443222536e-308
91,DFT_CRT,time_and_value_scaling_t0,wide,DEoptim,10012,8.344026973611286e-309
91,DFT_CRT,time_and_value_scaling_t0,wide,DEoptim,10013,3.198543671927893e-308
91,DFT_CRT,time_and_value_scaling_t0,wide,DEoptim,10014,6.118953110959562e-308
91,DFT_CRT,time_and_value_scaling_t0,wide,DEoptim,10015,1.390671161567e-309
91,DFT_CRT,time_and_value_scaling_t0,wide,DEoptim,10016,4.329103699270761e-304
91,DFT_CRT,time_and_value_scaling_t0,wide,DEoptim,10017,1.39067121402112e-309
91,DFT_CRT,time_and_value_scaling_t0,wide,DEoptim,10018,1.807872518309199e-308
91,DFT_CRT,time_and_value_scaling_t0,wide,DEoptim,10019,-8.34402697361508e-309
91,DFT_CRT,time_and_value_scaling_t0,wide,DEoptim,10020,0
91,DFT_CRT,time_and_value_scaling_t0,wide,DEoptim,10021,0
91,DFT_CRT,time_and_value_scaling_t0,wide,DEoptim,10022,0
91,DFT_CRT,time_and_value_scaling_t0,wide,DEoptim,10023,7.269761310621657e-304
91,DFT_CRT,time_and_value_scaling_t0,wide,DEoptim,10024,1.390671166747655e-309
91,DFT_CRT,time_and_value_scaling_t0,wide,DEoptim,10025,6483618077225699e163
91,DFT_CRT,time_and_value_scaling_t0,wide,DEoptim,10026,48233772253083966e212
91,DFT_CRT,time_and_value_scaling_t0,wide,DEoptim,10027,2.171321743798039e-306
91,DFT_CRT,time_and_value_scaling_t0,wide,DEoptim,10028,4.329103712586284e-304
91,DFT_CRT,time_and_value_scaling_t0,wide,DEoptim,10029,4.329103707599594e-304
91,DFT_CRT,time_and_value_scaling_t0,wide,DEoptim,10030,1.39067121304975e-309
91,DFT_CRT,time_and_value_scaling_t0,wide,DEoptim,10031,4.329103712664823e-304
91,DFT_CRT,time_and_value_scaling_t0,wide,DEoptim,10032,4.329103707758744e-304
91,DFT_CRT,time_and_value_scaling_t0,wide,DEoptim,10033,2.2250738638173715e-308
91,DFT_CRT,time_and_value_scaling_t0,wide,DEoptim,10034,1.390671166747655e-309
91,DFT_CRT,time_and_value_scaling_t0,wide,DEoptim,10035,6621559811802415e82
91,DFT_CRT,time_and_value_scaling_t0,wide,DEoptim,10036,8423400391874655e261
91,DFT_CRT,time_and_value_scaling_t0,wide,DEoptim,10037,30318104663121637e164
91,DFT_CRT,time_and_value_scaling_t0,wide,DEoptim,10038,5224112397996742e242
91,DFT_CRT,time_and_value_scaling_t0,wide,DEoptim,10039,16749482415060775e227
91,DFT_CRT,time_and_value_scaling_t0,wide,DEoptim,10040,8324656514092726e136
91,DFT_CRT,time_and_value_scaling_t0,wide,DEoptim,10041,2649366550536285e165
91,DFT_CRT,time_and_value_scaling_t0,wide,DEoptim,10042,9477511268628276e155
91,DFT_CRT,time_and_value_scaling_t0,wide,DEoptim,10043,6.2718622676968e-310
91,DFT_CRT,time_and_value_scaling_t0,wide,DEoptim,10044,5.432309226136e-311
91,DFT_CRT,time_and_value_scaling_t0,wide,DEoptim,10045,1.265e-321
91,DFT_CRT,time_and_value_scaling_t0,wide,DEoptim,10046,8.9633102241108e-310
91,DFT_CRT,time_and_value_scaling_t0,wide,DEoptim,10047,1.379806543124848e-309
91,DFT_CRT,time_and_value_scaling_t0,wide,DEoptim,10048,1.38576943418033e-309
91,DFT_CRT,time_and_value_scaling_t0,wide,DEoptim,10049,1.37980654311979e-309
91,DFT_CRT,time_and_value_scaling_t0,wide,DEoptim,10050,1.38579065413824e-309
91,DFT_CRT,time_and_value_scaling_t0,wide,DEoptim,10051,1.37980654311979e-309
91,DFT_CRT,time_and_value_scaling_t0,wide,DEoptim,10052,1.387870127122927e-309
91,DFT_CRT,time_and_value_scaling_t0,wide,DEoptim,10053,1.38581187409868e-309
91,DFT_CRT,time_and_value_scaling_t0,wide,DEoptim,10054,5.432309224871e-311
91,DFT_CRT,time_and_value_scaling_t0,wide,DEoptim,10055,1.265e-321
91,DFT_CRT,time_and_value_scaling_t0,wide,DEoptim,10056,1.37980654311726e-309
91,DFT_CRT,time_and_value_scaling_t0,wide,DEoptim,10057,1.38787012712419e-309
91,DFT_CRT,time_and_value_scaling_t0,wide,DEoptim,10058,1.379806543124848e-309
91,DFT_CRT,time_and_value_scaling_t0,wide,DEoptim,10059,1.38576943418033e-309
91,DFT_CRT,time_and_value_scaling_t0,wide,DEoptim,10060,1.37980654311979e-309
91,DFT_CRT,time_and_value_scaling_t0,wide,DEoptim,10061,1.38536617208959e-309
91,DFT_CRT,time_and_value_scaling_t0,wide,DEoptim,10062,1.37980654311979e-309
91,DFT_CRT,time_and_value_scaling_t0,wide,DEoptim,10063,1.387870127122927e-309
91,DFT_CRT,time_and_value_scaling_t0,wide,DEoptim,10064,1.38581187409868e-309
91,DFT_CRT,time_and_value_scaling_t0,wide,DEoptim,10065,5.432309224871e-311
91,DFT_CRT,time_and_value_scaling_t0,wide,DEoptim,10066,1.265e-321
91,DFT_CRT,time_and_value_scaling_t0,wide,DEoptim,10067,1.37980654311726e-309
91,DFT_CRT,time_and_value_scaling_t0,wide,DEoptim,10068,1.0321387529658e-310
91,DFT_CRT,time_and_value_scaling_t0,wide,DEoptim,10069,1.0949498285175e-311
91,DFT_CRT,time_and_value_scaling_t0,wide,DEoptim,10070,1.363509615765794e-309
91,DFT_CRT,time_and_value_scaling_t0,wide,DEoptim,10071,1.14078494043554e-310
91,DFT_CRT,time_and_value_scaling_t0,wide,DEoptim,10072,7.062001992712e-311
91,DFT_CRT,time_and_value_scaling_t0,wide,DEoptim,10073,5.4323092262624e-311
91,DFT_CRT,time_and_value_scaling_t0,wide,DEoptim,10074,5.432309250167e-312
91,DFT_CRT,time_and_value_scaling_t0,wide,DEoptim,10075,1.08646185699e-311
91,DFT_CRT,time_and_value_scaling_t0,wide,DEoptim,10076,1.4124003985171e-310
91,DFT_CRT,time_and_value_scaling_t0,wide,DEoptim,10077,2.1186005977503e-310
91,DFT_CRT,time_and_value_scaling_t0,wide,DEoptim,10078,5.432309231195e-312
91,DFT_CRT,time_and_value_scaling_t0,wide,DEoptim,10079,3.259385535808e-311
91,DFT_CRT,time_and_value_scaling_t0,wide,DEoptim,10080,3.2126e-319
91,DFT_CRT,time_and_value_scaling_t0,wide,DEoptim,10081,1.0864618772367e-311
91,DFT_CRT,time_and_value_scaling_t0,wide,DEoptim,10082,1.32548345118981e-309
91,DFT_CRT,time_and_value_scaling_t0,wide,DEoptim,10083,3.2593855349227e-311
91,DFT_CRT,time_and_value_scaling_t0,wide,DEoptim,10084,3.2126e-319
91,DFT_CRT,time_and_value_scaling_t0,wide,DEoptim,10085,1.0864618772896e-311
91,DFT_CRT,time_and_value_scaling_t0,wide,DEoptim,10086,3.2126e-319
91,DFT_CRT,time_and_value_scaling_t0,wide,DEoptim,10087,1.0864618772846e-311
91,DFT_CRT,time_and_value_scaling_t0,wide,DEoptim,10088,3.2126e-319
91,DFT_CRT,time_and_value_scaling_t0,wide,DEoptim,10089,3.2315e-319
91,DFT_CRT,time_and_value_scaling_t0,wide,DEoptim,10090,1.0864618771003e-311
91,DFT_CRT,time_and_value_scaling_t0,wide,DEoptim,10091,1.32548345118981e-309
91,DFT_CRT,time_and_value_scaling_t0,wide,DEoptim,10092,3.259385535049e-311
91,DFT_CRT,time_and_value_scaling_t0,wide,DEoptim,10093,3.2126e-319
91,DFT_CRT,time_and_value_scaling_t0,wide,DEoptim,10094,3.2311e-319
91,DFT_CRT,time_and_value_scaling_t0,wide,DEoptim,10095,3.2126e-319
91,DFT_CRT,time_and_value_scaling_t0,wide,DEoptim,10096,5.43230954613e-312
91,DFT_CRT,time_and_value_scaling_t0,wide,DEoptim,10097,5.43230954802e-312
91,DFT_CRT,time_and_value_scaling_t0,wide,DEoptim,10098,1.32005114196678e-309
91,DFT_CRT,time_and_value_scaling_t0,wide,DEoptim,10099,5.43230922487e-312
91,DFT_CRT,time_and_value_scaling_t0,wide,DEoptim,10100,1.320051141966786e-309
91,DFT_CRT,time_and_value_scaling_t0,wide,DEoptim,10101,7.062001992459e-311
91,DFT_CRT,time_and_value_scaling_t0,wide,DEoptim,10102,2.855743230279943e-306
91,DFT_CRT,time_and_value_scaling_t0,wide,DEoptim,10103,5.43230922487e-312
91,DFT_CRT,time_and_value_scaling_t0,wide,DEoptim,10104,1.629692767588e-311
91,DFT_CRT,time_and_value_scaling_t0,wide,DEoptim,10105,1.629692767841e-311
91,DFT_CRT,time_and_value_scaling_t0,wide,DEoptim,10106,2.716154613068e-311
91,DFT_CRT,time_and_value_scaling_t0,wide,DEoptim,10107,2.716154613068e-311
91,DFT_CRT,time_and_value_scaling_t0,wide,DEoptim,10108,1.0949498287705e-311
91,DFT_CRT,time_and_value_scaling_t0,wide,DEoptim,10109,8.691694792161e-311
91,DFT_CRT,time_and_value_scaling_t0,wide,DEoptim,10110,4.8891114586947e-311
91,DFT_CRT,time_and_value_scaling_t0,wide,DEoptim,10111,7497795326462078e232
91,DFT_CRT,time_and_value_scaling_t0,wide,DEoptim,10112,59927003901658496e159
91,DFT_CRT,time_and_value_scaling_t0,wide,DEoptim,10113,1.379806543269535e-309
91,DFT_CRT,time_and_value_scaling_t0,wide,DEoptim,10114,1.32005114196494e-309
91,DFT_CRT,time_and_value_scaling_t0,wide,DEoptim,10115,1.3200511418549e-309
91,DFT_CRT,time_and_value_scaling_t0,wide,DEoptim,10116,3.2593855559185e-311
91,DFT_CRT,time_and_value_scaling_t0,wide,DEoptim,10117,7.291122019661668e-304
91,DFT_CRT,time_and_value_scaling_t0,wide,DEoptim,10118,1.086461877239e-311
91,DFT_CRT,time_and_value_scaling_t0,wide,DEoptim,10119,7.291122019661668e-304
91,DFT_CRT,time_and_value_scaling_t0,wide,DEoptim,10120,1.0864618772397e-311
91,DFT_CRT,time_and_value_scaling_t0,wide,DEoptim,10121,3.2126e-319
91,DFT_CRT,time_and_value_scaling_t0,wide,DEoptim,10122,7.294682137835897e-304
91,DFT_CRT,time_and_value_scaling_t0,wide,DEoptim,10123,1.320051141966336e-309
91,DFT_CRT,time_and_value_scaling_t0,wide,DEoptim,10124,2.11223e-319
91,DFT_CRT,time_and_value_scaling_t0,wide,DEoptim,10125,5.43230954613e-312
91,DFT_CRT,time_and_value_scaling_t0,wide,DEoptim,10126,3.259385567237e-311
91,DFT_CRT,time_and_value_scaling_t0,wide,DEoptim,10127,7.291122019661668e-304
91,DFT_CRT,time_and_value_scaling_t0,wide,DEoptim,10128,1.086461877239e-311
91,DFT_CRT,time_and_value_scaling_t0,wide,DEoptim,10129,3.2126e-319
91,DFT_CRT,time_and_value_scaling_t0,wide,DEoptim,10130,1.08646187723e-311
91,DFT_CRT,time_and_value_scaling_t0,wide,DEoptim,10131,3.2126e-319
91,DFT_CRT,time_and_value_scaling_t0,wide,DEoptim,10132,7.294682137835897e-304
91,DFT_CRT,time_and_value_scaling_t0,wide,DEoptim,10133,1.320051141966336e-309
91,DFT_CRT,time_and_value_scaling_t0,wide,DEoptim,10134,2.11223e-319
91,DFT_CRT,time_and_value_scaling_t0,wide,DEoptim,10135,1.32005114196494e-309
91,DFT_CRT,time_and_value_scaling_t0,wide,DEoptim,10136,1.32005114185743e-309
91,DFT_CRT,time_and_value_scaling_t0,wide,DEoptim,10137,5.43230943736e-312
91,DFT_CRT,time_and_value_scaling_t0,wide,DEoptim,10138,1.320051141966835e-309
91,DFT_CRT,time_and_value_scaling_t0,wide,DEoptim,10139,1.14078493938575e-310
91,DFT_CRT,time_and_value_scaling_t0,wide,DEoptim,10140,2.1729236915927e-311
91,DFT_CRT,time_and_value_scaling_t0,wide,DEoptim,10141,1.0864618451007e-310
91,DFT_CRT,time_and_value_scaling_t0,wide,DEoptim,10142,5.43230922487e-312
91,DFT_CRT,time_and_value_scaling_t0,wide,DEoptim,10143,5.432309228666e-312
91,DFT_CRT,time_and_value_scaling_t0,wide,DEoptim,10144,1.320051141966736e-309
91,DFT_CRT,time_and_value_scaling_t0,wide,DEoptim,10145,7.0620020139606e-311
91,DFT_CRT,time_and_value_scaling_t0,wide,DEoptim,10146,2.850875881214458e-306
91,DFT_CRT,time_and_value_scaling_t0,wide,DEoptim,10147,5.43230922487e-312
91,DFT_CRT,time_and_value_scaling_t0,wide,DEoptim,10148,5.432309226136e-312
91,DFT_CRT,time_and_value_scaling_t0,wide,DEoptim,10149,1.39016188257972e-309
91,DFT_CRT,time_and_value_scaling_t0,wide,DEoptim,10150,2.052769442741057e-289
91,DFT_CRT,time_and_value_scaling_t0,wide,DEoptim,10151,8901762849639419e256
91,DFT_CRT,time_and_value_scaling_t0,wide,DEoptim,10152,908366792581525e209
91,DFT_CRT,time_and_value_scaling_t0,wide,DEoptim,10153,6.5402864748936e-310
91,DFT_CRT,time_and_value_scaling_t0,wide,DEoptim,10154,1.14078494043554e-310
91,DFT_CRT,time_and_value_scaling_t0,wide,DEoptim,10155,2.1729236915927e-311
91,DFT_CRT,time_and_value_scaling_t0,wide,DEoptim,10156,1.0864618451007e-310
91,DFT_CRT,time_and_value_scaling_t0,wide,DEoptim,10157,5.43230922487e-312
91,DFT_CRT,time_and_value_scaling_t0,wide,DEoptim,10158,5.432309228666e-312
91,DFT_CRT,time_and_value_scaling_t0,wide,DEoptim,10159,1.32005114196623e-309
91,DFT_CRT,time_and_value_scaling_t0,wide,DEoptim,10160,7.0620020139606e-311
91,DFT_CRT,time_and_value_scaling_t0,wide,DEoptim,10161,2.850875881214458e-306
91,DFT_CRT,time_and_value_scaling_t0,wide,DEoptim,10162,5.43230922487e-312
91,DFT_CRT,time_and_value_scaling_t0,wide,DEoptim,10163,5.432309226136e-312
91,DFT_CRT,time_and_value_scaling_t0,wide,DEoptim,10164,1.39016188257972e-309
91,DFT_CRT,time_and_value_scaling_t0,wide,DEoptim,10165,2.052769442741057e-289
91,DFT_CRT,time_and_value_scaling_t0,wide,DEoptim,10166,8901762849639419e256
91,DFT_CRT,time_and_value_scaling_t0,wide,DEoptim,10167,908366792581525e209
91,DFT_CRT,time_and_value_scaling_t0,wide,DEoptim,10168,6.5402864748936e-310
91,DFT_CRT,time_and_value_scaling_t0,wide,DEoptim,10169,1.14078494043554e-310
91,DFT_CRT,time_and_value_scaling_t0,wide,DEoptim,10170,2.1729236915927e-311
91,DFT_CRT,time_and_value_scaling_t0,wide,DEoptim,10171,1.0864618451007e-310
91,DFT_CRT,time_and_value_scaling_t0,wide,DEoptim,10172,5.43230922487e-312
91,DFT_CRT,time_and_value_scaling_t0,wide,DEoptim,10173,5.432309228666e-312
91,DFT_CRT,time_and_value_scaling_t0,wide,DEoptim,10174,1.320051141966217e-309
91,DFT_CRT,time_and_value_scaling_t0,wide,DEoptim,10175,7.0620020139606e-311
91,DFT_CRT,time_and_value_scaling_t0,wide,DEoptim,10176,2.850875881214458e-306
91,DFT_CRT,time_and_value_scaling_t0,wide,DEoptim,10177,5.43230922487e-312
91,DFT_CRT,time_and_value_scaling_t0,wide,DEoptim,10178,5.432309226136e-312
91,DFT_CRT,time_and_value_scaling_t0,wide,DEoptim,10179,1.39016188257972e-309
91,DFT_CRT,time_and_value_scaling_t0,wide,DEoptim,10180,2.052769442741057e-289
91,DFT_CRT,time_and_value_scaling_t0,wide,DEoptim,10181,8901762849639419e256
91,DFT_CRT,time_and_value_scaling_t0,wide,DEoptim,10182,908366792581525e209
91,DFT_CRT,time_and_value_scaling_t0,wide,DEoptim,10183,6.5402864748936e-310
91,DFT_CRT,time_and_value_scaling_t0,wide,DEoptim,10184,1.14078494043554e-310
91,DFT_CRT,time_and_value_scaling_t0,wide,DEoptim,10185,2.1729236915927e-311
91,DFT_CRT,time_and_value_scaling_t0,wide,DEoptim,10186,1.0864618451007e-310
91,DFT_CRT,time_and_value_scaling_t0,wide,DEoptim,10187,5.43230922487e-312
91,DFT_CRT,time_and_value_scaling_t0,wide,DEoptim,10188,5.432309228666e-312
91,DFT_CRT,time_and_value_scaling_t0,wide,DEoptim,10189,1.32005114196629e-309
91,DFT_CRT,time_and_value_scaling_t0,wide,DEoptim,10190,7.0620020139606e-311
91,DFT_CRT,time_and_value_scaling_t0,wide,DEoptim,10191,2.850875881214458e-306
91,DFT_CRT,time_and_value_scaling_t0,wide,DEoptim,10192,5.43230922487e-312
91,DFT_CRT,time_and_value_scaling_t0,wide,DEoptim,10193,5.432309226136e-312
91,DFT_CRT,time_and_value_scaling_t0,wide,DEoptim,10194,1.39016188257972e-309
91,DFT_CRT,time_and_value_scaling_t0,wide,DEoptim,10195,2.052769442741057e-289
91,DFT_CRT,time_and_value_scaling_t0,wide,DEoptim,10196,8901762849639419e256
91,DFT_CRT,time_and_value_scaling_t0,wide,DEoptim,10197,908366792581525e209
91,DFT_CRT,time_and_value_scaling_t0,wide,DEoptim,10198,6.5402864748936e-310
91,DFT_CRT,time_and_value_scaling_t0,wide,DEoptim,10199,1.32005114196494e-309
91,DFT_CRT,time_and_value_scaling_t0,wide,DEoptim,10200,5.43230943989e-312
91,DFT_CRT,time_and_value_scaling_t0,wide,DEoptim,10201,1.32005114196684e-309
91,DFT_CRT,time_and_value_scaling_t0,wide,DEoptim,10202,1.14078493941105e-310
91,DFT_CRT,time_and_value_scaling_t0,wide,DEoptim,10203,3.802616459054e-311
91,DFT_CRT,time_and_value_scaling_t0,wide,DEoptim,10204,1.0864618451007e-310
91,DFT_CRT,time_and_value_scaling_t0,wide,DEoptim,10205,3.96558573416855e-310
91,DFT_CRT,time_and_value_scaling_t0,wide,DEoptim,10206,1.086461844974e-311
91,DFT_CRT,time_and_value_scaling_t0,wide,DEoptim,10207,2.172923690075e-311
91,DFT_CRT,time_and_value_scaling_t0,wide,DEoptim,10208,9.4522180543492e-310
91,DFT_CRT,time_and_value_scaling_t0,wide,DEoptim,10209,1.385302512217124e-309
91,DFT_CRT,time_and_value_scaling_t0,wide,DEoptim,10210,1.38799744687165e-309
91,DFT_CRT,time_and_value_scaling_t0,wide,DEoptim,10211,7.0683679813496e-311
91,DFT_CRT,time_and_value_scaling_t0,wide,DEoptim,10212,4.1454084e-317
91,DFT_CRT,time_and_value_scaling_t0,wide,DEoptim,10213,5.432309226136e-312
91,DFT_CRT,time_and_value_scaling_t0,wide,DEoptim,10214,0
91,DFT_CRT,time_and_value_scaling_t0,wide,DEoptim,10215,0
91,DFT_CRT,time_and_value_scaling_t0,wide,DEoptim,10216,1.39016188257972e-309
91,DFT_CRT,time_and_value_scaling_t0,wide,DEoptim,10217,2.052769442741057e-289
91,DFT_CRT,time_and_value_scaling_t0,wide,DEoptim,10218,8901762849639419e256
91,DFT_CRT,time_and_value_scaling_t0,wide,DEoptim,10219,908366792581525e209
91,DFT_CRT,time_and_value_scaling_t0,wide,DEoptim,10220,6.5402864748936e-310
91,DFT_CRT,time_and_value_scaling_t0,wide,DEoptim,10221,1.14078494043554e-310
91,DFT_CRT,time_and_value_scaling_t0,wide,DEoptim,10222,3.802616459054e-311
91,DFT_CRT,time_and_value_scaling_t0,wide,DEoptim,10223,1.0864618451007e-310
91,DFT_CRT,time_and_value_scaling_t0,wide,DEoptim,10224,3.96558573416855e-310
91,DFT_CRT,time_and_value_scaling_t0,wide,DEoptim,10225,1.086461844974e-311
91,DFT_CRT,time_and_value_scaling_t0,wide,DEoptim,10226,2.172923690075e-311
91,DFT_CRT,time_and_value_scaling_t0,wide,DEoptim,10227,9.5065411465979e-310
91,DFT_CRT,time_and_value_scaling_t0,wide,DEoptim,10228,1.385302512217124e-309
91,DFT_CRT,time_and_value_scaling_t0,wide,DEoptim,10229,1.38801866682956e-309
91,DFT_CRT,time_and_value_scaling_t0,wide,DEoptim,10230,7.0683679813496e-311
91,DFT_CRT,time_and_value_scaling_t0,wide,DEoptim,10231,4.1454084e-317
91,DFT_CRT,time_and_value_scaling_t0,wide,DEoptim,10232,5.432309226136e-312
91,DFT_CRT,time_and_value_scaling_t0,wide,DEoptim,10233,0
91,DFT_CRT,time_and_value_scaling_t0,wide,DEoptim,10234,0
91,DFT_CRT,time_and_value_scaling_t0,wide,DEoptim,10235,1.39016188257972e-309
91,DFT_CRT,time_and_value_scaling_t0,wide,DEoptim,10236,2.052769442741057e-289
91,DFT_CRT,time_and_value_scaling_t0,wide,DEoptim,10237,8901762849639419e256
91,DFT_CRT,time_and_value_scaling_t0,wide,DEoptim,10238,908366792581525e209
91,DFT_CRT,time_and_value_scaling_t0,wide,DEoptim,10239,6.5402864748936e-310
91,DFT_CRT,time_and_value_scaling_t0,wide,DEoptim,10240,1.32005114196494e-309
91,DFT_CRT,time_and_value_scaling_t0,wide,DEoptim,10241,1.320051141861224e-309
91,DFT_CRT,time_and_value_scaling_t0,wide,DEoptim,10242,5.432309450007e-312
91,DFT_CRT,time_and_value_scaling_t0,wide,DEoptim,10243,1.32005114196686e-309
91,DFT_CRT,time_and_value_scaling_t0,wide,DEoptim,10244,5.43230944874e-312
91,DFT_CRT,time_and_value_scaling_t0,wide,DEoptim,10245,1.320051141966855e-309
91,DFT_CRT,time_and_value_scaling_t0,wide,DEoptim,10246,1.320051141866283e-309
91,DFT_CRT,time_and_value_scaling_t0,wide,DEoptim,10247,1.32005114187134e-309
91,DFT_CRT,time_and_value_scaling_t0,wide,DEoptim,10248,5.43230945127e-312
91,DFT_CRT,time_and_value_scaling_t0,wide,DEoptim,10249,1.320051141966865e-309
91,DFT_CRT,time_and_value_scaling_t0,wide,DEoptim,10250,1.1407849395249e-310
91,DFT_CRT,time_and_value_scaling_t0,wide,DEoptim,10251,2.1729236915927e-311
91,DFT_CRT,time_and_value_scaling_t0,wide,DEoptim,10252,1.0864618451007e-310
91,DFT_CRT,time_and_value_scaling_t0,wide,DEoptim,10253,5.43230922487e-312
91,DFT_CRT,time_and_value_scaling_t0,wide,DEoptim,10254,5.432309228666e-312
91,DFT_CRT,time_and_value_scaling_t0,wide,DEoptim,10255,1.320051141966213e-309
91,DFT_CRT,time_and_value_scaling_t0,wide,DEoptim,10256,7.062002015352e-311
91,DFT_CRT,time_and_value_scaling_t0,wide,DEoptim,10257,2.850875881214458e-306
91,DFT_CRT,time_and_value_scaling_t0,wide,DEoptim,10258,5.43230922487e-312
91,DFT_CRT,time_and_value_scaling_t0,wide,DEoptim,10259,5.432309226136e-312
91,DFT_CRT,time_and_value_scaling_t0,wide,DEoptim,10260,1.39016188257972e-309
91,DFT_CRT,time_and_value_scaling_t0,wide,DEoptim,10261,2.052769442741057e-289
91,DFT_CRT,time_and_value_scaling_t0,wide,DEoptim,10262,8901762849639419e256
91,DFT_CRT,time_and_value_scaling_t0,wide,DEoptim,10263,908366792581525e209
91,DFT_CRT,time_and_value_scaling_t0,wide,DEoptim,10264,6.5402864748936e-310
91,DFT_CRT,time_and_value_scaling_t0,wide,DEoptim,10265,1.14078494043554e-310
91,DFT_CRT,time_and_value_scaling_t0,wide,DEoptim,10266,3.802616459054e-311
91,DFT_CRT,time_and_value_scaling_t0,wide,DEoptim,10267,1.0864618451007e-310
91,DFT_CRT,time_and_value_scaling_t0,wide,DEoptim,10268,3.96558573416855e-310
91,DFT_CRT,time_and_value_scaling_t0,wide,DEoptim,10269,1.086461844974e-311
91,DFT_CRT,time_and_value_scaling_t0,wide,DEoptim,10270,2.172923690075e-311
91,DFT_CRT,time_and_value_scaling_t0,wide,DEoptim,10271,9.9411258845876e-310
91,DFT_CRT,time_and_value_scaling_t0,wide,DEoptim,10272,1.385302512217124e-309
91,DFT_CRT,time_and_value_scaling_t0,wide,DEoptim,10273,1.38806110674538e-309
91,DFT_CRT,time_and_value_scaling_t0,wide,DEoptim,10274,7.0683679813496e-311
91,DFT_CRT,time_and_value_scaling_t0,wide,DEoptim,10275,4.1454084e-317
91,DFT_CRT,time_and_value_scaling_t0,wide,DEoptim,10276,5.432309226136e-312
91,DFT_CRT,time_and_value_scaling_t0,wide,DEoptim,10277,0
91,DFT_CRT,time_and_value_scaling_t0,wide,DEoptim,10278,0
91,DFT_CRT,time_and_value_scaling_t0,wide,DEoptim,10279,1.39016188257972e-309
91,DFT_CRT,time_and_value_scaling_t0,wide,DEoptim,10280,2.052769442741057e-289
91,DFT_CRT,time_and_value_scaling_t0,wide,DEoptim,10281,8901762849639419e256
91,DFT_CRT,time_and_value_scaling_t0,wide,DEoptim,10282,908366792581525e209
91,DFT_CRT,time_and_value_scaling_t0,wide,DEoptim,10283,6.5402864748936e-310
91,DFT_CRT,time_and_value_scaling_t0,wide,DEoptim,10284,1.32005114196494e-309
91,DFT_CRT,time_and_value_scaling_t0,wide,DEoptim,10285,1.320051141872607e-309
91,DFT_CRT,time_and_value_scaling_t0,wide,DEoptim,10286,5.432309457596e-312
91,DFT_CRT,time_and_value_scaling_t0,wide,DEoptim,10287,1.32005114196652e-309
91,DFT_CRT,time_and_value_scaling_t0,wide,DEoptim,10288,1.14078493957547e-310
91,DFT_CRT,time_and_value_scaling_t0,wide,DEoptim,10289,2.1729236915927e-311
91,DFT_CRT,time_and_value_scaling_t0,wide,DEoptim,10290,1.0864618451007e-310
91,DFT_CRT,time_and_value_scaling_t0,wide,DEoptim,10291,5.43230922487e-312
91,DFT_CRT,time_and_value_scaling_t0,wide,DEoptim,10292,5.432309228666e-312
91,DFT_CRT,time_and_value_scaling_t0,wide,DEoptim,10293,1.320051141966227e-309
91,DFT_CRT,time_and_value_scaling_t0,wide,DEoptim,10294,7.062002015858e-311
91,DFT_CRT,time_and_value_scaling_t0,wide,DEoptim,10295,2.850875881214458e-306
91,DFT_CRT,time_and_value_scaling_t0,wide,DEoptim,10296,5.43230922487e-312
91,DFT_CRT,time_and_value_scaling_t0,wide,DEoptim,10297,5.432309226136e-312
91,DFT_CRT,time_and_value_scaling_t0,wide,DEoptim,10298,1.39016188257972e-309
91,DFT_CRT,time_and_value_scaling_t0,wide,DEoptim,10299,2.052769442741057e-289
91,DFT_CRT,time_and_value_scaling_t0,wide,DEoptim,10300,8901762849639419e256
91,DFT_CRT,time_and_value_scaling_t0,wide,DEoptim,10301,908366792581525e209
91,DFT_CRT,time_and_value_scaling_t0,wide,DEoptim,10302,6.5402864748936e-310
91,DFT_CRT,time_and_value_scaling_t0,wide,DEoptim,10303,1.14078494043554e-310
91,DFT_CRT,time_and_value_scaling_t0,wide,DEoptim,10304,4.345847381541e-311
91,DFT_CRT,time_and_value_scaling_t0,wide,DEoptim,10305,1.24943112184683e-310
91,DFT_CRT,time_and_value_scaling_t0,wide,DEoptim,10306,1.57536967522527e-310
91,DFT_CRT,time_and_value_scaling_t0,wide,DEoptim,10307,2.0642775054763e-310
91,DFT_CRT,time_and_value_scaling_t0,wide,DEoptim,10308,5.43230922487e-312
91,DFT_CRT,time_and_value_scaling_t0,wide,DEoptim,10309,1.320051141648736e-309
91,DFT_CRT,time_and_value_scaling_t0,wide,DEoptim,10310,5.43230946139e-312
91,DFT_CRT,time_and_value_scaling_t0,wide,DEoptim,10311,1.14078494045185e-310
91,DFT_CRT,time_and_value_scaling_t0,wide,DEoptim,10312,2.1729236915927e-311
91,DFT_CRT,time_and_value_scaling_t0,wide,DEoptim,10313,1.0864618451007e-310
91,DFT_CRT,time_and_value_scaling_t0,wide,DEoptim,10314,5.43230922487e-312
91,DFT_CRT,time_and_value_scaling_t0,wide,DEoptim,10315,5.432309228666e-312
91,DFT_CRT,time_and_value_scaling_t0,wide,DEoptim,10316,1.32005114196622e-309
91,DFT_CRT,time_and_value_scaling_t0,wide,DEoptim,10317,7.0620020159843e-311
91,DFT_CRT,time_and_value_scaling_t0,wide,DEoptim,10318,2.850875881214458e-306
91,DFT_CRT,time_and_value_scaling_t0,wide,DEoptim,10319,5.43230922487e-312
91,DFT_CRT,time_and_value_scaling_t0,wide,DEoptim,10320,5.432309226136e-312
91,DFT_CRT,time_and_value_scaling_t0,wide,DEoptim,10321,1.39016188257972e-309
91,DFT_CRT,time_and_value_scaling_t0,wide,DEoptim,10322,2.052769442741057e-289
91,DFT_CRT,time_and_value_scaling_t0,wide,DEoptim,10323,8901762849639419e256
91,DFT_CRT,time_and_value_scaling_t0,wide,DEoptim,10324,908366792581525e209
91,DFT_CRT,time_and_value_scaling_t0,wide,DEoptim,10325,6.5402864748936e-310
91,DFT_CRT,time_and_value_scaling_t0,wide,DEoptim,10326,7.0620020244586e-311
91,DFT_CRT,time_and_value_scaling_t0,wide,DEoptim,10327,2.853657223537592e-306
91,DFT_CRT,time_and_value_scaling_t0,wide,DEoptim,10328,0
91,DFT_CRT,time_and_value_scaling_t0,wide,DEoptim,10329,0
91,DFT_CRT,time_and_value_scaling_t0,wide,DEoptim,10330,0
91,DFT_CRT,time_and_value_scaling_t0,wide,DEoptim,10331,0
91,DFT_CRT,time_and_value_scaling_t0,wide,DEoptim,10332,1.39016188257972e-309
91,DFT_CRT,time_and_value_scaling_t0,wide,DEoptim,10333,2.052769442741057e-289
91,DFT_CRT,time_and_value_scaling_t0,wide,DEoptim,10334,8901762849639419e256
91,DFT_CRT,time_and_value_scaling_t0,wide,DEoptim,10335,908366792581525e209
91,DFT_CRT,time_and_value_scaling_t0,wide,DEoptim,10336,6.5402864748936e-310
91,DFT_CRT,time_and_value_scaling_t0,wide,DEoptim,10337,1.32005114196494e-309
91,DFT_CRT,time_and_value_scaling_t0,wide,DEoptim,10338,1.320051141877666e-309
91,DFT_CRT,time_and_value_scaling_t0,wide,DEoptim,10339,1.1407849396134e-310
91,DFT_CRT,time_and_value_scaling_t0,wide,DEoptim,10340,2.1729236915927e-311
91,DFT_CRT,time_and_value_scaling_t0,wide,DEoptim,10341,1.0864618451007e-310
91,DFT_CRT,time_and_value_scaling_t0,wide,DEoptim,10342,5.43230922487e-312
91,DFT_CRT,time_and_value_scaling_t0,wide,DEoptim,10343,5.432309228666e-312
91,DFT_CRT,time_and_value_scaling_t0,wide,DEoptim,10344,1.32005114196622e-309
91,DFT_CRT,time_and_value_scaling_t0,wide,DEoptim,10345,7.0620020162373e-311
91,DFT_CRT,time_and_value_scaling_t0,wide,DEoptim,10346,2.850875881214458e-306
91,DFT_CRT,time_and_value_scaling_t0,wide,DEoptim,10347,5.43230922487e-312
91,DFT_CRT,time_and_value_scaling_t0,wide,DEoptim,10348,5.432309226136e-312
91,DFT_CRT,time_and_value_scaling_t0,wide,DEoptim,10349,1.39016188257972e-309
91,DFT_CRT,time_and_value_scaling_t0,wide,DEoptim,10350,2.052769442741057e-289
91,DFT_CRT,time_and_value_scaling_t0,wide,DEoptim,10351,8901762849639419e256
91,DFT_CRT,time_and_value_scaling_t0,wide,DEoptim,10352,908366792581525e209
91,DFT_CRT,time_and_value_scaling_t0,wide,DEoptim,10353,6.5402864748936e-310
91,DFT_CRT,time_and_value_scaling_t0,wide,DEoptim,10354,1.32005114196494e-309
91,DFT_CRT,time_and_value_scaling_t0,wide,DEoptim,10355,1.32005114188146e-309
91,DFT_CRT,time_and_value_scaling_t0,wide,DEoptim,10356,1.1407849396387e-310
91,DFT_CRT,time_and_value_scaling_t0,wide,DEoptim,10357,2.1729236915927e-311
91,DFT_CRT,time_and_value_scaling_t0,wide,DEoptim,10358,1.0864618451007e-310
91,DFT_CRT,time_and_value_scaling_t0,wide,DEoptim,10359,5.43230922487e-312
91,DFT_CRT,time_and_value_scaling_t0,wide,DEoptim,10360,5.432309228666e-312
91,DFT_CRT,time_and_value_scaling_t0,wide,DEoptim,10361,1.320051141966227e-309
91,DFT_CRT,time_and_value_scaling_t0,wide,DEoptim,10362,7.0620020164903e-311
91,DFT_CRT,time_and_value_scaling_t0,wide,DEoptim,10363,2.850875881214458e-306
91,DFT_CRT,time_and_value_scaling_t0,wide,DEoptim,10364,5.43230922487e-312
91,DFT_CRT,time_and_value_scaling_t0,wide,DEoptim,10365,5.432309226136e-312
91,DFT_CRT,time_and_value_scaling_t0,wide,DEoptim,10366,1.39016188257972e-309
91,DFT_CRT,time_and_value_scaling_t0,wide,DEoptim,10367,2.052769442741057e-289
91,DFT_CRT,time_and_value_scaling_t0,wide,DEoptim,10368,8901762849639419e256
91,DFT_CRT,time_and_value_scaling_t0,wide,DEoptim,10369,908366792581525e209
91,DFT_CRT,time_and_value_scaling_t0,wide,DEoptim,10370,6.5402864748936e-310
91,DFT_CRT,time_and_value_scaling_t0,wide,DEoptim,10371,1.14078494043554e-310
91,DFT_CRT,time_and_value_scaling_t0,wide,DEoptim,10372,4.345847381541e-311
91,DFT_CRT,time_and_value_scaling_t0,wide,DEoptim,10373,1.24943112184683e-310
91,DFT_CRT,time_and_value_scaling_t0,wide,DEoptim,10374,1.57536967522527e-310
91,DFT_CRT,time_and_value_scaling_t0,wide,DEoptim,10375,2.0642775054763e-310
91,DFT_CRT,time_and_value_scaling_t0,wide,DEoptim,10376,5.43230922487e-312
91,DFT_CRT,time_and_value_scaling_t0,wide,DEoptim,10377,1.320051141648736e-309
91,DFT_CRT,time_and_value_scaling_t0,wide,DEoptim,10378,5.432309467714e-312
91,DFT_CRT,time_and_value_scaling_t0,wide,DEoptim,10379,1.1407849404549e-310
91,DFT_CRT,time_and_value_scaling_t0,wide,DEoptim,10380,4.345847381541e-311
91,DFT_CRT,time_and_value_scaling_t0,wide,DEoptim,10381,1.24943112184683e-310
91,DFT_CRT,time_and_value_scaling_t0,wide,DEoptim,10382,1.57536967522527e-310
91,DFT_CRT,time_and_value_scaling_t0,wide,DEoptim,10383,2.0642775054763e-310
91,DFT_CRT,time_and_value_scaling_t0,wide,DEoptim,10384,5.43230922487e-312
91,DFT_CRT,time_and_value_scaling_t0,wide,DEoptim,10385,1.320051141648736e-309
91,DFT_CRT,time_and_value_scaling_t0,wide,DEoptim,10386,5.43230946898e-312
91,DFT_CRT,time_and_value_scaling_t0,wide,DEoptim,10387,1.14078494045185e-310
91,DFT_CRT,time_and_value_scaling_t0,wide,DEoptim,10388,2.1729236915927e-311
91,DFT_CRT,time_and_value_scaling_t0,wide,DEoptim,10389,1.0864618451007e-310
91,DFT_CRT,time_and_value_scaling_t0,wide,DEoptim,10390,5.43230922487e-312
91,DFT_CRT,time_and_value_scaling_t0,wide,DEoptim,10391,5.432309228666e-312
91,DFT_CRT,time_and_value_scaling_t0,wide,DEoptim,10392,1.32005114196622e-309
91,DFT_CRT,time_and_value_scaling_t0,wide,DEoptim,10393,7.062002016743e-311
91,DFT_CRT,time_and_value_scaling_t0,wide,DEoptim,10394,2.850875881214458e-306
91,DFT_CRT,time_and_value_scaling_t0,wide,DEoptim,10395,5.43230922487e-312
91,DFT_CRT,time_and_value_scaling_t0,wide,DEoptim,10396,5.432309226136e-312
91,DFT_CRT,time_and_value_scaling_t0,wide,DEoptim,10397,1.39016188257972e-309
91,DFT_CRT,time_and_value_scaling_t0,wide,DEoptim,10398,2.052769442741057e-289
91,DFT_CRT,time_and_value_scaling_t0,wide,DEoptim,10399,8901762849639419e256
91,DFT_CRT,time_and_value_scaling_t0,wide,DEoptim,10400,908366792581525e209
91,DFT_CRT,time_and_value_scaling_t0,wide,DEoptim,10401,6.5402864748936e-310
91,DFT_CRT,time_and_value_scaling_t0,wide,DEoptim,10402,7.0620020244586e-311
91,DFT_CRT,time_and_value_scaling_t0,wide,DEoptim,10403,2.853657223537592e-306
91,DFT_CRT,time_and_value_scaling_t0,wide,DEoptim,10404,0
91,DFT_CRT,time_and_value_scaling_t0,wide,DEoptim,10405,0
91,DFT_CRT,time_and_value_scaling_t0,wide,DEoptim,10406,0
91,DFT_CRT,time_and_value_scaling_t0,wide,DEoptim,10407,0
91,DFT_CRT,time_and_value_scaling_t0,wide,DEoptim,10408,1.39016188257972e-309
91,DFT_CRT,time_and_value_scaling_t0,wide,DEoptim,10409,2.052769442741057e-289
91,DFT_CRT,time_and_value_scaling_t0,wide,DEoptim,10410,8901762849639419e256
91,DFT_CRT,time_and_value_scaling_t0,wide,DEoptim,10411,908366792581525e209
91,DFT_CRT,time_and_value_scaling_t0,wide,DEoptim,10412,6.5402864748936e-310
91,DFT_CRT,time_and_value_scaling_t0,wide,DEoptim,10413,7.0620020244586e-311
91,DFT_CRT,time_and_value_scaling_t0,wide,DEoptim,10414,2.853657223537592e-306
91,DFT_CRT,time_and_value_scaling_t0,wide,DEoptim,10415,0
91,DFT_CRT,time_and_value_scaling_t0,wide,DEoptim,10416,0
91,DFT_CRT,time_and_value_scaling_t0,wide,DEoptim,10417,0
91,DFT_CRT,time_and_value_scaling_t0,wide,DEoptim,10418,0
91,DFT_CRT,time_and_value_scaling_t0,wide,DEoptim,10419,1.39016188257972e-309
91,DFT_CRT,time_and_value_scaling_t0,wide,DEoptim,10420,2.052769442741057e-289
91,DFT_CRT,time_and_value_scaling_t0,wide,DEoptim,10421,8901762849639419e256
91,DFT_CRT,time_and_value_scaling_t0,wide,DEoptim,10422,908366792581525e209
91,DFT_CRT,time_and_value_scaling_t0,wide,DEoptim,10423,6.5402864748936e-310
91,DFT_CRT,time_and_value_scaling_t0,wide,DEoptim,10424,5.43230954613e-312
91,DFT_CRT,time_and_value_scaling_t0,wide,DEoptim,10425,1.32005114196687e-309
91,DFT_CRT,time_and_value_scaling_t0,wide,DEoptim,10426,5.432309465185e-312
91,DFT_CRT,time_and_value_scaling_t0,wide,DEoptim,10427,1.320051141966884e-309
91,DFT_CRT,time_and_value_scaling_t0,wide,DEoptim,10428,1.1407849396893e-310
91,DFT_CRT,time_and_value_scaling_t0,wide,DEoptim,10429,2.1729236915927e-311
91,DFT_CRT,time_and_value_scaling_t0,wide,DEoptim,10430,1.0864618451007e-310
91,DFT_CRT,time_and_value_scaling_t0,wide,DEoptim,10431,5.43230922487e-312
91,DFT_CRT,time_and_value_scaling_t0,wide,DEoptim,10432,5.432309228666e-312
91,DFT_CRT,time_and_value_scaling_t0,wide,DEoptim,10433,1.32005114196687e-309
91,DFT_CRT,time_and_value_scaling_t0,wide,DEoptim,10434,7.062002016996e-311
91,DFT_CRT,time_and_value_scaling_t0,wide,DEoptim,10435,2.850875881214458e-306
91,DFT_CRT,time_and_value_scaling_t0,wide,DEoptim,10436,5.43230922487e-312
91,DFT_CRT,time_and_value_scaling_t0,wide,DEoptim,10437,5.432309226136e-312
91,DFT_CRT,time_and_value_scaling_t0,wide,DEoptim,10438,1.39016188257972e-309
91,DFT_CRT,time_and_value_scaling_t0,wide,DEoptim,10439,2.052769442741057e-289
91,DFT_CRT,time_and_value_scaling_t0,wide,DEoptim,10440,8901762849639419e256
91,DFT_CRT,time_and_value_scaling_t0,wide,DEoptim,10441,908366792581525e209
91,DFT_CRT,time_and_value_scaling_t0,wide,DEoptim,10442,6.5402864748936e-310
91,DFT_CRT,time_and_value_scaling_t0,wide,DEoptim,10443,5.43230954613e-312
91,DFT_CRT,time_and_value_scaling_t0,wide,DEoptim,10444,1.32005114196688e-309
91,DFT_CRT,time_and_value_scaling_t0,wide,DEoptim,10445,5.432309470244e-312
91,DFT_CRT,time_and_value_scaling_t0,wide,DEoptim,10446,1.32005114196689e-309
91,DFT_CRT,time_and_value_scaling_t0,wide,DEoptim,10447,1.32005114189158e-309
91,DFT_CRT,time_and_value_scaling_t0,wide,DEoptim,10448,1.32005114189411e-309
91,DFT_CRT,time_and_value_scaling_t0,wide,DEoptim,10449,5.432309479098e-312
91,DFT_CRT,time_and_value_scaling_t0,wide,DEoptim,10450,1.320051141966894e-309
91,DFT_CRT,time_and_value_scaling_t0,wide,DEoptim,10451,1.32005114189664e-309
91,DFT_CRT,time_and_value_scaling_t0,wide,DEoptim,10452,1.320051141895373e-309
91,DFT_CRT,time_and_value_scaling_t0,wide,DEoptim,10453,1.320051141892844e-309
91,DFT_CRT,time_and_value_scaling_t0,wide,DEoptim,10454,1.320051141900433e-309
91,DFT_CRT,time_and_value_scaling_t0,wide,DEoptim,10455,1.14078493980314e-310
91,DFT_CRT,time_and_value_scaling_t0,wide,DEoptim,10456,2.1729236915927e-311
91,DFT_CRT,time_and_value_scaling_t0,wide,DEoptim,10457,1.0864618451007e-310
91,DFT_CRT,time_and_value_scaling_t0,wide,DEoptim,10458,5.43230922487e-312
91,DFT_CRT,time_and_value_scaling_t0,wide,DEoptim,10459,5.432309228666e-312
91,DFT_CRT,time_and_value_scaling_t0,wide,DEoptim,10460,1.320051141966553e-309
91,DFT_CRT,time_and_value_scaling_t0,wide,DEoptim,10461,7.0620020181345e-311
91,DFT_CRT,time_and_value_scaling_t0,wide,DEoptim,10462,2.850875881214458e-306
91,DFT_CRT,time_and_value_scaling_t0,wide,DEoptim,10463,5.43230922487e-312
91,DFT_CRT,time_and_value_scaling_t0,wide,DEoptim,10464,5.432309226136e-312
91,DFT_CRT,time_and_value_scaling_t0,wide,DEoptim,10465,1.39016188257972e-309
91,DFT_CRT,time_and_value_scaling_t0,wide,DEoptim,10466,2.052769442741057e-289
91,DFT_CRT,time_and_value_scaling_t0,wide,DEoptim,10467,8901762849639419e256
91,DFT_CRT,time_and_value_scaling_t0,wide,DEoptim,10468,908366792581525e209
91,DFT_CRT,time_and_value_scaling_t0,wide,DEoptim,10469,6.5402864748936e-310
91,DFT_CRT,time_and_value_scaling_t0,wide,DEoptim,10470,1.14078494043554e-310
91,DFT_CRT,time_and_value_scaling_t0,wide,DEoptim,10471,2.1729236915927e-311
91,DFT_CRT,time_and_value_scaling_t0,wide,DEoptim,10472,1.0864618451007e-310
91,DFT_CRT,time_and_value_scaling_t0,wide,DEoptim,10473,5.43230922487e-312
91,DFT_CRT,time_and_value_scaling_t0,wide,DEoptim,10474,5.432309228666e-312
91,DFT_CRT,time_and_value_scaling_t0,wide,DEoptim,10475,1.32005114196629e-309
91,DFT_CRT,time_and_value_scaling_t0,wide,DEoptim,10476,7.0620020181345e-311
91,DFT_CRT,time_and_value_scaling_t0,wide,DEoptim,10477,2.850875881214458e-306
91,DFT_CRT,time_and_value_scaling_t0,wide,DEoptim,10478,5.43230922487e-312
91,DFT_CRT,time_and_value_scaling_t0,wide,DEoptim,10479,5.432309226136e-312
91,DFT_CRT,time_and_value_scaling_t0,wide,DEoptim,10480,1.39016188257972e-309
91,DFT_CRT,time_and_value_scaling_t0,wide,DEoptim,10481,2.052769442741057e-289
91,DFT_CRT,time_and_value_scaling_t0,wide,DEoptim,10482,8901762849639419e256
91,DFT_CRT,time_and_value_scaling_t0,wide,DEoptim,10483,908366792581525e209
91,DFT_CRT,time_and_value_scaling_t0,wide,DEoptim,10484,6.5402864748936e-310
91,DFT_CRT,time_and_value_scaling_t0,wide,DEoptim,10485,1.14078494043554e-310
91,DFT_CRT,time_and_value_scaling_t0,wide,DEoptim,10486,2.1729236915927e-311
91,DFT_CRT,time_and_value_scaling_t0,wide,DEoptim,10487,1.0864618451007e-310
91,DFT_CRT,time_and_value_scaling_t0,wide,DEoptim,10488,5.43230922487e-312
91,DFT_CRT,time_and_value_scaling_t0,wide,DEoptim,10489,5.432309228666e-312
91,DFT_CRT,time_and_value_scaling_t0,wide,DEoptim,10490,1.320051141966237e-309
91,DFT_CRT,time_and_value_scaling_t0,wide,DEoptim,10491,7.0620020181345e-311
91,DFT_CRT,time_and_value_scaling_t0,wide,DEoptim,10492,2.850875881214458e-306
91,DFT_CRT,time_and_value_scaling_t0,wide,DEoptim,10493,5.43230922487e-312
91,DFT_CRT,time_and_value_scaling_t0,wide,DEoptim,10494,5.432309226136e-312
91,DFT_CRT,time_and_value_scaling_t0,wide,DEoptim,10495,1.39016188257972e-309
91,DFT_CRT,time_and_value_scaling_t0,wide,DEoptim,10496,2.052769442741057e-289
91,DFT_CRT,time_and_value_scaling_t0,wide,DEoptim,10497,8901762849639419e256
91,DFT_CRT,time_and_value_scaling_t0,wide,DEoptim,10498,908366792581525e209
91,DFT_CRT,time_and_value_scaling_t0,wide,DEoptim,10499,6.5402864748936e-310
91,DFT_CRT,time_and_value_scaling_t0,wide,DEoptim,10500,1.32005114196494e-309
91,DFT_CRT,time_and_value_scaling_t0,wide,DEoptim,10501,5.43230948036e-312
91,DFT_CRT,time_and_value_scaling_t0,wide,DEoptim,10502,1.320051141966904e-309
91,DFT_CRT,time_and_value_scaling_t0,wide,DEoptim,10503,5.43230948542e-312
91,DFT_CRT,time_and_value_scaling_t0,wide,DEoptim,10504,1.3200511419669e-309
91,DFT_CRT,time_and_value_scaling_t0,wide,DEoptim,10505,1.32005114190296e-309
91,DFT_CRT,time_and_value_scaling_t0,wide,DEoptim,10506,5.432309486686e-312
91,DFT_CRT,time_and_value_scaling_t0,wide,DEoptim,10507,1.32005114196692e-309
91,DFT_CRT,time_and_value_scaling_t0,wide,DEoptim,10508,1.1407849398664e-310
91,DFT_CRT,time_and_value_scaling_t0,wide,DEoptim,10509,2.1729236915927e-311
91,DFT_CRT,time_and_value_scaling_t0,wide,DEoptim,10510,1.0864618451007e-310
91,DFT_CRT,time_and_value_scaling_t0,wide,DEoptim,10511,5.43230922487e-312
91,DFT_CRT,time_and_value_scaling_t0,wide,DEoptim,10512,5.432309228666e-312
91,DFT_CRT,time_and_value_scaling_t0,wide,DEoptim,10513,1.320051141966247e-309
91,DFT_CRT,time_and_value_scaling_t0,wide,DEoptim,10514,7.062002018767e-311
91,DFT_CRT,time_and_value_scaling_t0,wide,DEoptim,10515,2.850875881214458e-306
91,DFT_CRT,time_and_value_scaling_t0,wide,DEoptim,10516,5.43230922487e-312
91,DFT_CRT,time_and_value_scaling_t0,wide,DEoptim,10517,5.432309226136e-312
91,DFT_CRT,time_and_value_scaling_t0,wide,DEoptim,10518,1.39016188257972e-309
91,DFT_CRT,time_and_value_scaling_t0,wide,DEoptim,10519,2.052769442741057e-289
91,DFT_CRT,time_and_value_scaling_t0,wide,DEoptim,10520,8901762849639419e256
91,DFT_CRT,time_and_value_scaling_t0,wide,DEoptim,10521,908366792581525e209
91,DFT_CRT,time_and_value_scaling_t0,wide,DEoptim,10522,6.5402864748936e-310
91,DFT_CRT,time_and_value_scaling_t0,wide,DEoptim,10523,1.32005114196494e-309
91,DFT_CRT,time_and_value_scaling_t0,wide,DEoptim,10524,1.320051141906757e-309
91,DFT_CRT,time_and_value_scaling_t0,wide,DEoptim,10525,8.691694786481e-311
91,DFT_CRT,time_and_value_scaling_t0,wide,DEoptim,10526,2.052769442741057e-289
91,DFT_CRT,time_and_value_scaling_t0,wide,DEoptim,10527,25549018208038286e241
91,DFT_CRT,time_and_value_scaling_t0,wide,DEoptim,10528,3.2593855490193e-311
91,DFT_CRT,time_and_value_scaling_t0,wide,DEoptim,10529,3.2126e-319
91,DFT_CRT,time_and_value_scaling_t0,wide,DEoptim,10530,1.086461877244e-311
91,DFT_CRT,time_and_value_scaling_t0,wide,DEoptim,10531,3.2126e-319
91,DFT_CRT,time_and_value_scaling_t0,wide,DEoptim,10532,1.0864618772313e-311
91,DFT_CRT,time_and_value_scaling_t0,wide,DEoptim,10533,3.2126e-319
91,DFT_CRT,time_and_value_scaling_t0,wide,DEoptim,10534,2.052769442741057e-289
91,DFT_CRT,time_and_value_scaling_t0,wide,DEoptim,10535,25549018208038286e241
91,DFT_CRT,time_and_value_scaling_t0,wide,DEoptim,10536,1.086461859071e-311
91,DFT_CRT,time_and_value_scaling_t0,wide,DEoptim,10537,3.2126e-319
91,DFT_CRT,time_and_value_scaling_t0,wide,DEoptim,10538,5.43230923752e-312
91,DFT_CRT,time_and_value_scaling_t0,wide,DEoptim,10539,1.0864618451007e-311
91,DFT_CRT,time_and_value_scaling_t0,wide,DEoptim,10540,3.2126e-319
91,DFT_CRT,time_and_value_scaling_t0,wide,DEoptim,10541,5.43230923752e-312
91,DFT_CRT,time_and_value_scaling_t0,wide,DEoptim,10542,1.0864618451007e-311
91,DFT_CRT,time_and_value_scaling_t0,wide,DEoptim,10543,3.2126e-319
91,DFT_CRT,time_and_value_scaling_t0,wide,DEoptim,10544,5.43230923752e-312
91,DFT_CRT,time_and_value_scaling_t0,wide,DEoptim,10545,1.0864618451007e-311
91,DFT_CRT,time_and_value_scaling_t0,wide,DEoptim,10546,3.2126e-319
91,DFT_CRT,time_and_value_scaling_t0,wide,DEoptim,10547,5.43230923752e-312
91,DFT_CRT,time_and_value_scaling_t0,wide,DEoptim,10548,1.0864618451007e-311
91,DFT_CRT,time_and_value_scaling_t0,wide,DEoptim,10549,3.2126e-319
91,DFT_CRT,time_and_value_scaling_t0,wide,DEoptim,10550,5.43230923752e-312
91,DFT_CRT,time_and_value_scaling_t0,wide,DEoptim,10551,1.086461844974e-311
91,DFT_CRT,time_and_value_scaling_t0,wide,DEoptim,10552,3.2126e-319
91,DFT_CRT,time_and_value_scaling_t0,wide,DEoptim,10553,5.43230923752e-312
91,DFT_CRT,time_and_value_scaling_t0,wide,DEoptim,10554,1.265e-321
91,DFT_CRT,time_and_value_scaling_t0,wide,DEoptim,10555,1.32005114196494e-309
91,DFT_CRT,time_and_value_scaling_t0,wide,DEoptim,10556,1.320051141909286e-309
91,DFT_CRT,time_and_value_scaling_t0,wide,DEoptim,10557,1.32005114191561e-309
91,DFT_CRT,time_and_value_scaling_t0,wide,DEoptim,10558,1.320051141914346e-309
91,DFT_CRT,time_and_value_scaling_t0,wide,DEoptim,10559,1.32005114191308e-309
91,DFT_CRT,time_and_value_scaling_t0,wide,DEoptim,10560,1.320051141911816e-309
91,DFT_CRT,time_and_value_scaling_t0,wide,DEoptim,10561,8.6916947871136e-311
91,DFT_CRT,time_and_value_scaling_t0,wide,DEoptim,10562,2.052769442741057e-289
91,DFT_CRT,time_and_value_scaling_t0,wide,DEoptim,10563,8716966380189567e237
91,DFT_CRT,time_and_value_scaling_t0,wide,DEoptim,10564,-8739903114183998e230
91,DFT_CRT,time_and_value_scaling_t0,wide,DEoptim,10565,7.291127913611906e-304
91,DFT_CRT,time_and_value_scaling_t0,wide,DEoptim,10566,-8739908198619455e230
91,DFT_CRT,time_and_value_scaling_t0,wide,DEoptim,10567,7.291127967934999e-304
91,DFT_CRT,time_and_value_scaling_t0,wide,DEoptim,10568,-8739908198492273e230
91,DFT_CRT,time_and_value_scaling_t0,wide,DEoptim,10569,7.291127940773453e-304
91,DFT_CRT,time_and_value_scaling_t0,wide,DEoptim,10570,-873990819887382e231
91,DFT_CRT,time_and_value_scaling_t0,wide,DEoptim,10571,1.5573754932782947e-207
91,DFT_CRT,time_and_value_scaling_t0,wide,DEoptim,10572,5.776622282522175e-275
91,DFT_CRT,time_and_value_scaling_t0,wide,DEoptim,10573,2.3763645463954244e-212
91,DFT_CRT,time_and_value_scaling_t0,wide,DEoptim,10574,4460149056321475e28
91,DFT_CRT,time_and_value_scaling_t0,wide,DEoptim,10575,4.778309726736481e-299
91,DFT_CRT,time_and_value_scaling_t0,wide,DEoptim,10576,2.0522684082944837e-289
91,DFT_CRT,time_and_value_scaling_t0,wide,DEoptim,10577,-6243502752529905e129
91,DFT_CRT,time_and_value_scaling_t0,wide,DEoptim,10578,-651477235212991e289
91,DFT_CRT,time_and_value_scaling_t0,wide,DEoptim,10579,-3511119414491912e291
91,DFT_CRT,time_and_value_scaling_t0,wide,DEoptim,10580,5.434845090117003e-246
91,DFT_CRT,time_and_value_scaling_t0,wide,DEoptim,10581,2.71673484566e-312
91,DFT_CRT,time_and_value_scaling_t0,wide,DEoptim,10582,7.291122046717944e-304
91,DFT_CRT,time_and_value_scaling_t0,wide,DEoptim,10583,0
91,DFT_CRT,time_and_value_scaling_t0,wide,DEoptim,10584,0
91,DFT_CRT,time_and_value_scaling_t0,wide,DEoptim,10585,-13482698578959855e292
91,DFT_CRT,time_and_value_scaling_t0,wide,DEoptim,10586,7.291122454141135e-304
91,DFT_CRT,time_and_value_scaling_t0,wide,DEoptim,10587,1.2882297971109878e-231
91,DFT_CRT,time_and_value_scaling_t0,wide,DEoptim,10588,9305374649344273e184
91,DFT_CRT,time_and_value_scaling_t0,wide,DEoptim,10589,9041151394227776e256
91,DFT_CRT,time_and_value_scaling_t0,wide,DEoptim,10590,-8739908147364995e230
91,DFT_CRT,time_and_value_scaling_t0,wide,DEoptim,10591,8.814432887387258e-280
91,DFT_CRT,time_and_value_scaling_t0,wide,DEoptim,10592,2.105417699e-314
91,DFT_CRT,time_and_value_scaling_t0,wide,DEoptim,10593,4.778314267625763e-299
91,DFT_CRT,time_and_value_scaling_t0,wide,DEoptim,10594,2.105417699e-314
91,DFT_CRT,time_and_value_scaling_t0,wide,DEoptim,10595,4.778314267695296e-299
91,DFT_CRT,time_and_value_scaling_t0,wide,DEoptim,10596,2.105417699e-314
91,DFT_CRT,time_and_value_scaling_t0,wide,DEoptim,10597,4.778314276178119e-299
91,DFT_CRT,time_and_value_scaling_t0,wide,DEoptim,10598,-8739908183358078e230
91,DFT_CRT,time_and_value_scaling_t0,wide,DEoptim,10599,1.831879179e-314
91,DFT_CRT,time_and_value_scaling_t0,wide,DEoptim,10600,7.291128918589113e-304
91,DFT_CRT,time_and_value_scaling_t0,wide,DEoptim,10601,8.814434055641046e-280
91,DFT_CRT,time_and_value_scaling_t0,wide,DEoptim,10602,2.105417699e-314
91,DFT_CRT,time_and_value_scaling_t0,wide,DEoptim,10603,4.778314267625763e-299
91,DFT_CRT,time_and_value_scaling_t0,wide,DEoptim,10604,2.105417699e-314
91,DFT_CRT,time_and_value_scaling_t0,wide,DEoptim,10605,4.778314276039051e-299
91,DFT_CRT,time_and_value_scaling_t0,wide,DEoptim,10606,2.105417699e-314
91,DFT_CRT,time_and_value_scaling_t0,wide,DEoptim,10607,4.778314276178119e-299
91,DFT_CRT,time_and_value_scaling_t0,wide,DEoptim,10608,-8739908183358078e230
91,DFT_CRT,time_and_value_scaling_t0,wide,DEoptim,10609,1.831879179e-314
91,DFT_CRT,time_and_value_scaling_t0,wide,DEoptim,10610,-8739908147364995e230
91,DFT_CRT,time_and_value_scaling_t0,wide,DEoptim,10611,7.291128158065822e-304
91,DFT_CRT,time_and_value_scaling_t0,wide,DEoptim,10612,-8739908199001002e230
91,DFT_CRT,time_and_value_scaling_t0,wide,DEoptim,10613,-8739907203163733e230
91,DFT_CRT,time_and_value_scaling_t0,wide,DEoptim,10614,-8739907170605069e230
91,DFT_CRT,time_and_value_scaling_t0,wide,DEoptim,10615,-8739907138046404e230
91,DFT_CRT,time_and_value_scaling_t0,wide,DEoptim,10616,1.557375528088321e-207
91,DFT_CRT,time_and_value_scaling_t0,wide,DEoptim,10617,2.0522685000380304e-289
91,DFT_CRT,time_and_value_scaling_t0,wide,DEoptim,10618,2.3763645463954244e-212
91,DFT_CRT,time_and_value_scaling_t0,wide,DEoptim,10619,7.291122019556398e-304
91,DFT_CRT,time_and_value_scaling_t0,wide,DEoptim,10620,7.291122101041036e-304
91,DFT_CRT,time_and_value_scaling_t0,wide,DEoptim,10621,-8739908188953602e230
91,DFT_CRT,time_and_value_scaling_t0,wide,DEoptim,10622,4.576715338441745e-246
91,DFT_CRT,time_and_value_scaling_t0,wide,DEoptim,10623,2.0522685001276237e-289
91,DFT_CRT,time_and_value_scaling_t0,wide,DEoptim,10624,7.291122019556605e-304
91,DFT_CRT,time_and_value_scaling_t0,wide,DEoptim,10625,7.291122046717944e-304
91,DFT_CRT,time_and_value_scaling_t0,wide,DEoptim,10626,-13482698578959855e292
91,DFT_CRT,time_and_value_scaling_t0,wide,DEoptim,10627,7.291122454141135e-304
91,DFT_CRT,time_and_value_scaling_t0,wide,DEoptim,10628,1.2882297971109878e-231
91,DFT_CRT,time_and_value_scaling_t0,wide,DEoptim,10629,9305374649344273e184
91,DFT_CRT,time_and_value_scaling_t0,wide,DEoptim,10630,9041151394227776e256
91,DFT_CRT,time_and_value_scaling_t0,wide,DEoptim,10631,3.6260478308737255e-217
91,DFT_CRT,time_and_value_scaling_t0,wide,DEoptim,10632,3.1315132841641294e-294
91,DFT_CRT,time_and_value_scaling_t0,wide,DEoptim,10633,1.557375684733439e-207
91,DFT_CRT,time_and_value_scaling_t0,wide,DEoptim,10634,4.576711655732717e-246
91,DFT_CRT,time_and_value_scaling_t0,wide,DEoptim,10635,1.625974876842728e-260
91,DFT_CRT,time_and_value_scaling_t0,wide,DEoptim,10636,7.29112256278732e-304
91,DFT_CRT,time_and_value_scaling_t0,wide,DEoptim,10637,4.778311026179614e-299
91,DFT_CRT,time_and_value_scaling_t0,wide,DEoptim,10638,19156194474910765e37
91,DFT_CRT,time_and_value_scaling_t0,wide,DEoptim,10639,1.344974914664285e-284
91,DFT_CRT,time_and_value_scaling_t0,wide,DEoptim,10640,8.814425761911371e-280
91,DFT_CRT,time_and_value_scaling_t0,wide,DEoptim,10641,2.3763647588589634e-212
91,DFT_CRT,time_and_value_scaling_t0,wide,DEoptim,10642,4460149056321475e28
91,DFT_CRT,time_and_value_scaling_t0,wide,DEoptim,10643,3.1315130858456104e-294
91,DFT_CRT,time_and_value_scaling_t0,wide,DEoptim,10644,5.29947038015576e-169
91,DFT_CRT,time_and_value_scaling_t0,wide,DEoptim,10645,5.299469985314489e-169
91,DFT_CRT,time_and_value_scaling_t0,wide,DEoptim,10646,5.299470005056553e-169
91,DFT_CRT,time_and_value_scaling_t0,wide,DEoptim,10647,5.299470024798616e-169
91,DFT_CRT,time_and_value_scaling_t0,wide,DEoptim,10648,2.2761050527433883e-159
91,DFT_CRT,time_and_value_scaling_t0,wide,DEoptim,10649,1.1818213159081016e-125
91,DFT_CRT,time_and_value_scaling_t0,wide,DEoptim,10650,1.0206407896076728e-202
91,DFT_CRT,time_and_value_scaling_t0,wide,DEoptim,10651,4.778309958144162e-299
91,DFT_CRT,time_and_value_scaling_t0,wide,DEoptim,10652,8.442543678970458e-227
91,DFT_CRT,time_and_value_scaling_t0,wide,DEoptim,10653,4.576711843278085e-246
91,DFT_CRT,time_and_value_scaling_t0,wide,DEoptim,10654,1.882749922666788e-183
91,DFT_CRT,time_and_value_scaling_t0,wide,DEoptim,10655,2.3763646083639566e-212
91,DFT_CRT,time_and_value_scaling_t0,wide,DEoptim,10656,4460149056321475e28
91,DFT_CRT,time_and_value_scaling_t0,wide,DEoptim,10657,2.3763646260692515e-212
91,DFT_CRT,time_and_value_scaling_t0,wide,DEoptim,10658,1.5573746346309808e-207
91,DFT_CRT,time_and_value_scaling_t0,wide,DEoptim,10659,9.77579716438768e-150
91,DFT_CRT,time_and_value_scaling_t0,wide,DEoptim,10660,4.576711809178927e-246
91,DFT_CRT,time_and_value_scaling_t0,wide,DEoptim,10661,7.745184781849557e-121
91,DFT_CRT,time_and_value_scaling_t0,wide,DEoptim,10662,7.291122508464228e-304
91,DFT_CRT,time_and_value_scaling_t0,wide,DEoptim,10663,8.814426451473554e-280
91,DFT_CRT,time_and_value_scaling_t0,wide,DEoptim,10664,2.105417699e-314
91,DFT_CRT,time_and_value_scaling_t0,wide,DEoptim,10665,4.778314267277823e-299
91,DFT_CRT,time_and_value_scaling_t0,wide,DEoptim,10666,-5727786203457123e235
91,DFT_CRT,time_and_value_scaling_t0,wide,DEoptim,10667,8.814425663402488e-280
91,DFT_CRT,time_and_value_scaling_t0,wide,DEoptim,10668,2.105417699e-314
91,DFT_CRT,time_and_value_scaling_t0,wide,DEoptim,10669,4.778314268112226e-299
91,DFT_CRT,time_and_value_scaling_t0,wide,DEoptim,10670,-5727786203457123e235
91,DFT_CRT,time_and_value_scaling_t0,wide,DEoptim,10671,8.814425696238783e-280
91,DFT_CRT,time_and_value_scaling_t0,wide,DEoptim,10672,2.105417699e-314
91,DFT_CRT,time_and_value_scaling_t0,wide,DEoptim,10673,4.778314269850565e-299
91,DFT_CRT,time_and_value_scaling_t0,wide,DEoptim,10674,-5727786203457123e235
91,DFT_CRT,time_and_value_scaling_t0,wide,DEoptim,10675,8.814425729075077e-280
91,DFT_CRT,time_and_value_scaling_t0,wide,DEoptim,10676,2.105417699e-314
91,DFT_CRT,time_and_value_scaling_t0,wide,DEoptim,10677,4.778314268459894e-299
91,DFT_CRT,time_and_value_scaling_t0,wide,DEoptim,10678,-5727786203457123e235
91,DFT_CRT,time_and_value_scaling_t0,wide,DEoptim,10679,8.814425761911371e-280
91,DFT_CRT,time_and_value_scaling_t0,wide,DEoptim,10680,2.105417699e-314
91,DFT_CRT,time_and_value_scaling_t0,wide,DEoptim,10681,4.778314267764558e-299
91,DFT_CRT,time_and_value_scaling_t0,wide,DEoptim,10682,2.105417699e-314
91,DFT_CRT,time_and_value_scaling_t0,wide,DEoptim,10683,4.778314266095753e-299
91,DFT_CRT,time_and_value_scaling_t0,wide,DEoptim,10684,2.105417699e-314
91,DFT_CRT,time_and_value_scaling_t0,wide,DEoptim,10685,2.118628366e-314
91,DFT_CRT,time_and_value_scaling_t0,wide,DEoptim,10686,2.105417699e-314
91,DFT_CRT,time_and_value_scaling_t0,wide,DEoptim,10687,2.105417699e-314
91,DFT_CRT,time_and_value_scaling_t0,wide,DEoptim,10688,4.778314248086561e-299
91,DFT_CRT,time_and_value_scaling_t0,wide,DEoptim,10689,8.814434003821268e-280
91,DFT_CRT,time_and_value_scaling_t0,wide,DEoptim,10690,2.105417699e-314
91,DFT_CRT,time_and_value_scaling_t0,wide,DEoptim,10691,4.778314267277823e-299
91,DFT_CRT,time_and_value_scaling_t0,wide,DEoptim,10692,-5727786203457123e235
91,DFT_CRT,time_and_value_scaling_t0,wide,DEoptim,10693,8.814425794747666e-280
91,DFT_CRT,time_and_value_scaling_t0,wide,DEoptim,10694,2.105417699e-314
91,DFT_CRT,time_and_value_scaling_t0,wide,DEoptim,10695,4.778314267695025e-299
91,DFT_CRT,time_and_value_scaling_t0,wide,DEoptim,10696,2.105417699e-314
91,DFT_CRT,time_and_value_scaling_t0,wide,DEoptim,10697,4.778314276525786e-299
91,DFT_CRT,time_and_value_scaling_t0,wide,DEoptim,10698,-5727786203457123e235
91,DFT_CRT,time_and_value_scaling_t0,wide,DEoptim,10699,8.81442582758396e-280
91,DFT_CRT,time_and_value_scaling_t0,wide,DEoptim,10700,8.814434003821268e-280
91,DFT_CRT,time_and_value_scaling_t0,wide,DEoptim,10701,2.105417699e-314
91,DFT_CRT,time_and_value_scaling_t0,wide,DEoptim,10702,4.778314267764558e-299
91,DFT_CRT,time_and_value_scaling_t0,wide,DEoptim,10703,2.105417699e-314
91,DFT_CRT,time_and_value_scaling_t0,wide,DEoptim,10704,4.778314266095753e-299
91,DFT_CRT,time_and_value_scaling_t0,wide,DEoptim,10705,2.105417699e-314
91,DFT_CRT,time_and_value_scaling_t0,wide,DEoptim,10706,2.118628366e-314
91,DFT_CRT,time_and_value_scaling_t0,wide,DEoptim,10707,4.778314248086561e-299
91,DFT_CRT,time_and_value_scaling_t0,wide,DEoptim,10708,2.105417699e-314
91,DFT_CRT,time_and_value_scaling_t0,wide,DEoptim,10709,4.778314273535843e-299
91,DFT_CRT,time_and_value_scaling_t0,wide,DEoptim,10710,2.105417699e-314
91,DFT_CRT,time_and_value_scaling_t0,wide,DEoptim,10711,4.778314272006105e-299
91,DFT_CRT,time_and_value_scaling_t0,wide,DEoptim,10712,2.105417699e-314
91,DFT_CRT,time_and_value_scaling_t0,wide,DEoptim,10713,4.778314266512954e-299
91,DFT_CRT,time_and_value_scaling_t0,wide,DEoptim,10714,2.1142895685e-314
91,DFT_CRT,time_and_value_scaling_t0,wide,DEoptim,10715,2.1142895685e-314
91,DFT_CRT,time_and_value_scaling_t0,wide,DEoptim,10716,2.105417699e-314
91,DFT_CRT,time_and_value_scaling_t0,wide,DEoptim,10717,2.105417699e-314
91,DFT_CRT,time_and_value_scaling_t0,wide,DEoptim,10718,4.778314248086561e-299
91,DFT_CRT,time_and_value_scaling_t0,wide,DEoptim,10719,8.814434003821268e-280
91,DFT_CRT,time_and_value_scaling_t0,wide,DEoptim,10720,2.105417699e-314
91,DFT_CRT,time_and_value_scaling_t0,wide,DEoptim,10721,4.778314267277823e-299
91,DFT_CRT,time_and_value_scaling_t0,wide,DEoptim,10722,-5727786203457123e235
91,DFT_CRT,time_and_value_scaling_t0,wide,DEoptim,10723,8.814425860420255e-280
91,DFT_CRT,time_and_value_scaling_t0,wide,DEoptim,10724,2.105417699e-314
91,DFT_CRT,time_and_value_scaling_t0,wide,DEoptim,10725,4.778314267695025e-299
91,DFT_CRT,time_and_value_scaling_t0,wide,DEoptim,10726,2.105417699e-314
91,DFT_CRT,time_and_value_scaling_t0,wide,DEoptim,10727,4.778314276525786e-299
91,DFT_CRT,time_and_value_scaling_t0,wide,DEoptim,10728,2.105417699e-314
91,DFT_CRT,time_and_value_scaling_t0,wide,DEoptim,10729,2.105417699e-314
91,DFT_CRT,time_and_value_scaling_t0,wide,DEoptim,10730,2.105417699e-314
91,DFT_CRT,time_and_value_scaling_t0,wide,DEoptim,10731,2.105417699e-314
91,DFT_CRT,time_and_value_scaling_t0,wide,DEoptim,10732,4.778314248086561e-299
91,DFT_CRT,time_and_value_scaling_t0,wide,DEoptim,10733,-5727786203457123e235
91,DFT_CRT,time_and_value_scaling_t0,wide,DEoptim,10734,8.81442589325655e-280
91,DFT_CRT,time_and_value_scaling_t0,wide,DEoptim,10735,2.105417699e-314
91,DFT_CRT,time_and_value_scaling_t0,wide,DEoptim,10736,4.778314266582488e-299
91,DFT_CRT,time_and_value_scaling_t0,wide,DEoptim,10737,-5727786203457123e235
91,DFT_CRT,time_and_value_scaling_t0,wide,DEoptim,10738,8.814425926092843e-280
91,DFT_CRT,time_and_value_scaling_t0,wide,DEoptim,10739,2.105417699e-314
91,DFT_CRT,time_and_value_scaling_t0,wide,DEoptim,10740,4.778314267764558e-299
91,DFT_CRT,time_and_value_scaling_t0,wide,DEoptim,10741,-5727786203457123e235
91,DFT_CRT,time_and_value_scaling_t0,wide,DEoptim,10742,8.814425958929138e-280
91,DFT_CRT,time_and_value_scaling_t0,wide,DEoptim,10743,2.105417699e-314
91,DFT_CRT,time_and_value_scaling_t0,wide,DEoptim,10744,4.778314267764558e-299
91,DFT_CRT,time_and_value_scaling_t0,wide,DEoptim,10745,2.105417699e-314
91,DFT_CRT,time_and_value_scaling_t0,wide,DEoptim,10746,4.778314266095753e-299
91,DFT_CRT,time_and_value_scaling_t0,wide,DEoptim,10747,2.105417699e-314
91,DFT_CRT,time_and_value_scaling_t0,wide,DEoptim,10748,2.1180131634e-314
91,DFT_CRT,time_and_value_scaling_t0,wide,DEoptim,10749,4.778314248086561e-299
91,DFT_CRT,time_and_value_scaling_t0,wide,DEoptim,10750,2.105417699e-314
91,DFT_CRT,time_and_value_scaling_t0,wide,DEoptim,10751,2.118693124e-314
91,DFT_CRT,time_and_value_scaling_t0,wide,DEoptim,10752,4.778314248086561e-299
91,DFT_CRT,time_and_value_scaling_t0,wide,DEoptim,10753,2.105417699e-314
91,DFT_CRT,time_and_value_scaling_t0,wide,DEoptim,10754,2.118660745e-314
91,DFT_CRT,time_and_value_scaling_t0,wide,DEoptim,10755,2.105417699e-314
91,DFT_CRT,time_and_value_scaling_t0,wide,DEoptim,10756,7.291128918589113e-304
91,DFT_CRT,time_and_value_scaling_t0,wide,DEoptim,10757,-8739908180305206e230
91,DFT_CRT,time_and_value_scaling_t0,wide,DEoptim,10758,7.291122101041036e-304
91,DFT_CRT,time_and_value_scaling_t0,wide,DEoptim,10759,-8739908199255366e230
91,DFT_CRT,time_and_value_scaling_t0,wide,DEoptim,10760,-8739899942581611e230
91,DFT_CRT,time_and_value_scaling_t0,wide,DEoptim,10761,-8739899910022947e230
91,DFT_CRT,time_and_value_scaling_t0,wide,DEoptim,10762,-8739899877464283e230
91,DFT_CRT,time_and_value_scaling_t0,wide,DEoptim,10763,1.55737424011735e-207
91,DFT_CRT,time_and_value_scaling_t0,wide,DEoptim,10764,2.0522685000380304e-289
91,DFT_CRT,time_and_value_scaling_t0,wide,DEoptim,10765,2.3763645463954244e-212
91,DFT_CRT,time_and_value_scaling_t0,wide,DEoptim,10766,7.291122019556398e-304
91,DFT_CRT,time_and_value_scaling_t0,wide,DEoptim,10767,7.291122101041036e-304
91,DFT_CRT,time_and_value_scaling_t0,wide,DEoptim,10768,-873990819391371e231
91,DFT_CRT,time_and_value_scaling_t0,wide,DEoptim,10769,4.576711553435244e-246
91,DFT_CRT,time_and_value_scaling_t0,wide,DEoptim,10770,2.0522685001276237e-289
91,DFT_CRT,time_and_value_scaling_t0,wide,DEoptim,10771,7.291122019556605e-304
91,DFT_CRT,time_and_value_scaling_t0,wide,DEoptim,10772,7.291122046717944e-304
91,DFT_CRT,time_and_value_scaling_t0,wide,DEoptim,10773,-13482698578959855e292
91,DFT_CRT,time_and_value_scaling_t0,wide,DEoptim,10774,7.291122454141135e-304
91,DFT_CRT,time_and_value_scaling_t0,wide,DEoptim,10775,1.2882297971109878e-231
91,DFT_CRT,time_and_value_scaling_t0,wide,DEoptim,10776,9305374649344273e184
91,DFT_CRT,time_and_value_scaling_t0,wide,DEoptim,10777,9041151394227776e256
91,DFT_CRT,time_and_value_scaling_t0,wide,DEoptim,10778,1.557375684733439e-207
91,DFT_CRT,time_and_value_scaling_t0,wide,DEoptim,10779,2.0522685000380304e-289
91,DFT_CRT,time_and_value_scaling_t0,wide,DEoptim,10780,2.3763645463954244e-212
91,DFT_CRT,time_and_value_scaling_t0,wide,DEoptim,10781,7.291122019556398e-304
91,DFT_CRT,time_and_value_scaling_t0,wide,DEoptim,10782,7.291122101041036e-304
91,DFT_CRT,time_and_value_scaling_t0,wide,DEoptim,10783,-87399081911157e232
91,DFT_CRT,time_and_value_scaling_t0,wide,DEoptim,10784,4.576711553435244e-246
91,DFT_CRT,time_and_value_scaling_t0,wide,DEoptim,10785,2.0522685001276237e-289
91,DFT_CRT,time_and_value_scaling_t0,wide,DEoptim,10786,7.291122019556605e-304
91,DFT_CRT,time_and_value_scaling_t0,wide,DEoptim,10787,7.291122046717944e-304
91,DFT_CRT,time_and_value_scaling_t0,wide,DEoptim,10788,-13482698578959855e292
91,DFT_CRT,time_and_value_scaling_t0,wide,DEoptim,10789,7.291122454141135e-304
91,DFT_CRT,time_and_value_scaling_t0,wide,DEoptim,10790,1.2882297971109878e-231
91,DFT_CRT,time_and_value_scaling_t0,wide,DEoptim,10791,9305374649344273e184
91,DFT_CRT,time_and_value_scaling_t0,wide,DEoptim,10792,9041151394227776e256
91,DFT_CRT,time_and_value_scaling_t0,wide,DEoptim,10793,1.557375684733439e-207
91,DFT_CRT,time_and_value_scaling_t0,wide,DEoptim,10794,2.0522685000380304e-289
91,DFT_CRT,time_and_value_scaling_t0,wide,DEoptim,10795,2.3763645463954244e-212
91,DFT_CRT,time_and_value_scaling_t0,wide,DEoptim,10796,7.291122019556398e-304
91,DFT_CRT,time_and_value_scaling_t0,wide,DEoptim,10797,7.291122101041036e-304
91,DFT_CRT,time_and_value_scaling_t0,wide,DEoptim,10798,-87399081810683e232
91,DFT_CRT,time_and_value_scaling_t0,wide,DEoptim,10799,4.576711553435244e-246
91,DFT_CRT,time_and_value_scaling_t0,wide,DEoptim,10800,2.0522685001276237e-289
91,DFT_CRT,time_and_value_scaling_t0,wide,DEoptim,10801,7.291122019556605e-304
91,DFT_CRT,time_and_value_scaling_t0,wide,DEoptim,10802,7.291122046717944e-304
91,DFT_CRT,time_and_value_scaling_t0,wide,DEoptim,10803,-13482698578959855e292
91,DFT_CRT,time_and_value_scaling_t0,wide,DEoptim,10804,7.291122454141135e-304
91,DFT_CRT,time_and_value_scaling_t0,wide,DEoptim,10805,1.2882297971109878e-231
91,DFT_CRT,time_and_value_scaling_t0,wide,DEoptim,10806,9305374649344273e184
91,DFT_CRT,time_and_value_scaling_t0,wide,DEoptim,10807,9041151394227776e256
91,DFT_CRT,time_and_value_scaling_t0,wide,DEoptim,10808,1.557375684733439e-207
91,DFT_CRT,time_and_value_scaling_t0,wide,DEoptim,10809,2.0522685000380304e-289
91,DFT_CRT,time_and_value_scaling_t0,wide,DEoptim,10810,2.3763645463954244e-212
91,DFT_CRT,time_and_value_scaling_t0,wide,DEoptim,10811,7.291122019556398e-304
91,DFT_CRT,time_and_value_scaling_t0,wide,DEoptim,10812,7.291122101041036e-304
91,DFT_CRT,time_and_value_scaling_t0,wide,DEoptim,10813,-873990818221294e231
91,DFT_CRT,time_and_value_scaling_t0,wide,DEoptim,10814,4.576711553435244e-246
91,DFT_CRT,time_and_value_scaling_t0,wide,DEoptim,10815,2.0522685001276237e-289
91,DFT_CRT,time_and_value_scaling_t0,wide,DEoptim,10816,7.291122019556605e-304
91,DFT_CRT,time_and_value_scaling_t0,wide,DEoptim,10817,7.291122046717944e-304
91,DFT_CRT,time_and_value_scaling_t0,wide,DEoptim,10818,-13482698578959855e292
91,DFT_CRT,time_and_value_scaling_t0,wide,DEoptim,10819,7.291122454141135e-304
91,DFT_CRT,time_and_value_scaling_t0,wide,DEoptim,10820,1.2882297971109878e-231
91,DFT_CRT,time_and_value_scaling_t0,wide,DEoptim,10821,9305374649344273e184
91,DFT_CRT,time_and_value_scaling_t0,wide,DEoptim,10822,9041151394227776e256
91,DFT_CRT,time_and_value_scaling_t0,wide,DEoptim,10823,7.291128918589113e-304
91,DFT_CRT,time_and_value_scaling_t0,wide,DEoptim,10824,7.291128947660455e-304
91,DFT_CRT,time_and_value_scaling_t0,wide,DEoptim,10825,-8739908199382549e230
91,DFT_CRT,time_and_value_scaling_t0,wide,DEoptim,10826,3.3156184e-316
91,DFT_CRT,time_and_value_scaling_t0,wide,DEoptim,10827,-8739908147364995e230
91,DFT_CRT,time_and_value_scaling_t0,wide,DEoptim,10828,7.291122182525674e-304
91,DFT_CRT,time_and_value_scaling_t0,wide,DEoptim,10829,-8739908181195482e230
91,DFT_CRT,time_and_value_scaling_t0,wide,DEoptim,10830,-8739900105374932e230
91,DFT_CRT,time_and_value_scaling_t0,wide,DEoptim,10831,7.291122264010313e-304
91,DFT_CRT,time_and_value_scaling_t0,wide,DEoptim,10832,-8739908196838903e230
91,DFT_CRT,time_and_value_scaling_t0,wide,DEoptim,10833,7.291122236848766e-304
91,DFT_CRT,time_and_value_scaling_t0,wide,DEoptim,10834,4.57671582608634e-246
91,DFT_CRT,time_and_value_scaling_t0,wide,DEoptim,10835,8.968310606394613e-44
91,DFT_CRT,time_and_value_scaling_t0,wide,DEoptim,10836,7.291122019556605e-304
91,DFT_CRT,time_and_value_scaling_t0,wide,DEoptim,10837,4.778309744537072e-299
91,DFT_CRT,time_and_value_scaling_t0,wide,DEoptim,10838,4.778309762337662e-299
91,DFT_CRT,time_and_value_scaling_t0,wide,DEoptim,10839,1.3449746390911355e-284
91,DFT_CRT,time_and_value_scaling_t0,wide,DEoptim,10840,8.81442582758396e-280
91,DFT_CRT,time_and_value_scaling_t0,wide,DEoptim,10841,8.814425860420255e-280
91,DFT_CRT,time_and_value_scaling_t0,wide,DEoptim,10842,7.291122046717944e-304
91,DFT_CRT,time_and_value_scaling_t0,wide,DEoptim,10843,4.778309762337662e-299
91,DFT_CRT,time_and_value_scaling_t0,wide,DEoptim,10844,5.776622045806642e-275
91,DFT_CRT,time_and_value_scaling_t0,wide,DEoptim,10845,5.776622153404612e-275
91,DFT_CRT,time_and_value_scaling_t0,wide,DEoptim,10846,5.776622153404612e-275
91,DFT_CRT,time_and_value_scaling_t0,wide,DEoptim,10847,5.776622153404612e-275
91,DFT_CRT,time_and_value_scaling_t0,wide,DEoptim,10848,5.776622153404612e-275
91,DFT_CRT,time_and_value_scaling_t0,wide,DEoptim,10849,5.776622153404612e-275
91,DFT_CRT,time_and_value_scaling_t0,wide,DEoptim,10850,5.776622153404612e-275
91,DFT_CRT,time_and_value_scaling_t0,wide,DEoptim,10851,2.99939378422183e-241
91,DFT_CRT,time_and_value_scaling_t0,wide,DEoptim,10852,8.814425860420255e-280
91,DFT_CRT,time_and_value_scaling_t0,wide,DEoptim,10853,1.2882298259048737e-231
91,DFT_CRT,time_and_value_scaling_t0,wide,DEoptim,10854,8.814426188783199e-280
91,DFT_CRT,time_and_value_scaling_t0,wide,DEoptim,10855,5.532905033828234e-222
91,DFT_CRT,time_and_value_scaling_t0,wide,DEoptim,10856,7.291122046717944e-304
91,DFT_CRT,time_and_value_scaling_t0,wide,DEoptim,10857,3.62604465647774e-217
91,DFT_CRT,time_and_value_scaling_t0,wide,DEoptim,10858,1.5573743213407447e-207
91,DFT_CRT,time_and_value_scaling_t0,wide,DEoptim,10859,1.5573743329440868e-207
91,DFT_CRT,time_and_value_scaling_t0,wide,DEoptim,10860,5.532905033828234e-222
91,DFT_CRT,time_and_value_scaling_t0,wide,DEoptim,10861,5.532905033828234e-222
91,DFT_CRT,time_and_value_scaling_t0,wide,DEoptim,10862,5.532905033828234e-222
91,DFT_CRT,time_and_value_scaling_t0,wide,DEoptim,10863,5.972887478831236e-299
91,DFT_CRT,time_and_value_scaling_t0,wide,DEoptim,10864,1.2882309820211476e-231
91,DFT_CRT,time_and_value_scaling_t0,wide,DEoptim,10865,2.4834631584438887e-265
91,DFT_CRT,time_and_value_scaling_t0,wide,DEoptim,10866,17571863260639937e227
91,DFT_CRT,time_and_value_scaling_t0,wide,DEoptim,10867,6933350747771166e30
91,DFT_CRT,time_and_value_scaling_t0,wide,DEoptim,10868,-8371164748194542e283
91,DFT_CRT,time_and_value_scaling_t0,wide,DEoptim,10869,-8739908147364995e230
91,DFT_CRT,time_and_value_scaling_t0,wide,DEoptim,10870,7.29112823955046e-304
91,DFT_CRT,time_and_value_scaling_t0,wide,DEoptim,10871,-8739908199128184e230
91,DFT_CRT,time_and_value_scaling_t0,wide,DEoptim,10872,7.291128212388914e-304
91,DFT_CRT,time_and_value_scaling_t0,wide,DEoptim,10873,-8739908199764095e230
91,DFT_CRT,time_and_value_scaling_t0,wide,DEoptim,10874,1.557375551295005e-207
91,DFT_CRT,time_and_value_scaling_t0,wide,DEoptim,10875,1.625974622439186e-260
91,DFT_CRT,time_and_value_scaling_t0,wide,DEoptim,10876,2.3763645463954244e-212
91,DFT_CRT,time_and_value_scaling_t0,wide,DEoptim,10877,4460149056321475e28
91,DFT_CRT,time_and_value_scaling_t0,wide,DEoptim,10878,3.1315130858456104e-294
91,DFT_CRT,time_and_value_scaling_t0,wide,DEoptim,10879,6.051003623e-315
91,DFT_CRT,time_and_value_scaling_t0,wide,DEoptim,10880,7.291122128202582e-304
91,DFT_CRT,time_and_value_scaling_t0,wide,DEoptim,10881,-8739900072816268e230
91,DFT_CRT,time_and_value_scaling_t0,wide,DEoptim,10882,7.291128321035098e-304
91,DFT_CRT,time_and_value_scaling_t0,wide,DEoptim,10883,-8739908180305206e230
91,DFT_CRT,time_and_value_scaling_t0,wide,DEoptim,10884,7.291128348196644e-304
91,DFT_CRT,time_and_value_scaling_t0,wide,DEoptim,10885,7.291128959861931e-304
91,DFT_CRT,time_and_value_scaling_t0,wide,DEoptim,10886,4.57671582608634e-246
91,DFT_CRT,time_and_value_scaling_t0,wide,DEoptim,10887,1.625974622510169e-260
91,DFT_CRT,time_and_value_scaling_t0,wide,DEoptim,10888,7.291122019556605e-304
91,DFT_CRT,time_and_value_scaling_t0,wide,DEoptim,10889,4.778309744537072e-299
91,DFT_CRT,time_and_value_scaling_t0,wide,DEoptim,10890,4.778309762337662e-299
91,DFT_CRT,time_and_value_scaling_t0,wide,DEoptim,10891,0
91,DFT_CRT,time_and_value_scaling_t0,wide,DEoptim,10892,0
91,DFT_CRT,time_and_value_scaling_t0,wide,DEoptim,10893,-13482698578959855e292
91,DFT_CRT,time_and_value_scaling_t0,wide,DEoptim,10894,7.291122454141135e-304
91,DFT_CRT,time_and_value_scaling_t0,wide,DEoptim,10895,1.2882297971109878e-231
91,DFT_CRT,time_and_value_scaling_t0,wide,DEoptim,10896,9305374649344273e184
91,DFT_CRT,time_and_value_scaling_t0,wide,DEoptim,10897,9041151394227776e256
91,DFT_CRT,time_and_value_scaling_t0,wide,DEoptim,10898,7.291128918589113e-304
91,DFT_CRT,time_and_value_scaling_t0,wide,DEoptim,10899,-8739908199636913e230
91,DFT_CRT,time_and_value_scaling_t0,wide,DEoptim,10900,-8739907365957054e230
91,DFT_CRT,time_and_value_scaling_t0,wide,DEoptim,10901,7.291128402519737e-304
91,DFT_CRT,time_and_value_scaling_t0,wide,DEoptim,10902,-8739908199891278e230
91,DFT_CRT,time_and_value_scaling_t0,wide,DEoptim,10903,-8739907593867703e230
91,DFT_CRT,time_and_value_scaling_t0,wide,DEoptim,10904,7.291128429681283e-304
91,DFT_CRT,time_and_value_scaling_t0,wide,DEoptim,10905,-873990820001846e231
91,DFT_CRT,time_and_value_scaling_t0,wide,DEoptim,10906,1.5573755919067024e-207
91,DFT_CRT,time_and_value_scaling_t0,wide,DEoptim,10907,2.0522685000380304e-289
91,DFT_CRT,time_and_value_scaling_t0,wide,DEoptim,10908,2.3763645463954244e-212
91,DFT_CRT,time_and_value_scaling_t0,wide,DEoptim,10909,7.291122019556398e-304
91,DFT_CRT,time_and_value_scaling_t0,wide,DEoptim,10910,7.291122101041036e-304
91,DFT_CRT,time_and_value_scaling_t0,wide,DEoptim,10911,-87399081810683e232
91,DFT_CRT,time_and_value_scaling_t0,wide,DEoptim,10912,4.576715525987112e-246
91,DFT_CRT,time_and_value_scaling_t0,wide,DEoptim,10913,2.0522685001276237e-289
91,DFT_CRT,time_and_value_scaling_t0,wide,DEoptim,10914,7.291122019556605e-304
91,DFT_CRT,time_and_value_scaling_t0,wide,DEoptim,10915,7.291122046717944e-304
91,DFT_CRT,time_and_value_scaling_t0,wide,DEoptim,10916,-13482698578959855e292
91,DFT_CRT,time_and_value_scaling_t0,wide,DEoptim,10917,7.291122454141135e-304
91,DFT_CRT,time_and_value_scaling_t0,wide,DEoptim,10918,1.2882297971109878e-231
91,DFT_CRT,time_and_value_scaling_t0,wide,DEoptim,10919,9305374649344273e184
91,DFT_CRT,time_and_value_scaling_t0,wide,DEoptim,10920,9041151394227776e256
91,DFT_CRT,time_and_value_scaling_t0,wide,DEoptim,10921,-8739908147364995e230
91,DFT_CRT,time_and_value_scaling_t0,wide,DEoptim,10922,1.288230876892401e-231
91,DFT_CRT,time_and_value_scaling_t0,wide,DEoptim,10923,7.291122454141135e-304
91,DFT_CRT,time_and_value_scaling_t0,wide,DEoptim,10924,3.785767122662269e-270
91,DFT_CRT,time_and_value_scaling_t0,wide,DEoptim,10925,7.4704627737844444e-90
91,DFT_CRT,time_and_value_scaling_t0,wide,DEoptim,10926,-4737913506197484e211
91,DFT_CRT,time_and_value_scaling_t0,wide,DEoptim,10927,-13336040938140394e225
91,DFT_CRT,time_and_value_scaling_t0,wide,DEoptim,10928,-8739907789219689e230
91,DFT_CRT,time_and_value_scaling_t0,wide,DEoptim,10929,-45644552357003e293
91,DFT_CRT,time_and_value_scaling_t0,wide,DEoptim,10930,-54422350867072904e290
91,DFT_CRT,time_and_value_scaling_t0,wide,DEoptim,10931,-5727785968743015e235
91,DFT_CRT,time_and_value_scaling_t0,wide,DEoptim,10932,1.2882298307039035e-231
91,DFT_CRT,time_and_value_scaling_t0,wide,DEoptim,10933,2.4834631584438887e-265
91,DFT_CRT,time_and_value_scaling_t0,wide,DEoptim,10934,4981524859546498e160
91,DFT_CRT,time_and_value_scaling_t0,wide,DEoptim,10935,2.172715084218677e-306
91,DFT_CRT,time_and_value_scaling_t0,wide,DEoptim,10936,1.807872510717062e-308
91,DFT_CRT,time_and_value_scaling_t0,wide,DEoptim,10937,1.390671161696517e-308
91,DFT_CRT,time_and_value_scaling_t0,wide,DEoptim,10938,6.475817e-318
91,DFT_CRT,time_and_value_scaling_t0,wide,DEoptim,10939,4.172013485024793e-309
91,DFT_CRT,time_and_value_scaling_t0,wide,DEoptim,10940,7.2012290357257565e-304
91,DFT_CRT,time_and_value_scaling_t0,wide,DEoptim,10941,4.556951275113873e-304
91,DFT_CRT,time_and_value_scaling_t0,wide,DEoptim,10942,1.8095022032254906e-308
91,DFT_CRT,time_and_value_scaling_t0,wide,DEoptim,10943,1.061127412e-314
91,DFT_CRT,time_and_value_scaling_t0,wide,DEoptim,10944,1.39067116189079e-309
91,DFT_CRT,time_and_value_scaling_t0,wide,DEoptim,10945,2.803071560357277e-309
91,DFT_CRT,time_and_value_scaling_t0,wide,DEoptim,10946,2.225073866793212e-308
91,DFT_CRT,time_and_value_scaling_t0,wide,DEoptim,10947,1.2516125334258437e-308
91,DFT_CRT,time_and_value_scaling_t0,wide,DEoptim,10948,4782144767937829e165
91,DFT_CRT,time_and_value_scaling_t0,wide,DEoptim,10949,18399669185336583e207
91,DFT_CRT,time_and_value_scaling_t0,wide,DEoptim,10950,6.835426899721121e-304
91,DFT_CRT,time_and_value_scaling_t0,wide,DEoptim,10951,3.645561022669323e-304
91,DFT_CRT,time_and_value_scaling_t0,wide,DEoptim,10952,6.835426893652422e-304
91,DFT_CRT,time_and_value_scaling_t0,wide,DEoptim,10953,7.087305254117138e-304
91,DFT_CRT,time_and_value_scaling_t0,wide,DEoptim,10954,6.8354268934402224e-304
91,DFT_CRT,time_and_value_scaling_t0,wide,DEoptim,10955,7.086418701251639e-304
91,DFT_CRT,time_and_value_scaling_t0,wide,DEoptim,10956,6.8354268934402224e-304
91,DFT_CRT,time_and_value_scaling_t0,wide,DEoptim,10957,7.181648385717843e-304
91,DFT_CRT,time_and_value_scaling_t0,wide,DEoptim,10958,6.835426893334123e-304
91,DFT_CRT,time_and_value_scaling_t0,wide,DEoptim,10959,6.835426893652422e-304
91,DFT_CRT,time_and_value_scaling_t0,wide,DEoptim,10960,7.085528671708236e-304
91,DFT_CRT,time_and_value_scaling_t0,wide,DEoptim,10961,6.8354268934402224e-304
91,DFT_CRT,time_and_value_scaling_t0,wide,DEoptim,10962,7.086418701251639e-304
91,DFT_CRT,time_and_value_scaling_t0,wide,DEoptim,10963,6.8354268934402224e-304
91,DFT_CRT,time_and_value_scaling_t0,wide,DEoptim,10964,7.200339006129304e-304
91,DFT_CRT,time_and_value_scaling_t0,wide,DEoptim,10965,7.0873087309011416e-304
91,DFT_CRT,time_and_value_scaling_t0,wide,DEoptim,10966,4.101256148891598e-304
91,DFT_CRT,time_and_value_scaling_t0,wide,DEoptim,10967,6.835426893334123e-304
91,DFT_CRT,time_and_value_scaling_t0,wide,DEoptim,10968,6.835426893652422e-304
91,DFT_CRT,time_and_value_scaling_t0,wide,DEoptim,10969,7.085528671708236e-304
91,DFT_CRT,time_and_value_scaling_t0,wide,DEoptim,10970,6.8354268934402224e-304
91,DFT_CRT,time_and_value_scaling_t0,wide,DEoptim,10971,3.873408585780461e-304
91,DFT_CRT,time_and_value_scaling_t0,wide,DEoptim,10972,6.8354268934402224e-304
91,DFT_CRT,time_and_value_scaling_t0,wide,DEoptim,10973,7.200339006129304e-304
91,DFT_CRT,time_and_value_scaling_t0,wide,DEoptim,10974,7.0873087309011416e-304
91,DFT_CRT,time_and_value_scaling_t0,wide,DEoptim,10975,4.101256148891598e-304
91,DFT_CRT,time_and_value_scaling_t0,wide,DEoptim,10976,6.835426893334123e-304
91,DFT_CRT,time_and_value_scaling_t0,wide,DEoptim,10977,6.835426893652422e-304
91,DFT_CRT,time_and_value_scaling_t0,wide,DEoptim,10978,7.085528671708236e-304
91,DFT_CRT,time_and_value_scaling_t0,wide,DEoptim,10979,6.8354268934402224e-304
91,DFT_CRT,time_and_value_scaling_t0,wide,DEoptim,10980,7.086418701251639e-304
91,DFT_CRT,time_and_value_scaling_t0,wide,DEoptim,10981,6.8354268934402224e-304
91,DFT_CRT,time_and_value_scaling_t0,wide,DEoptim,10982,7.181648385717843e-304
91,DFT_CRT,time_and_value_scaling_t0,wide,DEoptim,10983,7.0873087309011416e-304
91,DFT_CRT,time_and_value_scaling_t0,wide,DEoptim,10984,1.390671161567e-309
91,DFT_CRT,time_and_value_scaling_t0,wide,DEoptim,10985,2.9976037276512585e-106
91,DFT_CRT,time_and_value_scaling_t0,wide,DEoptim,10986,9.00557404296e-313
91,DFT_CRT,time_and_value_scaling_t0,wide,DEoptim,10987,5.38986930905e-312
91,DFT_CRT,time_and_value_scaling_t0,wide,DEoptim,10988,5.38986930908e-312
91,DFT_CRT,time_and_value_scaling_t0,wide,DEoptim,10989,5.413161852267e-312
91,DFT_CRT,time_and_value_scaling_t0,wide,DEoptim,10990,5.38986930906e-312
91,DFT_CRT,time_and_value_scaling_t0,wide,DEoptim,10991,5.411337938343e-312
91,DFT_CRT,time_and_value_scaling_t0,wide,DEoptim,10992,5.38986930906e-312
91,DFT_CRT,time_and_value_scaling_t0,wide,DEoptim,10993,5.42211369822e-312
91,DFT_CRT,time_and_value_scaling_t0,wide,DEoptim,10994,5.4133276332e-312
91,DFT_CRT,time_and_value_scaling_t0,wide,DEoptim,10995,5.41341052365e-312
91,DFT_CRT,time_and_value_scaling_t0,wide,DEoptim,10996,5.38986930905e-312
91,DFT_CRT,time_and_value_scaling_t0,wide,DEoptim,10997,5.198889689065e-312
91,DFT_CRT,time_and_value_scaling_t0,wide,DEoptim,10998,5.283769520704e-312
91,DFT_CRT,time_and_value_scaling_t0,wide,DEoptim,10999,3.39519326633e-313
91,DFT_CRT,time_and_value_scaling_t0,wide,DEoptim,11000,1.90980916355e-313
91,DFT_CRT,time_and_value_scaling_t0,wide,DEoptim,11001,7915655770469677e208
91,DFT_CRT,time_and_value_scaling_t0,wide,DEoptim,11002,1.320051141790913e-309
91,DFT_CRT,time_and_value_scaling_t0,wide,DEoptim,11003,1.32005114195735e-309
91,DFT_CRT,time_and_value_scaling_t0,wide,DEoptim,11004,5.43230953728e-312
91,DFT_CRT,time_and_value_scaling_t0,wide,DEoptim,11005,1.320051141966993e-309
91,DFT_CRT,time_and_value_scaling_t0,wide,DEoptim,11006,1.32005114195482e-309
91,DFT_CRT,time_and_value_scaling_t0,wide,DEoptim,11007,1.32005114195988e-309
91,DFT_CRT,time_and_value_scaling_t0,wide,DEoptim,11008,8.69169479192e-311
91,DFT_CRT,time_and_value_scaling_t0,wide,DEoptim,11009,2.052769442741057e-289
91,DFT_CRT,time_and_value_scaling_t0,wide,DEoptim,11010,38550964879452145e217
91,DFT_CRT,time_and_value_scaling_t0,wide,DEoptim,11011,31292285561047663e193
91,DFT_CRT,time_and_value_scaling_t0,wide,DEoptim,11012,-12773389544065687e278
91,DFT_CRT,time_and_value_scaling_t0,wide,DEoptim,11013,-19490645666604137e273
91,DFT_CRT,time_and_value_scaling_t0,wide,DEoptim,11014,-6320014948178232e291
91,DFT_CRT,time_and_value_scaling_t0,wide,DEoptim,11015,-2974036509186422e269
91,DFT_CRT,time_and_value_scaling_t0,wide,DEoptim,11016,-5486129035083048e288
91,DFT_CRT,time_and_value_scaling_t0,wide,DEoptim,11017,3.3272354637093874e-294
91,DFT_CRT,time_and_value_scaling_t0,wide,DEoptim,11018,1.2882298307039035e-231
91,DFT_CRT,time_and_value_scaling_t0,wide,DEoptim,11019,2.4834631584438887e-265
91,DFT_CRT,time_and_value_scaling_t0,wide,DEoptim,11020,5826601220190441e237
91,DFT_CRT,time_and_value_scaling_t0,wide,DEoptim,11021,6.2699533327043e-310
91,DFT_CRT,time_and_value_scaling_t0,wide,DEoptim,11022,1.0885838715e-311
91,DFT_CRT,time_and_value_scaling_t0,wide,DEoptim,11023,5.45352949013e-312
91,DFT_CRT,time_and_value_scaling_t0,wide,DEoptim,11024,1.38871892544058e-309
91,DFT_CRT,time_and_value_scaling_t0,wide,DEoptim,11025,2.122026526e-314
91,DFT_CRT,time_and_value_scaling_t0,wide,DEoptim,11026,2.175045716474e-311
91,DFT_CRT,time_and_value_scaling_t0,wide,DEoptim,11027,4.3479694064227e-311
91,DFT_CRT,time_and_value_scaling_t0,wide,DEoptim,11028,8.6916947618174e-311
91,DFT_CRT,time_and_value_scaling_t0,wide,DEoptim,11029,4.8891114586947e-311
91,DFT_CRT,time_and_value_scaling_t0,wide,DEoptim,11030,5739731968080803e179
91,DFT_CRT,time_and_value_scaling_t0,wide,DEoptim,11031,-8739903635374533e230
91,DFT_CRT,time_and_value_scaling_t0,wide,DEoptim,11032,-8739900105502114e230
91,DFT_CRT,time_and_value_scaling_t0,wide,DEoptim,11033,7.291122182631774e-304
91,DFT_CRT,time_and_value_scaling_t0,wide,DEoptim,11034,-8739908201035918e230
91,DFT_CRT,time_and_value_scaling_t0,wide,DEoptim,11035,-8739900040384786e230
91,DFT_CRT,time_and_value_scaling_t0,wide,DEoptim,11036,-8739900170619443e230
91,DFT_CRT,time_and_value_scaling_t0,wide,DEoptim,11037,1.2882298163255603e-231
91,DFT_CRT,time_and_value_scaling_t0,wide,DEoptim,11038,7.291122454141135e-304
91,DFT_CRT,time_and_value_scaling_t0,wide,DEoptim,11039,4.5767116216346e-246
91,DFT_CRT,time_and_value_scaling_t0,wide,DEoptim,11040,9466880865615174e203
91,DFT_CRT,time_and_value_scaling_t0,wide,DEoptim,11041,2.15286258717e-312
91,DFT_CRT,time_and_value_scaling_t0,wide,DEoptim,11042,2.54722386577e-313
91,DFT_CRT,time_and_value_scaling_t0,wide,DEoptim,11043,2.33502428667e-313
91,DFT_CRT,time_and_value_scaling_t0,wide,DEoptim,11044,5.425014864345e-312
91,DFT_CRT,time_and_value_scaling_t0,wide,DEoptim,11045,2.1228247076e-313
91,DFT_CRT,time_and_value_scaling_t0,wide,DEoptim,11046,2.97162302396e-313
91,DFT_CRT,time_and_value_scaling_t0,wide,DEoptim,11047,5.425180645266e-312
91,DFT_CRT,time_and_value_scaling_t0,wide,DEoptim,11048,3.39602218216e-313
91,DFT_CRT,time_and_value_scaling_t0,wide,DEoptim,11049,3.60822176125e-313
91,DFT_CRT,time_and_value_scaling_t0,wide,DEoptim,11050,5.425263535726e-312
91,DFT_CRT,time_and_value_scaling_t0,wide,DEoptim,11051,3.18382260306e-313
91,DFT_CRT,time_and_value_scaling_t0,wide,DEoptim,11052,3.82042134035e-313
91,DFT_CRT,time_and_value_scaling_t0,wide,DEoptim,11053,4.24482049854e-313
91,DFT_CRT,time_and_value_scaling_t0,wide,DEoptim,11054,3.39519326633e-313
91,DFT_CRT,time_and_value_scaling_t0,wide,DEoptim,11055,1.90980916355e-313
91,DFT_CRT,time_and_value_scaling_t0,wide,DEoptim,11056,6021750216742014e136
91,DFT_CRT,time_and_value_scaling_t0,wide,DEoptim,11057,13553893998989453e208
91,DFT_CRT,time_and_value_scaling_t0,wide,DEoptim,11058,3.852675457274005e-217
91,DFT_CRT,time_and_value_scaling_t0,wide,DEoptim,11059,1.0844317346099166e-202
91,DFT_CRT,time_and_value_scaling_t0,wide,DEoptim,11060,-10182246292608989e291
91,DFT_CRT,time_and_value_scaling_t0,wide,DEoptim,11061,1.6547115091093698e-207
91,DFT_CRT,time_and_value_scaling_t0,wide,DEoptim,11062,-10533358233011785e291
91,DFT_CRT,time_and_value_scaling_t0,wide,DEoptim,11063,4.657598834894143e-193
91,DFT_CRT,time_and_value_scaling_t0,wide,DEoptim,11064,7.106931815939549e-198
91,DFT_CRT,time_and_value_scaling_t0,wide,DEoptim,11065,4.576711826228506e-246
91,DFT_CRT,time_and_value_scaling_t0,wide,DEoptim,11066,1.6259746042675042e-260
91,DFT_CRT,time_and_value_scaling_t0,wide,DEoptim,11067,7.29112256278732e-304
91,DFT_CRT,time_and_value_scaling_t0,wide,DEoptim,11068,4.778311026179614e-299
91,DFT_CRT,time_and_value_scaling_t0,wide,DEoptim,11069,4460149089552174e28
91,DFT_CRT,time_and_value_scaling_t0,wide,DEoptim,11070,2.0522684006491881e-289
91,DFT_CRT,time_and_value_scaling_t0,wide,DEoptim,11071,8.814425696238783e-280
91,DFT_CRT,time_and_value_scaling_t0,wide,DEoptim,11072,3.0524039724362255e-188
91,DFT_CRT,time_and_value_scaling_t0,wide,DEoptim,11073,-651477235212991e289
91,DFT_CRT,time_and_value_scaling_t0,wide,DEoptim,11074,2.0004234673758048e-183
91,DFT_CRT,time_and_value_scaling_t0,wide,DEoptim,11075,-1843337692346655e291
91,DFT_CRT,time_and_value_scaling_t0,wide,DEoptim,11076,-1123558213474528e292
91,DFT_CRT,time_and_value_scaling_t0,wide,DEoptim,11077,5.434845090117003e-246
91,DFT_CRT,time_and_value_scaling_t0,wide,DEoptim,11078,2.71698351704e-312
91,DFT_CRT,time_and_value_scaling_t0,wide,DEoptim,11079,7.291122046717944e-304
91,DFT_CRT,time_and_value_scaling_t0,wide,DEoptim,11080,4.778309762337662e-299
91,DFT_CRT,time_and_value_scaling_t0,wide,DEoptim,11081,1.6578092e-316
91,DFT_CRT,time_and_value_scaling_t0,wide,DEoptim,11082,0
91,DFT_CRT,time_and_value_scaling_t0,wide,DEoptim,11083,5.972887158420601e-299
91,DFT_CRT,time_and_value_scaling_t0,wide,DEoptim,11084,1.2882309820211476e-231
91,DFT_CRT,time_and_value_scaling_t0,wide,DEoptim,11085,2.4834631584438887e-265
91,DFT_CRT,time_and_value_scaling_t0,wide,DEoptim,11086,17571863260639937e227
91,DFT_CRT,time_and_value_scaling_t0,wide,DEoptim,11087,6933350747771166e30
91,DFT_CRT,time_and_value_scaling_t0,wide,DEoptim,11088,-8371164748194542e283
91,DFT_CRT,time_and_value_scaling_t0,wide,DEoptim,11089,-10884470173414581e291
91,DFT_CRT,time_and_value_scaling_t0,wide,DEoptim,11090,4.576711826228506e-246
91,DFT_CRT,time_and_value_scaling_t0,wide,DEoptim,11091,1.625974567924141e-260
91,DFT_CRT,time_and_value_scaling_t0,wide,DEoptim,11092,1.65780921e-315
91,DFT_CRT,time_and_value_scaling_t0,wide,DEoptim,11093,3.131513074179815e-294
91,DFT_CRT,time_and_value_scaling_t0,wide,DEoptim,11094,-1755559707245956e291
91,DFT_CRT,time_and_value_scaling_t0,wide,DEoptim,11095,7.106931815939549e-198
91,DFT_CRT,time_and_value_scaling_t0,wide,DEoptim,11096,5.434845090117003e-246
91,DFT_CRT,time_and_value_scaling_t0,wide,DEoptim,11097,2.71648617428e-312
91,DFT_CRT,time_and_value_scaling_t0,wide,DEoptim,11098,7.291122046717944e-304
91,DFT_CRT,time_and_value_scaling_t0,wide,DEoptim,11099,5.972887176221192e-299
91,DFT_CRT,time_and_value_scaling_t0,wide,DEoptim,11100,1.2882309820211476e-231
91,DFT_CRT,time_and_value_scaling_t0,wide,DEoptim,11101,2.4834631584438887e-265
91,DFT_CRT,time_and_value_scaling_t0,wide,DEoptim,11102,17571863260639937e227
91,DFT_CRT,time_and_value_scaling_t0,wide,DEoptim,11103,6933350747771166e30
91,DFT_CRT,time_and_value_scaling_t0,wide,DEoptim,11104,-8371164748194542e283
91,DFT_CRT,time_and_value_scaling_t0,wide,DEoptim,11105,-11937806015550872e291
91,DFT_CRT,time_and_value_scaling_t0,wide,DEoptim,11106,4.576711826228506e-246
91,DFT_CRT,time_and_value_scaling_t0,wide,DEoptim,11107,1.625974567924141e-260
91,DFT_CRT,time_and_value_scaling_t0,wide,DEoptim,11108,1.65780921e-315
91,DFT_CRT,time_and_value_scaling_t0,wide,DEoptim,11109,3.131513074179815e-294
91,DFT_CRT,time_and_value_scaling_t0,wide,DEoptim,11110,-4740011205901698e291
91,DFT_CRT,time_and_value_scaling_t0,wide,DEoptim,11111,7.106931815939549e-198
91,DFT_CRT,time_and_value_scaling_t0,wide,DEoptim,11112,5.434845090117003e-246
91,DFT_CRT,time_and_value_scaling_t0,wide,DEoptim,11113,2.71648617428e-312
91,DFT_CRT,time_and_value_scaling_t0,wide,DEoptim,11114,7.291122046717944e-304
91,DFT_CRT,time_and_value_scaling_t0,wide,DEoptim,11115,5.972887176221192e-299
91,DFT_CRT,time_and_value_scaling_t0,wide,DEoptim,11116,1.2882309820211476e-231
91,DFT_CRT,time_and_value_scaling_t0,wide,DEoptim,11117,2.4834631584438887e-265
91,DFT_CRT,time_and_value_scaling_t0,wide,DEoptim,11118,17571863260639937e227
91,DFT_CRT,time_and_value_scaling_t0,wide,DEoptim,11119,6933350747771166e30
91,DFT_CRT,time_and_value_scaling_t0,wide,DEoptim,11120,-8371164748194542e283
91,DFT_CRT,time_and_value_scaling_t0,wide,DEoptim,11121,-12640029896356464e291
91,DFT_CRT,time_and_value_scaling_t0,wide,DEoptim,11122,4.576711826228506e-246
91,DFT_CRT,time_and_value_scaling_t0,wide,DEoptim,11123,1.6259745860958227e-260
91,DFT_CRT,time_and_value_scaling_t0,wide,DEoptim,11124,7.29112256278732e-304
91,DFT_CRT,time_and_value_scaling_t0,wide,DEoptim,11125,6.051003623e-315
91,DFT_CRT,time_and_value_scaling_t0,wide,DEoptim,11126,7.29112207387949e-304
91,DFT_CRT,time_and_value_scaling_t0,wide,DEoptim,11127,-873990000769894e231
91,DFT_CRT,time_and_value_scaling_t0,wide,DEoptim,11128,7.291122753024243e-304
91,DFT_CRT,time_and_value_scaling_t0,wide,DEoptim,11129,7.291128946068959e-304
91,DFT_CRT,time_and_value_scaling_t0,wide,DEoptim,11130,4.576715827817937e-246
91,DFT_CRT,time_and_value_scaling_t0,wide,DEoptim,11131,5.776622282774358e-275
91,DFT_CRT,time_and_value_scaling_t0,wide,DEoptim,11132,7.291122019556605e-304
91,DFT_CRT,time_and_value_scaling_t0,wide,DEoptim,11133,8.289046e-317
91,DFT_CRT,time_and_value_scaling_t0,wide,DEoptim,11134,0
91,DFT_CRT,time_and_value_scaling_t0,wide,DEoptim,11135,5.972887158420601e-299
91,DFT_CRT,time_and_value_scaling_t0,wide,DEoptim,11136,1.2882309820211476e-231
91,DFT_CRT,time_and_value_scaling_t0,wide,DEoptim,11137,2.4834631584438887e-265
91,DFT_CRT,time_and_value_scaling_t0,wide,DEoptim,11138,17571863260639937e227
91,DFT_CRT,time_and_value_scaling_t0,wide,DEoptim,11139,6933350747771166e30
91,DFT_CRT,time_and_value_scaling_t0,wide,DEoptim,11140,-8371164748194542e283
91,DFT_CRT,time_and_value_scaling_t0,wide,DEoptim,11141,-13342253777162056e291
91,DFT_CRT,time_and_value_scaling_t0,wide,DEoptim,11142,-1474670153877324e292
91,DFT_CRT,time_and_value_scaling_t0,wide,DEoptim,11143,2.99939378422183e-241
91,DFT_CRT,time_and_value_scaling_t0,wide,DEoptim,11144,1.35816019668e-312
91,DFT_CRT,time_and_value_scaling_t0,wide,DEoptim,11145,7.291122019556398e-304
91,DFT_CRT,time_and_value_scaling_t0,wide,DEoptim,11146,1.5573756946597356e-207
91,DFT_CRT,time_and_value_scaling_t0,wide,DEoptim,11147,2.0522685000380304e-289
91,DFT_CRT,time_and_value_scaling_t0,wide,DEoptim,11148,2.3763645463954244e-212
91,DFT_CRT,time_and_value_scaling_t0,wide,DEoptim,11149,7.291122019556398e-304
91,DFT_CRT,time_and_value_scaling_t0,wide,DEoptim,11150,7.291122101041036e-304
91,DFT_CRT,time_and_value_scaling_t0,wide,DEoptim,11151,-87399081810683e232
91,DFT_CRT,time_and_value_scaling_t0,wide,DEoptim,11152,4.576711860394263e-246
91,DFT_CRT,time_and_value_scaling_t0,wide,DEoptim,11153,2.0522685001276237e-289
91,DFT_CRT,time_and_value_scaling_t0,wide,DEoptim,11154,7.291122019556605e-304
91,DFT_CRT,time_and_value_scaling_t0,wide,DEoptim,11155,7.291122046717944e-304
91,DFT_CRT,time_and_value_scaling_t0,wide,DEoptim,11156,-13482698578959855e292
91,DFT_CRT,time_and_value_scaling_t0,wide,DEoptim,11157,7.291122454141135e-304
91,DFT_CRT,time_and_value_scaling_t0,wide,DEoptim,11158,1.2882297971109878e-231
91,DFT_CRT,time_and_value_scaling_t0,wide,DEoptim,11159,9305374649344273e184
91,DFT_CRT,time_and_value_scaling_t0,wide,DEoptim,11160,9041151394227776e256
91,DFT_CRT,time_and_value_scaling_t0,wide,DEoptim,11161,7.291128918589113e-304
91,DFT_CRT,time_and_value_scaling_t0,wide,DEoptim,11162,7.29112896516692e-304
91,DFT_CRT,time_and_value_scaling_t0,wide,DEoptim,11163,-87399082033252e232
91,DFT_CRT,time_and_value_scaling_t0,wide,DEoptim,11164,-8739900789234063e230
91,DFT_CRT,time_and_value_scaling_t0,wide,DEoptim,11165,-8739900854351392e230
91,DFT_CRT,time_and_value_scaling_t0,wide,DEoptim,11166,-8739900821792727e230
91,DFT_CRT,time_and_value_scaling_t0,wide,DEoptim,11167,-873990091946872e231
91,DFT_CRT,time_and_value_scaling_t0,wide,DEoptim,11168,-8739900886910056e230
91,DFT_CRT,time_and_value_scaling_t0,wide,DEoptim,11169,-8739900984586048e230
91,DFT_CRT,time_and_value_scaling_t0,wide,DEoptim,11170,-8739900952027384e230
91,DFT_CRT,time_and_value_scaling_t0,wide,DEoptim,11171,1.557374414190144e-207
91,DFT_CRT,time_and_value_scaling_t0,wide,DEoptim,11172,2.0522685000380304e-289
91,DFT_CRT,time_and_value_scaling_t0,wide,DEoptim,11173,2.3763645463954244e-212
91,DFT_CRT,time_and_value_scaling_t0,wide,DEoptim,11174,7.291122019556398e-304
91,DFT_CRT,time_and_value_scaling_t0,wide,DEoptim,11175,7.291122101041036e-304
91,DFT_CRT,time_and_value_scaling_t0,wide,DEoptim,11176,-87399082033252e232
91,DFT_CRT,time_and_value_scaling_t0,wide,DEoptim,11177,4.576712064989209e-246
91,DFT_CRT,time_and_value_scaling_t0,wide,DEoptim,11178,2.0522685001276237e-289
91,DFT_CRT,time_and_value_scaling_t0,wide,DEoptim,11179,7.291122019556605e-304
91,DFT_CRT,time_and_value_scaling_t0,wide,DEoptim,11180,7.291122046717944e-304
91,DFT_CRT,time_and_value_scaling_t0,wide,DEoptim,11181,-13482698578959855e292
91,DFT_CRT,time_and_value_scaling_t0,wide,DEoptim,11182,7.291122454141135e-304
91,DFT_CRT,time_and_value_scaling_t0,wide,DEoptim,11183,1.2882297971109878e-231
91,DFT_CRT,time_and_value_scaling_t0,wide,DEoptim,11184,9305374649344273e184
91,DFT_CRT,time_and_value_scaling_t0,wide,DEoptim,11185,9041151394227776e256
91,DFT_CRT,time_and_value_scaling_t0,wide,DEoptim,11186,7.291128918589113e-304
91,DFT_CRT,time_and_value_scaling_t0,wide,DEoptim,11187,7.29112896537912e-304
91,DFT_CRT,time_and_value_scaling_t0,wide,DEoptim,11188,-8739908203706746e230
91,DFT_CRT,time_and_value_scaling_t0,wide,DEoptim,11189,1.2882299315022756e-231
91,DFT_CRT,time_and_value_scaling_t0,wide,DEoptim,11190,7.291122454141135e-304
91,DFT_CRT,time_and_value_scaling_t0,wide,DEoptim,11191,8.814425958931142e-280
91,DFT_CRT,time_and_value_scaling_t0,wide,DEoptim,11192,2.29140828301637e-310
91,DFT_CRT,time_and_value_scaling_t0,wide,DEoptim,11193,7.0620019949885e-311
91,DFT_CRT,time_and_value_scaling_t0,wide,DEoptim,11194,5.432309225377e-311
91,DFT_CRT,time_and_value_scaling_t0,wide,DEoptim,11195,2.5296e-320
91,DFT_CRT,time_and_value_scaling_t0,wide,DEoptim,11196,1.629692767588e-311
91,DFT_CRT,time_and_value_scaling_t0,wide,DEoptim,11197,1.38803988678747e-309
91,DFT_CRT,time_and_value_scaling_t0,wide,DEoptim,11198,2.0101666158549e-310
91,DFT_CRT,time_and_value_scaling_t0,wide,DEoptim,11199,7.0683679813496e-311
91,DFT_CRT,time_and_value_scaling_t0,wide,DEoptim,11200,4.145029e-317
91,DFT_CRT,time_and_value_scaling_t0,wide,DEoptim,11201,5.432309226136e-312
91,DFT_CRT,time_and_value_scaling_t0,wide,DEoptim,11202,1.0949498282646e-311
91,DFT_CRT,time_and_value_scaling_t0,wide,DEoptim,11203,8.691694792161e-311
91,DFT_CRT,time_and_value_scaling_t0,wide,DEoptim,11204,4.8891114586947e-311
91,DFT_CRT,time_and_value_scaling_t0,wide,DEoptim,11205,7497795326462078e232
91,DFT_CRT,time_and_value_scaling_t0,wide,DEoptim,11206,59927003901658496e159
91,DFT_CRT,time_and_value_scaling_t0,wide,DEoptim,11207,1.379806543269535e-309
91,DFT_CRT,time_and_value_scaling_t0,wide,DEoptim,11208,1.38918576451459e-309
91,DFT_CRT,time_and_value_scaling_t0,wide,DEoptim,11209,1.95584352360618e-310
91,DFT_CRT,time_and_value_scaling_t0,wide,DEoptim,11210,8.6916947618174e-311
91,DFT_CRT,time_and_value_scaling_t0,wide,DEoptim,11211,4.8891114586947e-311
91,DFT_CRT,time_and_value_scaling_t0,wide,DEoptim,11212,1.13609741008049e-307
91,DFT_CRT,time_and_value_scaling_t0,wide,DEoptim,11213,6.398173820789414e-308
91,DFT_CRT,time_and_value_scaling_t0,wide,DEoptim,11214,6.120039588476014e-308
91,DFT_CRT,time_and_value_scaling_t0,wide,DEoptim,11215,2.225073859025267e-308
91,DFT_CRT,time_and_value_scaling_t0,wide,DEoptim,11216,1.2516125334258437e-308
91,DFT_CRT,time_and_value_scaling_t0,wide,DEoptim,11217,1.2650682997250418e-306
91,DFT_CRT,time_and_value_scaling_t0,wide,DEoptim,11218,6.676308053102814e-308
91,DFT_CRT,time_and_value_scaling_t0,wide,DEoptim,11219,6.954442285416214e-308
91,DFT_CRT,time_and_value_scaling_t0,wide,DEoptim,11220,1.807872510717062e-308
91,DFT_CRT,time_and_value_scaling_t0,wide,DEoptim,11221,1.390671162020308e-308
91,DFT_CRT,time_and_value_scaling_t0,wide,DEoptim,11222,1.39067116901419e-309
91,DFT_CRT,time_and_value_scaling_t0,wide,DEoptim,11223,2.781342332523937e-309
91,DFT_CRT,time_and_value_scaling_t0,wide,DEoptim,11224,4.17201349570989e-309
91,DFT_CRT,time_and_value_scaling_t0,wide,DEoptim,11225,5.56268465565794e-309
91,DFT_CRT,time_and_value_scaling_t0,wide,DEoptim,11226,6.953355818843894e-309
91,DFT_CRT,time_and_value_scaling_t0,wide,DEoptim,11227,1.2304053e-317
91,DFT_CRT,time_and_value_scaling_t0,wide,DEoptim,11228,9.734698131292797e-309
91,DFT_CRT,time_and_value_scaling_t0,wide,DEoptim,11229,7.232576517729615e-308
91,DFT_CRT,time_and_value_scaling_t0,wide,DEoptim,11230,7.231490040201454e-304
91,DFT_CRT,time_and_value_scaling_t0,wide,DEoptim,11231,1.807872510717062e-308
91,DFT_CRT,time_and_value_scaling_t0,wide,DEoptim,11232,1.390671161923171e-308
91,DFT_CRT,time_and_value_scaling_t0,wide,DEoptim,11233,1.39067116901419e-309
91,DFT_CRT,time_and_value_scaling_t0,wide,DEoptim,11234,2.781342332523937e-309
91,DFT_CRT,time_and_value_scaling_t0,wide,DEoptim,11235,4.311080602055729e-308
91,DFT_CRT,time_and_value_scaling_t0,wide,DEoptim,11236,6.118953111089078e-308
91,DFT_CRT,time_and_value_scaling_t0,wide,DEoptim,11237,1.390671161567e-309
91,DFT_CRT,time_and_value_scaling_t0,wide,DEoptim,11238,4.3291036993768605e-304
91,DFT_CRT,time_and_value_scaling_t0,wide,DEoptim,11239,1.390671175491273e-309
91,DFT_CRT,time_and_value_scaling_t0,wide,DEoptim,11240,2.920409447564823e-308
91,DFT_CRT,time_and_value_scaling_t0,wide,DEoptim,11241,5.562684650477285e-309
91,DFT_CRT,time_and_value_scaling_t0,wide,DEoptim,11242,2.7813423234577926e-308
91,DFT_CRT,time_and_value_scaling_t0,wide,DEoptim,11243,1.390671161567e-309
91,DFT_CRT,time_and_value_scaling_t0,wide,DEoptim,11244,1.390671162538373e-309
91,DFT_CRT,time_and_value_scaling_t0,wide,DEoptim,11245,4.32910371266731e-304
91,DFT_CRT,time_and_value_scaling_t0,wide,DEoptim,11246,1.8078725114295283e-308
91,DFT_CRT,time_and_value_scaling_t0,wide,DEoptim,11247,-5.56268465048108e-309
91,DFT_CRT,time_and_value_scaling_t0,wide,DEoptim,11248,1.390671161567e-309
91,DFT_CRT,time_and_value_scaling_t0,wide,DEoptim,11249,1.39067116189079e-309
91,DFT_CRT,time_and_value_scaling_t0,wide,DEoptim,11250,7.269761310621657e-304
91,DFT_CRT,time_and_value_scaling_t0,wide,DEoptim,11251,1.390671166747655e-309
91,DFT_CRT,time_and_value_scaling_t0,wide,DEoptim,11252,6483618077225699e163
91,DFT_CRT,time_and_value_scaling_t0,wide,DEoptim,11253,48233772253083966e212
91,DFT_CRT,time_and_value_scaling_t0,wide,DEoptim,11254,2.171321743798039e-306
91,DFT_CRT,time_and_value_scaling_t0,wide,DEoptim,11255,1.39067124380988e-309
91,DFT_CRT,time_and_value_scaling_t0,wide,DEoptim,11256,1.8078725183177994e-308
91,DFT_CRT,time_and_value_scaling_t0,wide,DEoptim,11257,-1.5297382781450085e-308
91,DFT_CRT,time_and_value_scaling_t0,wide,DEoptim,11258,0
91,DFT_CRT,time_and_value_scaling_t0,wide,DEoptim,11259,0
91,DFT_CRT,time_and_value_scaling_t0,wide,DEoptim,11260,0
91,DFT_CRT,time_and_value_scaling_t0,wide,DEoptim,11261,0
91,DFT_CRT,time_and_value_scaling_t0,wide,DEoptim,11262,0
91,DFT_CRT,time_and_value_scaling_t0,wide,DEoptim,11263,2.803071560033486e-309
91,DFT_CRT,time_and_value_scaling_t0,wide,DEoptim,11264,2.225073866793212e-308
91,DFT_CRT,time_and_value_scaling_t0,wide,DEoptim,11265,1.2516125334258437e-308
91,DFT_CRT,time_and_value_scaling_t0,wide,DEoptim,11266,4782144767937829e165
91,DFT_CRT,time_and_value_scaling_t0,wide,DEoptim,11267,18399669185336583e207
91,DFT_CRT,time_and_value_scaling_t0,wide,DEoptim,11268,6.835426899721121e-304
91,DFT_CRT,time_and_value_scaling_t0,wide,DEoptim,11269,2.225073859025267e-308
91,DFT_CRT,time_and_value_scaling_t0,wide,DEoptim,11270,1.2516125334258437e-308
91,DFT_CRT,time_and_value_scaling_t0,wide,DEoptim,11271,35152769546060035e241
91,DFT_CRT,time_and_value_scaling_t0,wide,DEoptim,11272,2.9204094407605916e-308
91,DFT_CRT,time_and_value_scaling_t0,wide,DEoptim,11273,5.562684650477285e-309
91,DFT_CRT,time_and_value_scaling_t0,wide,DEoptim,11274,2.7813423234577926e-308
91,DFT_CRT,time_and_value_scaling_t0,wide,DEoptim,11275,1.390671161567e-309
91,DFT_CRT,time_and_value_scaling_t0,wide,DEoptim,11276,1.390671162538373e-309
91,DFT_CRT,time_and_value_scaling_t0,wide,DEoptim,11277,4.329103712677878e-304
91,DFT_CRT,time_and_value_scaling_t0,wide,DEoptim,11278,1.807872511397149e-308
91,DFT_CRT,time_and_value_scaling_t0,wide,DEoptim,11279,-5.56268465048108e-309
91,DFT_CRT,time_and_value_scaling_t0,wide,DEoptim,11280,1.390671161567e-309
91,DFT_CRT,time_and_value_scaling_t0,wide,DEoptim,11281,1.39067116189079e-309
91,DFT_CRT,time_and_value_scaling_t0,wide,DEoptim,11282,7.269761310621657e-304
91,DFT_CRT,time_and_value_scaling_t0,wide,DEoptim,11283,1.390671166747655e-309
91,DFT_CRT,time_and_value_scaling_t0,wide,DEoptim,11284,6483618077225699e163
91,DFT_CRT,time_and_value_scaling_t0,wide,DEoptim,11285,48233772253083966e212
91,DFT_CRT,time_and_value_scaling_t0,wide,DEoptim,11286,2.171321743798039e-306
91,DFT_CRT,time_and_value_scaling_t0,wide,DEoptim,11287,2.2250738667314893e-308
91,DFT_CRT,time_and_value_scaling_t0,wide,DEoptim,11288,1.390671166747655e-309
91,DFT_CRT,time_and_value_scaling_t0,wide,DEoptim,11289,2.8002713290157807e-82
91,DFT_CRT,time_and_value_scaling_t0,wide,DEoptim,11290,5.434845090117003e-246
91,DFT_CRT,time_and_value_scaling_t0,wide,DEoptim,11291,2.717315078884e-312
91,DFT_CRT,time_and_value_scaling_t0,wide,DEoptim,11292,0
91,DFT_CRT,time_and_value_scaling_t0,wide,DEoptim,11293,0
91,DFT_CRT,time_and_value_scaling_t0,wide,DEoptim,11294,0
91,DFT_CRT,time_and_value_scaling_t0,wide,DEoptim,11295,0
91,DFT_CRT,time_and_value_scaling_t0,wide,DEoptim,11296,0
91,DFT_CRT,time_and_value_scaling_t0,wide,DEoptim,11297,0
91,DFT_CRT,time_and_value_scaling_t0,wide,DEoptim,11298,5.972887158420601e-299
91,DFT_CRT,time_and_value_scaling_t0,wide,DEoptim,11299,1.2882309820211476e-231
91,DFT_CRT,time_and_value_scaling_t0,wide,DEoptim,11300,2.4834631584438887e-265
91,DFT_CRT,time_and_value_scaling_t0,wide,DEoptim,11301,17571863260639937e227
91,DFT_CRT,time_and_value_scaling_t0,wide,DEoptim,11302,6933350747771166e30
91,DFT_CRT,time_and_value_scaling_t0,wide,DEoptim,11303,-8371164748194542e283
91,DFT_CRT,time_and_value_scaling_t0,wide,DEoptim,11304,-19662268704412385e291
91,DFT_CRT,time_and_value_scaling_t0,wide,DEoptim,11305,-21768940346829162e291
91,DFT_CRT,time_and_value_scaling_t0,wide,DEoptim,11306,6.519895313517265e-92
91,DFT_CRT,time_and_value_scaling_t0,wide,DEoptim,11307,4.576711826228506e-246
91,DFT_CRT,time_and_value_scaling_t0,wide,DEoptim,11308,1.625974567924141e-260
91,DFT_CRT,time_and_value_scaling_t0,wide,DEoptim,11309,1.65780921e-315
91,DFT_CRT,time_and_value_scaling_t0,wide,DEoptim,11310,3.131513074179815e-294
91,DFT_CRT,time_and_value_scaling_t0,wide,DEoptim,11311,-6171889597830305e288
91,DFT_CRT,time_and_value_scaling_t0,wide,DEoptim,11312,6.519895313517265e-92
91,DFT_CRT,time_and_value_scaling_t0,wide,DEoptim,11313,5.434845090117003e-246
91,DFT_CRT,time_and_value_scaling_t0,wide,DEoptim,11314,2.71648617428e-312
91,DFT_CRT,time_and_value_scaling_t0,wide,DEoptim,11315,7.291122046717944e-304
91,DFT_CRT,time_and_value_scaling_t0,wide,DEoptim,11316,5.972887176221192e-299
91,DFT_CRT,time_and_value_scaling_t0,wide,DEoptim,11317,1.2882309820211476e-231
91,DFT_CRT,time_and_value_scaling_t0,wide,DEoptim,11318,2.4834631584438887e-265
91,DFT_CRT,time_and_value_scaling_t0,wide,DEoptim,11319,17571863260639937e227
91,DFT_CRT,time_and_value_scaling_t0,wide,DEoptim,11320,6933350747771166e30
91,DFT_CRT,time_and_value_scaling_t0,wide,DEoptim,11321,-8371164748194542e283
91,DFT_CRT,time_and_value_scaling_t0,wide,DEoptim,11322,4.576711826228506e-246
91,DFT_CRT,time_and_value_scaling_t0,wide,DEoptim,11323,1.625974567924141e-260
91,DFT_CRT,time_and_value_scaling_t0,wide,DEoptim,11324,1.65780921e-315
91,DFT_CRT,time_and_value_scaling_t0,wide,DEoptim,11325,3.131513074179815e-294
91,DFT_CRT,time_and_value_scaling_t0,wide,DEoptim,11326,-182578209428012e293
91,DFT_CRT,time_and_value_scaling_t0,wide,DEoptim,11327,6.519895313517265e-92
91,DFT_CRT,time_and_value_scaling_t0,wide,DEoptim,11328,5.434845090117003e-246
91,DFT_CRT,time_and_value_scaling_t0,wide,DEoptim,11329,2.71648617428e-312
91,DFT_CRT,time_and_value_scaling_t0,wide,DEoptim,11330,7.291122046717944e-304
91,DFT_CRT,time_and_value_scaling_t0,wide,DEoptim,11331,5.972887176221192e-299
91,DFT_CRT,time_and_value_scaling_t0,wide,DEoptim,11332,1.2882309820211476e-231
91,DFT_CRT,time_and_value_scaling_t0,wide,DEoptim,11333,2.4834631584438887e-265
91,DFT_CRT,time_and_value_scaling_t0,wide,DEoptim,11334,17571863260639937e227
91,DFT_CRT,time_and_value_scaling_t0,wide,DEoptim,11335,6933350747771166e30
91,DFT_CRT,time_and_value_scaling_t0,wide,DEoptim,11336,-8371164748194542e283
91,DFT_CRT,time_and_value_scaling_t0,wide,DEoptim,11337,9.948570729854225e-97
91,DFT_CRT,time_and_value_scaling_t0,wide,DEoptim,11338,4.272878592666675e-87
91,DFT_CRT,time_and_value_scaling_t0,wide,DEoptim,11339,4.576711826228506e-246
91,DFT_CRT,time_and_value_scaling_t0,wide,DEoptim,11340,1.625974567924141e-260
91,DFT_CRT,time_and_value_scaling_t0,wide,DEoptim,11341,1.65780921e-315
91,DFT_CRT,time_and_value_scaling_t0,wide,DEoptim,11342,3.131513074179815e-294
91,DFT_CRT,time_and_value_scaling_t0,wide,DEoptim,11343,-2370005602950849e291
91,DFT_CRT,time_and_value_scaling_t0,wide,DEoptim,11344,4.272878592666675e-87
91,DFT_CRT,time_and_value_scaling_t0,wide,DEoptim,11345,5.434845090117003e-246
91,DFT_CRT,time_and_value_scaling_t0,wide,DEoptim,11346,2.71648617428e-312
91,DFT_CRT,time_and_value_scaling_t0,wide,DEoptim,11347,7.291122046717944e-304
91,DFT_CRT,time_and_value_scaling_t0,wide,DEoptim,11348,5.972887176221192e-299
91,DFT_CRT,time_and_value_scaling_t0,wide,DEoptim,11349,1.2882309820211476e-231
91,DFT_CRT,time_and_value_scaling_t0,wide,DEoptim,11350,2.4834631584438887e-265
91,DFT_CRT,time_and_value_scaling_t0,wide,DEoptim,11351,17571863260639937e227
91,DFT_CRT,time_and_value_scaling_t0,wide,DEoptim,11352,6933350747771166e30
91,DFT_CRT,time_and_value_scaling_t0,wide,DEoptim,11353,-8371164748194542e283
91,DFT_CRT,time_and_value_scaling_t0,wide,DEoptim,11354,-2247116426949056e292
91,DFT_CRT,time_and_value_scaling_t0,wide,DEoptim,11355,1.8351873815281873e-77
91,DFT_CRT,time_and_value_scaling_t0,wide,DEoptim,11356,1.2882298307039035e-231
91,DFT_CRT,time_and_value_scaling_t0,wide,DEoptim,11357,2.4834631584438887e-265
91,DFT_CRT,time_and_value_scaling_t0,wide,DEoptim,11358,1.96560635898034e-310
91,DFT_CRT,time_and_value_scaling_t0,wide,DEoptim,11359,7.0620019949885e-311
91,DFT_CRT,time_and_value_scaling_t0,wide,DEoptim,11360,5.432309225377e-311
91,DFT_CRT,time_and_value_scaling_t0,wide,DEoptim,11361,2.5296e-320
91,DFT_CRT,time_and_value_scaling_t0,wide,DEoptim,11362,1.629692767588e-311
91,DFT_CRT,time_and_value_scaling_t0,wide,DEoptim,11363,1.388188426492836e-309
91,DFT_CRT,time_and_value_scaling_t0,wide,DEoptim,11364,2.6077206305907e-310
91,DFT_CRT,time_and_value_scaling_t0,wide,DEoptim,11365,7.0683679813496e-311
91,DFT_CRT,time_and_value_scaling_t0,wide,DEoptim,11366,4.145029e-317
91,DFT_CRT,time_and_value_scaling_t0,wide,DEoptim,11367,5.432309226136e-312
91,DFT_CRT,time_and_value_scaling_t0,wide,DEoptim,11368,1.0949498282646e-311
91,DFT_CRT,time_and_value_scaling_t0,wide,DEoptim,11369,8.691694792161e-311
91,DFT_CRT,time_and_value_scaling_t0,wide,DEoptim,11370,4.8891114586947e-311
91,DFT_CRT,time_and_value_scaling_t0,wide,DEoptim,11371,7497795326462078e232
91,DFT_CRT,time_and_value_scaling_t0,wide,DEoptim,11372,59927003901658496e159
91,DFT_CRT,time_and_value_scaling_t0,wide,DEoptim,11373,1.379806543269535e-309
91,DFT_CRT,time_and_value_scaling_t0,wide,DEoptim,11374,2.553397538342e-310
91,DFT_CRT,time_and_value_scaling_t0,wide,DEoptim,11375,2.82501299958555e-310
91,DFT_CRT,time_and_value_scaling_t0,wide,DEoptim,11376,1.38725474834481e-309
91,DFT_CRT,time_and_value_scaling_t0,wide,DEoptim,11377,2.77068990733684e-310
91,DFT_CRT,time_and_value_scaling_t0,wide,DEoptim,11378,2.71636681508813e-310
91,DFT_CRT,time_and_value_scaling_t0,wide,DEoptim,11379,2.6620437228394e-310
91,DFT_CRT,time_and_value_scaling_t0,wide,DEoptim,11380,2.87933609183426e-310
91,DFT_CRT,time_and_value_scaling_t0,wide,DEoptim,11381,7.0620019949885e-311
91,DFT_CRT,time_and_value_scaling_t0,wide,DEoptim,11382,5.432309225883e-311
91,DFT_CRT,time_and_value_scaling_t0,wide,DEoptim,11383,5.43230925396e-312
91,DFT_CRT,time_and_value_scaling_t0,wide,DEoptim,11384,1.086461848642e-311
91,DFT_CRT,time_and_value_scaling_t0,wide,DEoptim,11385,4.8063e-320
91,DFT_CRT,time_and_value_scaling_t0,wide,DEoptim,11386,2.172923690075e-311
91,DFT_CRT,time_and_value_scaling_t0,wide,DEoptim,11387,2.93365918408297e-310
91,DFT_CRT,time_and_value_scaling_t0,wide,DEoptim,11388,1.387700367460914e-309
91,DFT_CRT,time_and_value_scaling_t0,wide,DEoptim,11389,7.0620019949885e-311
91,DFT_CRT,time_and_value_scaling_t0,wide,DEoptim,11390,5.432309226136e-311
91,DFT_CRT,time_and_value_scaling_t0,wide,DEoptim,11391,5.432309250167e-312
91,DFT_CRT,time_and_value_scaling_t0,wide,DEoptim,11392,1.0864618542073e-311
91,DFT_CRT,time_and_value_scaling_t0,wide,DEoptim,11393,3.96558573419385e-310
91,DFT_CRT,time_and_value_scaling_t0,wide,DEoptim,11394,2.1729236899484e-311
91,DFT_CRT,time_and_value_scaling_t0,wide,DEoptim,11395,3.259385535049e-311
91,DFT_CRT,time_and_value_scaling_t0,wide,DEoptim,11396,2.9879822763317e-310
91,DFT_CRT,time_and_value_scaling_t0,wide,DEoptim,11397,1.385302512217124e-309
91,DFT_CRT,time_and_value_scaling_t0,wide,DEoptim,11398,3.0423053685804e-310
91,DFT_CRT,time_and_value_scaling_t0,wide,DEoptim,11399,1.38725474834481e-309
91,DFT_CRT,time_and_value_scaling_t0,wide,DEoptim,11400,1.38865526556685e-309
91,DFT_CRT,time_and_value_scaling_t0,wide,DEoptim,11401,7.0683679813496e-311
91,DFT_CRT,time_and_value_scaling_t0,wide,DEoptim,11402,4.145788e-317
91,DFT_CRT,time_and_value_scaling_t0,wide,DEoptim,11403,5.432309226136e-312
91,DFT_CRT,time_and_value_scaling_t0,wide,DEoptim,11404,1.086461845227e-311
91,DFT_CRT,time_and_value_scaling_t0,wide,DEoptim,11405,2.53e-321
91,DFT_CRT,time_and_value_scaling_t0,wide,DEoptim,11406,0
91,DFT_CRT,time_and_value_scaling_t0,wide,DEoptim,11407,1.094949828138e-311
91,DFT_CRT,time_and_value_scaling_t0,wide,DEoptim,11408,8.691694792161e-311
91,DFT_CRT,time_and_value_scaling_t0,wide,DEoptim,11409,4.8891114586947e-311
91,DFT_CRT,time_and_value_scaling_t0,wide,DEoptim,11410,7497795326462078e232
91,DFT_CRT,time_and_value_scaling_t0,wide,DEoptim,11411,59927003901658496e159
91,DFT_CRT,time_and_value_scaling_t0,wide,DEoptim,11412,1.379806543269535e-309
91,DFT_CRT,time_and_value_scaling_t0,wide,DEoptim,11413,7.0683679813496e-311
91,DFT_CRT,time_and_value_scaling_t0,wide,DEoptim,11414,4.145535e-317
91,DFT_CRT,time_and_value_scaling_t0,wide,DEoptim,11415,0
91,DFT_CRT,time_and_value_scaling_t0,wide,DEoptim,11416,0
91,DFT_CRT,time_and_value_scaling_t0,wide,DEoptim,11417,0
91,DFT_CRT,time_and_value_scaling_t0,wide,DEoptim,11418,1.094949828138e-311
91,DFT_CRT,time_and_value_scaling_t0,wide,DEoptim,11419,8.691694792161e-311
91,DFT_CRT,time_and_value_scaling_t0,wide,DEoptim,11420,4.8891114586947e-311
91,DFT_CRT,time_and_value_scaling_t0,wide,DEoptim,11421,7497795326462078e232
91,DFT_CRT,time_and_value_scaling_t0,wide,DEoptim,11422,59927003901658496e159
91,DFT_CRT,time_and_value_scaling_t0,wide,DEoptim,11423,1.379806543269535e-309
91,DFT_CRT,time_and_value_scaling_t0,wide,DEoptim,11424,3.0966284608291e-310
91,DFT_CRT,time_and_value_scaling_t0,wide,DEoptim,11425,7.0620019949885e-311
91,DFT_CRT,time_and_value_scaling_t0,wide,DEoptim,11426,5.432309225883e-311
91,DFT_CRT,time_and_value_scaling_t0,wide,DEoptim,11427,5.43230925396e-312
91,DFT_CRT,time_and_value_scaling_t0,wide,DEoptim,11428,1.086461848642e-311
91,DFT_CRT,time_and_value_scaling_t0,wide,DEoptim,11429,4.8063e-320
91,DFT_CRT,time_and_value_scaling_t0,wide,DEoptim,11430,2.172923690075e-311
91,DFT_CRT,time_and_value_scaling_t0,wide,DEoptim,11431,3.1509515530778e-310
91,DFT_CRT,time_and_value_scaling_t0,wide,DEoptim,11432,1.38933430421996e-309
91,DFT_CRT,time_and_value_scaling_t0,wide,DEoptim,11433,7.0620019949885e-311
91,DFT_CRT,time_and_value_scaling_t0,wide,DEoptim,11434,5.432309225883e-311
91,DFT_CRT,time_and_value_scaling_t0,wide,DEoptim,11435,5.43230925396e-312
91,DFT_CRT,time_and_value_scaling_t0,wide,DEoptim,11436,1.086461848642e-311
91,DFT_CRT,time_and_value_scaling_t0,wide,DEoptim,11437,4.8063e-320
91,DFT_CRT,time_and_value_scaling_t0,wide,DEoptim,11438,2.172923690075e-311
91,DFT_CRT,time_and_value_scaling_t0,wide,DEoptim,11439,3.20527464532653e-310
91,DFT_CRT,time_and_value_scaling_t0,wide,DEoptim,11440,1.387700367460914e-309
91,DFT_CRT,time_and_value_scaling_t0,wide,DEoptim,11441,7.0620019949885e-311
91,DFT_CRT,time_and_value_scaling_t0,wide,DEoptim,11442,5.432309226136e-311
91,DFT_CRT,time_and_value_scaling_t0,wide,DEoptim,11443,5.432309250167e-312
91,DFT_CRT,time_and_value_scaling_t0,wide,DEoptim,11444,1.0864618542073e-311
91,DFT_CRT,time_and_value_scaling_t0,wide,DEoptim,11445,3.96558573419385e-310
91,DFT_CRT,time_and_value_scaling_t0,wide,DEoptim,11446,2.1729236899484e-311
91,DFT_CRT,time_and_value_scaling_t0,wide,DEoptim,11447,3.259385535049e-311
91,DFT_CRT,time_and_value_scaling_t0,wide,DEoptim,11448,3.25959773757524e-310
91,DFT_CRT,time_and_value_scaling_t0,wide,DEoptim,11449,1.385302512217124e-309
91,DFT_CRT,time_and_value_scaling_t0,wide,DEoptim,11450,3.31392082982395e-310
91,DFT_CRT,time_and_value_scaling_t0,wide,DEoptim,11451,1.38725474834481e-309
91,DFT_CRT,time_and_value_scaling_t0,wide,DEoptim,11452,1.38869770548267e-309
91,DFT_CRT,time_and_value_scaling_t0,wide,DEoptim,11453,7.0683679813496e-311
91,DFT_CRT,time_and_value_scaling_t0,wide,DEoptim,11454,4.145788e-317
91,DFT_CRT,time_and_value_scaling_t0,wide,DEoptim,11455,5.432309226136e-312
91,DFT_CRT,time_and_value_scaling_t0,wide,DEoptim,11456,1.086461845227e-311
91,DFT_CRT,time_and_value_scaling_t0,wide,DEoptim,11457,2.53e-321
91,DFT_CRT,time_and_value_scaling_t0,wide,DEoptim,11458,0
91,DFT_CRT,time_and_value_scaling_t0,wide,DEoptim,11459,1.094949828138e-311
91,DFT_CRT,time_and_value_scaling_t0,wide,DEoptim,11460,8.691694792161e-311
91,DFT_CRT,time_and_value_scaling_t0,wide,DEoptim,11461,4.8891114586947e-311
91,DFT_CRT,time_and_value_scaling_t0,wide,DEoptim,11462,7497795326462078e232
91,DFT_CRT,time_and_value_scaling_t0,wide,DEoptim,11463,59927003901658496e159
91,DFT_CRT,time_and_value_scaling_t0,wide,DEoptim,11464,1.379806543269535e-309
91,DFT_CRT,time_and_value_scaling_t0,wide,DEoptim,11465,7.0683679813496e-311
91,DFT_CRT,time_and_value_scaling_t0,wide,DEoptim,11466,4.145535e-317
91,DFT_CRT,time_and_value_scaling_t0,wide,DEoptim,11467,0
91,DFT_CRT,time_and_value_scaling_t0,wide,DEoptim,11468,0
91,DFT_CRT,time_and_value_scaling_t0,wide,DEoptim,11469,0
91,DFT_CRT,time_and_value_scaling_t0,wide,DEoptim,11470,1.094949828138e-311
91,DFT_CRT,time_and_value_scaling_t0,wide,DEoptim,11471,8.691694792161e-311
91,DFT_CRT,time_and_value_scaling_t0,wide,DEoptim,11472,4.8891114586947e-311
91,DFT_CRT,time_and_value_scaling_t0,wide,DEoptim,11473,7497795326462078e232
91,DFT_CRT,time_and_value_scaling_t0,wide,DEoptim,11474,59927003901658496e159
91,DFT_CRT,time_and_value_scaling_t0,wide,DEoptim,11475,1.379806543269535e-309
91,DFT_CRT,time_and_value_scaling_t0,wide,DEoptim,11476,7.0683679813496e-311
91,DFT_CRT,time_and_value_scaling_t0,wide,DEoptim,11477,4.145535e-317
91,DFT_CRT,time_and_value_scaling_t0,wide,DEoptim,11478,0
91,DFT_CRT,time_and_value_scaling_t0,wide,DEoptim,11479,0
91,DFT_CRT,time_and_value_scaling_t0,wide,DEoptim,11480,0
91,DFT_CRT,time_and_value_scaling_t0,wide,DEoptim,11481,1.094949828138e-311
91,DFT_CRT,time_and_value_scaling_t0,wide,DEoptim,11482,8.691694792161e-311
91,DFT_CRT,time_and_value_scaling_t0,wide,DEoptim,11483,4.8891114586947e-311
91,DFT_CRT,time_and_value_scaling_t0,wide,DEoptim,11484,7497795326462078e232
91,DFT_CRT,time_and_value_scaling_t0,wide,DEoptim,11485,59927003901658496e159
91,DFT_CRT,time_and_value_scaling_t0,wide,DEoptim,11486,1.379806543269535e-309
91,DFT_CRT,time_and_value_scaling_t0,wide,DEoptim,11487,3.42256701432137e-310
91,DFT_CRT,time_and_value_scaling_t0,wide,DEoptim,11488,3.36824392207266e-310
91,DFT_CRT,time_and_value_scaling_t0,wide,DEoptim,11489,7.0620019949885e-311
91,DFT_CRT,time_and_value_scaling_t0,wide,DEoptim,11490,5.432309225883e-311
91,DFT_CRT,time_and_value_scaling_t0,wide,DEoptim,11491,5.43230925396e-312
91,DFT_CRT,time_and_value_scaling_t0,wide,DEoptim,11492,1.086461848642e-311
91,DFT_CRT,time_and_value_scaling_t0,wide,DEoptim,11493,4.8063e-320
91,DFT_CRT,time_and_value_scaling_t0,wide,DEoptim,11494,2.172923690075e-311
91,DFT_CRT,time_and_value_scaling_t0,wide,DEoptim,11495,3.4768901065701e-310
91,DFT_CRT,time_and_value_scaling_t0,wide,DEoptim,11496,1.387700367460914e-309
91,DFT_CRT,time_and_value_scaling_t0,wide,DEoptim,11497,7.0620019949885e-311
91,DFT_CRT,time_and_value_scaling_t0,wide,DEoptim,11498,5.432309226136e-311
91,DFT_CRT,time_and_value_scaling_t0,wide,DEoptim,11499,5.432309250167e-312
91,DFT_CRT,time_and_value_scaling_t0,wide,DEoptim,11500,1.0864618542073e-311
91,DFT_CRT,time_and_value_scaling_t0,wide,DEoptim,11501,3.96558573419385e-310
91,DFT_CRT,time_and_value_scaling_t0,wide,DEoptim,11502,2.1729236899484e-311
91,DFT_CRT,time_and_value_scaling_t0,wide,DEoptim,11503,3.259385535049e-311
91,DFT_CRT,time_and_value_scaling_t0,wide,DEoptim,11504,3.5312131988188e-310
91,DFT_CRT,time_and_value_scaling_t0,wide,DEoptim,11505,1.385302512217124e-309
91,DFT_CRT,time_and_value_scaling_t0,wide,DEoptim,11506,3.5855362910675e-310
91,DFT_CRT,time_and_value_scaling_t0,wide,DEoptim,11507,1.38725474834481e-309
91,DFT_CRT,time_and_value_scaling_t0,wide,DEoptim,11508,1.388825025230126e-309
91,DFT_CRT,time_and_value_scaling_t0,wide,DEoptim,11509,7.0683679813496e-311
91,DFT_CRT,time_and_value_scaling_t0,wide,DEoptim,11510,4.145788e-317
91,DFT_CRT,time_and_value_scaling_t0,wide,DEoptim,11511,5.432309226136e-312
91,DFT_CRT,time_and_value_scaling_t0,wide,DEoptim,11512,1.086461845227e-311
91,DFT_CRT,time_and_value_scaling_t0,wide,DEoptim,11513,2.53e-321
91,DFT_CRT,time_and_value_scaling_t0,wide,DEoptim,11514,0
91,DFT_CRT,time_and_value_scaling_t0,wide,DEoptim,11515,1.094949828138e-311
91,DFT_CRT,time_and_value_scaling_t0,wide,DEoptim,11516,8.691694792161e-311
91,DFT_CRT,time_and_value_scaling_t0,wide,DEoptim,11517,4.8891114586947e-311
91,DFT_CRT,time_and_value_scaling_t0,wide,DEoptim,11518,7497795326462078e232
91,DFT_CRT,time_and_value_scaling_t0,wide,DEoptim,11519,59927003901658496e159
91,DFT_CRT,time_and_value_scaling_t0,wide,DEoptim,11520,1.379806543269535e-309
91,DFT_CRT,time_and_value_scaling_t0,wide,DEoptim,11521,7.0683679813496e-311
91,DFT_CRT,time_and_value_scaling_t0,wide,DEoptim,11522,4.145535e-317
91,DFT_CRT,time_and_value_scaling_t0,wide,DEoptim,11523,0
91,DFT_CRT,time_and_value_scaling_t0,wide,DEoptim,11524,0
91,DFT_CRT,time_and_value_scaling_t0,wide,DEoptim,11525,0
91,DFT_CRT,time_and_value_scaling_t0,wide,DEoptim,11526,1.094949828138e-311
91,DFT_CRT,time_and_value_scaling_t0,wide,DEoptim,11527,8.691694792161e-311
91,DFT_CRT,time_and_value_scaling_t0,wide,DEoptim,11528,4.8891114586947e-311
91,DFT_CRT,time_and_value_scaling_t0,wide,DEoptim,11529,7497795326462078e232
91,DFT_CRT,time_and_value_scaling_t0,wide,DEoptim,11530,59927003901658496e159
91,DFT_CRT,time_and_value_scaling_t0,wide,DEoptim,11531,1.379806543269535e-309
91,DFT_CRT,time_and_value_scaling_t0,wide,DEoptim,11532,3.69418247556493e-310
91,DFT_CRT,time_and_value_scaling_t0,wide,DEoptim,11533,3.6398593833162e-310
91,DFT_CRT,time_and_value_scaling_t0,wide,DEoptim,11534,7.0620019949885e-311
91,DFT_CRT,time_and_value_scaling_t0,wide,DEoptim,11535,5.432309225883e-311
91,DFT_CRT,time_and_value_scaling_t0,wide,DEoptim,11536,5.43230925396e-312
91,DFT_CRT,time_and_value_scaling_t0,wide,DEoptim,11537,1.086461848642e-311
91,DFT_CRT,time_and_value_scaling_t0,wide,DEoptim,11538,4.8063e-320
91,DFT_CRT,time_and_value_scaling_t0,wide,DEoptim,11539,2.172923690075e-311
91,DFT_CRT,time_and_value_scaling_t0,wide,DEoptim,11540,3.74850556781364e-310
91,DFT_CRT,time_and_value_scaling_t0,wide,DEoptim,11541,1.387700367460914e-309
91,DFT_CRT,time_and_value_scaling_t0,wide,DEoptim,11542,7.0620019949885e-311
91,DFT_CRT,time_and_value_scaling_t0,wide,DEoptim,11543,5.432309226136e-311
91,DFT_CRT,time_and_value_scaling_t0,wide,DEoptim,11544,5.432309250167e-312
91,DFT_CRT,time_and_value_scaling_t0,wide,DEoptim,11545,1.0864618542073e-311
91,DFT_CRT,time_and_value_scaling_t0,wide,DEoptim,11546,3.96558573419385e-310
91,DFT_CRT,time_and_value_scaling_t0,wide,DEoptim,11547,2.1729236899484e-311
91,DFT_CRT,time_and_value_scaling_t0,wide,DEoptim,11548,3.259385535049e-311
91,DFT_CRT,time_and_value_scaling_t0,wide,DEoptim,11549,3.80282866006235e-310
91,DFT_CRT,time_and_value_scaling_t0,wide,DEoptim,11550,1.385302512217124e-309
91,DFT_CRT,time_and_value_scaling_t0,wide,DEoptim,11551,3.85715175231106e-310
91,DFT_CRT,time_and_value_scaling_t0,wide,DEoptim,11552,1.38725474834481e-309
91,DFT_CRT,time_and_value_scaling_t0,wide,DEoptim,11553,1.388740145398487e-309
91,DFT_CRT,time_and_value_scaling_t0,wide,DEoptim,11554,7.0683679813496e-311
91,DFT_CRT,time_and_value_scaling_t0,wide,DEoptim,11555,4.145788e-317
91,DFT_CRT,time_and_value_scaling_t0,wide,DEoptim,11556,5.432309226136e-312
91,DFT_CRT,time_and_value_scaling_t0,wide,DEoptim,11557,1.086461845227e-311
91,DFT_CRT,time_and_value_scaling_t0,wide,DEoptim,11558,2.53e-321
91,DFT_CRT,time_and_value_scaling_t0,wide,DEoptim,11559,0
91,DFT_CRT,time_and_value_scaling_t0,wide,DEoptim,11560,1.094949828138e-311
91,DFT_CRT,time_and_value_scaling_t0,wide,DEoptim,11561,8.691694792161e-311
91,DFT_CRT,time_and_value_scaling_t0,wide,DEoptim,11562,4.8891114586947e-311
91,DFT_CRT,time_and_value_scaling_t0,wide,DEoptim,11563,7497795326462078e232
91,DFT_CRT,time_and_value_scaling_t0,wide,DEoptim,11564,59927003901658496e159
91,DFT_CRT,time_and_value_scaling_t0,wide,DEoptim,11565,1.379806543269535e-309
91,DFT_CRT,time_and_value_scaling_t0,wide,DEoptim,11566,7.0683679813496e-311
91,DFT_CRT,time_and_value_scaling_t0,wide,DEoptim,11567,4.145535e-317
91,DFT_CRT,time_and_value_scaling_t0,wide,DEoptim,11568,0
91,DFT_CRT,time_and_value_scaling_t0,wide,DEoptim,11569,0
91,DFT_CRT,time_and_value_scaling_t0,wide,DEoptim,11570,0
91,DFT_CRT,time_and_value_scaling_t0,wide,DEoptim,11571,1.094949828138e-311
91,DFT_CRT,time_and_value_scaling_t0,wide,DEoptim,11572,8.691694792161e-311
91,DFT_CRT,time_and_value_scaling_t0,wide,DEoptim,11573,4.8891114586947e-311
91,DFT_CRT,time_and_value_scaling_t0,wide,DEoptim,11574,7497795326462078e232
91,DFT_CRT,time_and_value_scaling_t0,wide,DEoptim,11575,59927003901658496e159
91,DFT_CRT,time_and_value_scaling_t0,wide,DEoptim,11576,1.379806543269535e-309
91,DFT_CRT,time_and_value_scaling_t0,wide,DEoptim,11577,3.9657979368085e-310
91,DFT_CRT,time_and_value_scaling_t0,wide,DEoptim,11578,3.91147484455977e-310
91,DFT_CRT,time_and_value_scaling_t0,wide,DEoptim,11579,7.0620019949885e-311
91,DFT_CRT,time_and_value_scaling_t0,wide,DEoptim,11580,5.432309225883e-311
91,DFT_CRT,time_and_value_scaling_t0,wide,DEoptim,11581,5.43230925396e-312
91,DFT_CRT,time_and_value_scaling_t0,wide,DEoptim,11582,1.086461848642e-311
91,DFT_CRT,time_and_value_scaling_t0,wide,DEoptim,11583,4.8063e-320
91,DFT_CRT,time_and_value_scaling_t0,wide,DEoptim,11584,2.172923690075e-311
91,DFT_CRT,time_and_value_scaling_t0,wide,DEoptim,11585,4.0201210290572e-310
91,DFT_CRT,time_and_value_scaling_t0,wide,DEoptim,11586,1.387700367460914e-309
91,DFT_CRT,time_and_value_scaling_t0,wide,DEoptim,11587,7.0620019949885e-311
91,DFT_CRT,time_and_value_scaling_t0,wide,DEoptim,11588,5.432309226136e-311
91,DFT_CRT,time_and_value_scaling_t0,wide,DEoptim,11589,5.432309250167e-312
91,DFT_CRT,time_and_value_scaling_t0,wide,DEoptim,11590,1.0864618542073e-311
91,DFT_CRT,time_and_value_scaling_t0,wide,DEoptim,11591,3.96558573419385e-310
91,DFT_CRT,time_and_value_scaling_t0,wide,DEoptim,11592,2.1729236899484e-311
91,DFT_CRT,time_and_value_scaling_t0,wide,DEoptim,11593,3.259385535049e-311
91,DFT_CRT,time_and_value_scaling_t0,wide,DEoptim,11594,4.0744441213059e-310
91,DFT_CRT,time_and_value_scaling_t0,wide,DEoptim,11595,1.385302512217124e-309
91,DFT_CRT,time_and_value_scaling_t0,wide,DEoptim,11596,4.1287672135546e-310
91,DFT_CRT,time_and_value_scaling_t0,wide,DEoptim,11597,1.38725474834481e-309
91,DFT_CRT,time_and_value_scaling_t0,wide,DEoptim,11598,1.388782585314307e-309
91,DFT_CRT,time_and_value_scaling_t0,wide,DEoptim,11599,7.0683679813496e-311
91,DFT_CRT,time_and_value_scaling_t0,wide,DEoptim,11600,4.145788e-317
91,DFT_CRT,time_and_value_scaling_t0,wide,DEoptim,11601,5.432309226136e-312
91,DFT_CRT,time_and_value_scaling_t0,wide,DEoptim,11602,1.086461845227e-311
91,DFT_CRT,time_and_value_scaling_t0,wide,DEoptim,11603,2.53e-321
91,DFT_CRT,time_and_value_scaling_t0,wide,DEoptim,11604,0
91,DFT_CRT,time_and_value_scaling_t0,wide,DEoptim,11605,1.094949828138e-311
91,DFT_CRT,time_and_value_scaling_t0,wide,DEoptim,11606,8.691694792161e-311
91,DFT_CRT,time_and_value_scaling_t0,wide,DEoptim,11607,4.8891114586947e-311
91,DFT_CRT,time_and_value_scaling_t0,wide,DEoptim,11608,7497795326462078e232
91,DFT_CRT,time_and_value_scaling_t0,wide,DEoptim,11609,59927003901658496e159
91,DFT_CRT,time_and_value_scaling_t0,wide,DEoptim,11610,1.379806543269535e-309
91,DFT_CRT,time_and_value_scaling_t0,wide,DEoptim,11611,7.0683679813496e-311
91,DFT_CRT,time_and_value_scaling_t0,wide,DEoptim,11612,4.145535e-317
91,DFT_CRT,time_and_value_scaling_t0,wide,DEoptim,11613,0
91,DFT_CRT,time_and_value_scaling_t0,wide,DEoptim,11614,0
91,DFT_CRT,time_and_value_scaling_t0,wide,DEoptim,11615,0
91,DFT_CRT,time_and_value_scaling_t0,wide,DEoptim,11616,1.094949828138e-311
91,DFT_CRT,time_and_value_scaling_t0,wide,DEoptim,11617,8.691694792161e-311
91,DFT_CRT,time_and_value_scaling_t0,wide,DEoptim,11618,4.8891114586947e-311
91,DFT_CRT,time_and_value_scaling_t0,wide,DEoptim,11619,7497795326462078e232
91,DFT_CRT,time_and_value_scaling_t0,wide,DEoptim,11620,59927003901658496e159
91,DFT_CRT,time_and_value_scaling_t0,wide,DEoptim,11621,1.379806543269535e-309
91,DFT_CRT,time_and_value_scaling_t0,wide,DEoptim,11622,4.18309030580332e-310
91,DFT_CRT,time_and_value_scaling_t0,wide,DEoptim,11623,7.0620019949885e-311
91,DFT_CRT,time_and_value_scaling_t0,wide,DEoptim,11624,5.432309225377e-311
91,DFT_CRT,time_and_value_scaling_t0,wide,DEoptim,11625,2.5296e-320
91,DFT_CRT,time_and_value_scaling_t0,wide,DEoptim,11626,1.629692767588e-311
91,DFT_CRT,time_and_value_scaling_t0,wide,DEoptim,11627,1.38542983196458e-309
91,DFT_CRT,time_and_value_scaling_t0,wide,DEoptim,11628,4.18309030580332e-310
91,DFT_CRT,time_and_value_scaling_t0,wide,DEoptim,11629,7.0683679813496e-311
91,DFT_CRT,time_and_value_scaling_t0,wide,DEoptim,11630,4.145029e-317
91,DFT_CRT,time_and_value_scaling_t0,wide,DEoptim,11631,5.432309226136e-312
91,DFT_CRT,time_and_value_scaling_t0,wide,DEoptim,11632,1.0949498282646e-311
91,DFT_CRT,time_and_value_scaling_t0,wide,DEoptim,11633,8.691694792161e-311
91,DFT_CRT,time_and_value_scaling_t0,wide,DEoptim,11634,4.8891114586947e-311
91,DFT_CRT,time_and_value_scaling_t0,wide,DEoptim,11635,7497795326462078e232
91,DFT_CRT,time_and_value_scaling_t0,wide,DEoptim,11636,59927003901658496e159
91,DFT_CRT,time_and_value_scaling_t0,wide,DEoptim,11637,1.379806543269535e-309
91,DFT_CRT,time_and_value_scaling_t0,wide,DEoptim,11638,4.29173649030075e-310
91,DFT_CRT,time_and_value_scaling_t0,wide,DEoptim,11639,7.0620019949885e-311
91,DFT_CRT,time_and_value_scaling_t0,wide,DEoptim,11640,5.432309225377e-311
91,DFT_CRT,time_and_value_scaling_t0,wide,DEoptim,11641,2.5296e-320
91,DFT_CRT,time_and_value_scaling_t0,wide,DEoptim,11642,1.629692767588e-311
91,DFT_CRT,time_and_value_scaling_t0,wide,DEoptim,11643,1.38542983196458e-309
91,DFT_CRT,time_and_value_scaling_t0,wide,DEoptim,11644,4.29173649030075e-310
91,DFT_CRT,time_and_value_scaling_t0,wide,DEoptim,11645,7.0683679813496e-311
91,DFT_CRT,time_and_value_scaling_t0,wide,DEoptim,11646,4.145029e-317
91,DFT_CRT,time_and_value_scaling_t0,wide,DEoptim,11647,5.432309226136e-312
91,DFT_CRT,time_and_value_scaling_t0,wide,DEoptim,11648,1.0949498282646e-311
91,DFT_CRT,time_and_value_scaling_t0,wide,DEoptim,11649,8.691694792161e-311
91,DFT_CRT,time_and_value_scaling_t0,wide,DEoptim,11650,4.8891114586947e-311
91,DFT_CRT,time_and_value_scaling_t0,wide,DEoptim,11651,7497795326462078e232
91,DFT_CRT,time_and_value_scaling_t0,wide,DEoptim,11652,59927003901658496e159
91,DFT_CRT,time_and_value_scaling_t0,wide,DEoptim,11653,1.379806543269535e-309
91,DFT_CRT,time_and_value_scaling_t0,wide,DEoptim,11654,4.23741339805204e-310
91,DFT_CRT,time_and_value_scaling_t0,wide,DEoptim,11655,1.389355524177867e-309
91,DFT_CRT,time_and_value_scaling_t0,wide,DEoptim,11656,4.34605958254946e-310
91,DFT_CRT,time_and_value_scaling_t0,wide,DEoptim,11657,7.0620019949885e-311
91,DFT_CRT,time_and_value_scaling_t0,wide,DEoptim,11658,5.432309225377e-311
91,DFT_CRT,time_and_value_scaling_t0,wide,DEoptim,11659,2.5296e-320
91,DFT_CRT,time_and_value_scaling_t0,wide,DEoptim,11660,1.629692767588e-311
91,DFT_CRT,time_and_value_scaling_t0,wide,DEoptim,11661,1.38674546935498e-309
91,DFT_CRT,time_and_value_scaling_t0,wide,DEoptim,11662,4.34605958254946e-310
91,DFT_CRT,time_and_value_scaling_t0,wide,DEoptim,11663,7.0683679813496e-311
91,DFT_CRT,time_and_value_scaling_t0,wide,DEoptim,11664,4.145029e-317
91,DFT_CRT,time_and_value_scaling_t0,wide,DEoptim,11665,5.432309226136e-312
91,DFT_CRT,time_and_value_scaling_t0,wide,DEoptim,11666,1.0949498282646e-311
91,DFT_CRT,time_and_value_scaling_t0,wide,DEoptim,11667,8.691694792161e-311
91,DFT_CRT,time_and_value_scaling_t0,wide,DEoptim,11668,4.8891114586947e-311
91,DFT_CRT,time_and_value_scaling_t0,wide,DEoptim,11669,7497795326462078e232
91,DFT_CRT,time_and_value_scaling_t0,wide,DEoptim,11670,59927003901658496e159
91,DFT_CRT,time_and_value_scaling_t0,wide,DEoptim,11671,1.379806543269535e-309
91,DFT_CRT,time_and_value_scaling_t0,wide,DEoptim,11672,4.40038267479817e-310
91,DFT_CRT,time_and_value_scaling_t0,wide,DEoptim,11673,7.0620019949885e-311
91,DFT_CRT,time_and_value_scaling_t0,wide,DEoptim,11674,5.432309226136e-311
91,DFT_CRT,time_and_value_scaling_t0,wide,DEoptim,11675,5.43230925396e-312
91,DFT_CRT,time_and_value_scaling_t0,wide,DEoptim,11676,1.086461848642e-311
91,DFT_CRT,time_and_value_scaling_t0,wide,DEoptim,11677,1.6296927711293e-311
91,DFT_CRT,time_and_value_scaling_t0,wide,DEoptim,11678,4.8063e-320
91,DFT_CRT,time_and_value_scaling_t0,wide,DEoptim,11679,2.716154612562e-311
91,DFT_CRT,time_and_value_scaling_t0,wide,DEoptim,11680,4.4547057670469e-310
91,DFT_CRT,time_and_value_scaling_t0,wide,DEoptim,11681,1.389397964093687e-309
91,DFT_CRT,time_and_value_scaling_t0,wide,DEoptim,11682,7.0620019949885e-311
91,DFT_CRT,time_and_value_scaling_t0,wide,DEoptim,11683,5.432309225377e-311
91,DFT_CRT,time_and_value_scaling_t0,wide,DEoptim,11684,2.5296e-320
91,DFT_CRT,time_and_value_scaling_t0,wide,DEoptim,11685,1.629692767588e-311
91,DFT_CRT,time_and_value_scaling_t0,wide,DEoptim,11686,1.38674546935498e-309
91,DFT_CRT,time_and_value_scaling_t0,wide,DEoptim,11687,4.4547057670469e-310
91,DFT_CRT,time_and_value_scaling_t0,wide,DEoptim,11688,7.0683679813496e-311
91,DFT_CRT,time_and_value_scaling_t0,wide,DEoptim,11689,4.145029e-317
91,DFT_CRT,time_and_value_scaling_t0,wide,DEoptim,11690,5.432309226136e-312
91,DFT_CRT,time_and_value_scaling_t0,wide,DEoptim,11691,1.0949498282646e-311
91,DFT_CRT,time_and_value_scaling_t0,wide,DEoptim,11692,8.691694792161e-311
91,DFT_CRT,time_and_value_scaling_t0,wide,DEoptim,11693,4.8891114586947e-311
91,DFT_CRT,time_and_value_scaling_t0,wide,DEoptim,11694,7497795326462078e232
91,DFT_CRT,time_and_value_scaling_t0,wide,DEoptim,11695,59927003901658496e159
91,DFT_CRT,time_and_value_scaling_t0,wide,DEoptim,11696,1.379806543269535e-309
91,DFT_CRT,time_and_value_scaling_t0,wide,DEoptim,11697,7.0620019949885e-311
91,DFT_CRT,time_and_value_scaling_t0,wide,DEoptim,11698,5.432309225377e-311
91,DFT_CRT,time_and_value_scaling_t0,wide,DEoptim,11699,2.5296e-320
91,DFT_CRT,time_and_value_scaling_t0,wide,DEoptim,11700,1.629692767588e-311
91,DFT_CRT,time_and_value_scaling_t0,wide,DEoptim,11701,1.38562081158577e-309
91,DFT_CRT,time_and_value_scaling_t0,wide,DEoptim,11702,4.4547057670469e-310
91,DFT_CRT,time_and_value_scaling_t0,wide,DEoptim,11703,7.0683679813496e-311
91,DFT_CRT,time_and_value_scaling_t0,wide,DEoptim,11704,4.145029e-317
91,DFT_CRT,time_and_value_scaling_t0,wide,DEoptim,11705,5.432309226136e-312
91,DFT_CRT,time_and_value_scaling_t0,wide,DEoptim,11706,1.0949498282646e-311
91,DFT_CRT,time_and_value_scaling_t0,wide,DEoptim,11707,8.691694792161e-311
91,DFT_CRT,time_and_value_scaling_t0,wide,DEoptim,11708,4.8891114586947e-311
91,DFT_CRT,time_and_value_scaling_t0,wide,DEoptim,11709,7497795326462078e232
91,DFT_CRT,time_and_value_scaling_t0,wide,DEoptim,11710,59927003901658496e159
91,DFT_CRT,time_and_value_scaling_t0,wide,DEoptim,11711,1.379806543269535e-309
91,DFT_CRT,time_and_value_scaling_t0,wide,DEoptim,11712,7.0683679813496e-311
91,DFT_CRT,time_and_value_scaling_t0,wide,DEoptim,11713,4.145788e-317
91,DFT_CRT,time_and_value_scaling_t0,wide,DEoptim,11714,0
91,DFT_CRT,time_and_value_scaling_t0,wide,DEoptim,11715,0
91,DFT_CRT,time_and_value_scaling_t0,wide,DEoptim,11716,0
91,DFT_CRT,time_and_value_scaling_t0,wide,DEoptim,11717,0
91,DFT_CRT,time_and_value_scaling_t0,wide,DEoptim,11718,1.094949828138e-311
91,DFT_CRT,time_and_value_scaling_t0,wide,DEoptim,11719,8.691694792161e-311
91,DFT_CRT,time_and_value_scaling_t0,wide,DEoptim,11720,4.8891114586947e-311
91,DFT_CRT,time_and_value_scaling_t0,wide,DEoptim,11721,7497795326462078e232
91,DFT_CRT,time_and_value_scaling_t0,wide,DEoptim,11722,59927003901658496e159
91,DFT_CRT,time_and_value_scaling_t0,wide,DEoptim,11723,1.379806543269535e-309
91,DFT_CRT,time_and_value_scaling_t0,wide,DEoptim,11724,1.389376744135777e-309
91,DFT_CRT,time_and_value_scaling_t0,wide,DEoptim,11725,4.5090288592956e-310
91,DFT_CRT,time_and_value_scaling_t0,wide,DEoptim,11726,7.0620019949885e-311
91,DFT_CRT,time_and_value_scaling_t0,wide,DEoptim,11727,5.432309225883e-311
91,DFT_CRT,time_and_value_scaling_t0,wide,DEoptim,11728,5.43230925396e-312
91,DFT_CRT,time_and_value_scaling_t0,wide,DEoptim,11729,1.086461848642e-311
91,DFT_CRT,time_and_value_scaling_t0,wide,DEoptim,11730,4.8063e-320
91,DFT_CRT,time_and_value_scaling_t0,wide,DEoptim,11731,2.172923690075e-311
91,DFT_CRT,time_and_value_scaling_t0,wide,DEoptim,11732,4.5633519515443e-310
91,DFT_CRT,time_and_value_scaling_t0,wide,DEoptim,11733,1.389440404009506e-309
91,DFT_CRT,time_and_value_scaling_t0,wide,DEoptim,11734,7.0620019949885e-311
91,DFT_CRT,time_and_value_scaling_t0,wide,DEoptim,11735,5.432309225377e-311
91,DFT_CRT,time_and_value_scaling_t0,wide,DEoptim,11736,2.5296e-320
91,DFT_CRT,time_and_value_scaling_t0,wide,DEoptim,11737,1.629692767588e-311
91,DFT_CRT,time_and_value_scaling_t0,wide,DEoptim,11738,1.38674546935498e-309
91,DFT_CRT,time_and_value_scaling_t0,wide,DEoptim,11739,4.5633519515443e-310
91,DFT_CRT,time_and_value_scaling_t0,wide,DEoptim,11740,7.0683679813496e-311
91,DFT_CRT,time_and_value_scaling_t0,wide,DEoptim,11741,4.145029e-317
91,DFT_CRT,time_and_value_scaling_t0,wide,DEoptim,11742,5.432309226136e-312
91,DFT_CRT,time_and_value_scaling_t0,wide,DEoptim,11743,1.0949498282646e-311
91,DFT_CRT,time_and_value_scaling_t0,wide,DEoptim,11744,8.691694792161e-311
91,DFT_CRT,time_and_value_scaling_t0,wide,DEoptim,11745,4.8891114586947e-311
91,DFT_CRT,time_and_value_scaling_t0,wide,DEoptim,11746,7497795326462078e232
91,DFT_CRT,time_and_value_scaling_t0,wide,DEoptim,11747,59927003901658496e159
91,DFT_CRT,time_and_value_scaling_t0,wide,DEoptim,11748,1.379806543269535e-309
91,DFT_CRT,time_and_value_scaling_t0,wide,DEoptim,11749,7.0683679813496e-311
91,DFT_CRT,time_and_value_scaling_t0,wide,DEoptim,11750,4.145535e-317
91,DFT_CRT,time_and_value_scaling_t0,wide,DEoptim,11751,0
91,DFT_CRT,time_and_value_scaling_t0,wide,DEoptim,11752,0
91,DFT_CRT,time_and_value_scaling_t0,wide,DEoptim,11753,0
91,DFT_CRT,time_and_value_scaling_t0,wide,DEoptim,11754,1.094949828138e-311
91,DFT_CRT,time_and_value_scaling_t0,wide,DEoptim,11755,8.691694792161e-311
91,DFT_CRT,time_and_value_scaling_t0,wide,DEoptim,11756,4.8891114586947e-311
91,DFT_CRT,time_and_value_scaling_t0,wide,DEoptim,11757,7497795326462078e232
91,DFT_CRT,time_and_value_scaling_t0,wide,DEoptim,11758,59927003901658496e159
91,DFT_CRT,time_and_value_scaling_t0,wide,DEoptim,11759,1.379806543269535e-309
91,DFT_CRT,time_and_value_scaling_t0,wide,DEoptim,11760,1.389419184051596e-309
91,DFT_CRT,time_and_value_scaling_t0,wide,DEoptim,11761,4.6719981360417e-310
91,DFT_CRT,time_and_value_scaling_t0,wide,DEoptim,11762,1.389461623967415e-309
91,DFT_CRT,time_and_value_scaling_t0,wide,DEoptim,11763,4.72632122829043e-310
91,DFT_CRT,time_and_value_scaling_t0,wide,DEoptim,11764,7.0620019949885e-311
91,DFT_CRT,time_and_value_scaling_t0,wide,DEoptim,11765,5.432309225377e-311
91,DFT_CRT,time_and_value_scaling_t0,wide,DEoptim,11766,2.5296e-320
91,DFT_CRT,time_and_value_scaling_t0,wide,DEoptim,11767,1.629692767588e-311
91,DFT_CRT,time_and_value_scaling_t0,wide,DEoptim,11768,1.38542983196458e-309
91,DFT_CRT,time_and_value_scaling_t0,wide,DEoptim,11769,4.72632122829043e-310
91,DFT_CRT,time_and_value_scaling_t0,wide,DEoptim,11770,7.0683679813496e-311
91,DFT_CRT,time_and_value_scaling_t0,wide,DEoptim,11771,4.145029e-317
91,DFT_CRT,time_and_value_scaling_t0,wide,DEoptim,11772,5.432309226136e-312
91,DFT_CRT,time_and_value_scaling_t0,wide,DEoptim,11773,1.0949498282646e-311
91,DFT_CRT,time_and_value_scaling_t0,wide,DEoptim,11774,8.691694792161e-311
91,DFT_CRT,time_and_value_scaling_t0,wide,DEoptim,11775,4.8891114586947e-311
91,DFT_CRT,time_and_value_scaling_t0,wide,DEoptim,11776,7497795326462078e232
91,DFT_CRT,time_and_value_scaling_t0,wide,DEoptim,11777,59927003901658496e159
91,DFT_CRT,time_and_value_scaling_t0,wide,DEoptim,11778,1.379806543269535e-309
91,DFT_CRT,time_and_value_scaling_t0,wide,DEoptim,11779,4.9436135972853e-310
91,DFT_CRT,time_and_value_scaling_t0,wide,DEoptim,11780,8.6916947618174e-311
91,DFT_CRT,time_and_value_scaling_t0,wide,DEoptim,11781,4.8891114586947e-311
91,DFT_CRT,time_and_value_scaling_t0,wide,DEoptim,11782,18073479541362683e169
91,DFT_CRT,time_and_value_scaling_t0,wide,DEoptim,11783,5252084446704375e155
91,DFT_CRT,time_and_value_scaling_t0,wide,DEoptim,11784,2069123378360485e146
91,DFT_CRT,time_and_value_scaling_t0,wide,DEoptim,11785,1.320051141783324e-309
91,DFT_CRT,time_and_value_scaling_t0,wide,DEoptim,11786,1.320051141757514e-309
91,DFT_CRT,time_and_value_scaling_t0,wide,DEoptim,11787,1.32005114175625e-309
91,DFT_CRT,time_and_value_scaling_t0,wide,DEoptim,11788,1.320051141754985e-309
91,DFT_CRT,time_and_value_scaling_t0,wide,DEoptim,11789,1.32005114175119e-309
91,DFT_CRT,time_and_value_scaling_t0,wide,DEoptim,11790,1.1407849383866e-310
91,DFT_CRT,time_and_value_scaling_t0,wide,DEoptim,11791,2.1729236915927e-311
91,DFT_CRT,time_and_value_scaling_t0,wide,DEoptim,11792,2.22724678232363e-310
91,DFT_CRT,time_and_value_scaling_t0,wide,DEoptim,11793,5.432309226136e-312
91,DFT_CRT,time_and_value_scaling_t0,wide,DEoptim,11794,1.32005114164747e-309
91,DFT_CRT,time_and_value_scaling_t0,wide,DEoptim,11795,1.03213875390183e-310
91,DFT_CRT,time_and_value_scaling_t0,wide,DEoptim,11796,1.6296927698645e-311
91,DFT_CRT,time_and_value_scaling_t0,wide,DEoptim,11797,1.38952528384243e-309
91,DFT_CRT,time_and_value_scaling_t0,wide,DEoptim,11798,1.094949859885e-311
91,DFT_CRT,time_and_value_scaling_t0,wide,DEoptim,11799,1.36350961576524e-309
91,DFT_CRT,time_and_value_scaling_t0,wide,DEoptim,11800,1.38954650380034e-309
91,DFT_CRT,time_and_value_scaling_t0,wide,DEoptim,11801,1.379806543434725e-309
91,DFT_CRT,time_and_value_scaling_t0,wide,DEoptim,11802,1.30375421423467e-310
91,DFT_CRT,time_and_value_scaling_t0,wide,DEoptim,11803,6.3558017932636e-310
91,DFT_CRT,time_and_value_scaling_t0,wide,DEoptim,11804,1.4667234908417e-310
91,DFT_CRT,time_and_value_scaling_t0,wide,DEoptim,11805,1.249431121733e-310
91,DFT_CRT,time_and_value_scaling_t0,wide,DEoptim,11806,1.8469851364941e-310
91,DFT_CRT,time_and_value_scaling_t0,wide,DEoptim,11807,1.8469851365194e-310
91,DFT_CRT,time_and_value_scaling_t0,wide,DEoptim,11808,2.0642775055269e-310
91,DFT_CRT,time_and_value_scaling_t0,wide,DEoptim,11809,3.9655857342065e-310
91,DFT_CRT,time_and_value_scaling_t0,wide,DEoptim,11810,4.345847380782e-311
91,DFT_CRT,time_and_value_scaling_t0,wide,DEoptim,11811,1.8469851368103e-310
91,DFT_CRT,time_and_value_scaling_t0,wide,DEoptim,11812,2.0642775055775e-310
91,DFT_CRT,time_and_value_scaling_t0,wide,DEoptim,11813,1.7926620443213e-310
91,DFT_CRT,time_and_value_scaling_t0,wide,DEoptim,11814,5.9755401516586e-311
91,DFT_CRT,time_and_value_scaling_t0,wide,DEoptim,11815,1.95563132140893e-310
91,DFT_CRT,time_and_value_scaling_t0,wide,DEoptim,11816,1.95563132140893e-310
91,DFT_CRT,time_and_value_scaling_t0,wide,DEoptim,11817,1.95563132142157e-310
91,DFT_CRT,time_and_value_scaling_t0,wide,DEoptim,11818,6.518771074778e-311
91,DFT_CRT,time_and_value_scaling_t0,wide,DEoptim,11819,7.062001992712e-311
91,DFT_CRT,time_and_value_scaling_t0,wide,DEoptim,11820,1.24943112298516e-310
91,DFT_CRT,time_and_value_scaling_t0,wide,DEoptim,11821,1.5753696753897e-310
91,DFT_CRT,time_and_value_scaling_t0,wide,DEoptim,11822,1.84698513665854e-310
91,DFT_CRT,time_and_value_scaling_t0,wide,DEoptim,11823,1.68401585992506e-310
91,DFT_CRT,time_and_value_scaling_t0,wide,DEoptim,11824,2.0642775056787e-310
91,DFT_CRT,time_and_value_scaling_t0,wide,DEoptim,11825,1.19510802966136e-310
91,DFT_CRT,time_and_value_scaling_t0,wide,DEoptim,11826,2.1729236923516e-311
91,DFT_CRT,time_and_value_scaling_t0,wide,DEoptim,11827,1.14078493751384e-310
91,DFT_CRT,time_and_value_scaling_t0,wide,DEoptim,11828,1.24943112208715e-310
91,DFT_CRT,time_and_value_scaling_t0,wide,DEoptim,11829,1.30375421433586e-310
91,DFT_CRT,time_and_value_scaling_t0,wide,DEoptim,11830,1.19510802995227e-310
91,DFT_CRT,time_and_value_scaling_t0,wide,DEoptim,11831,1.358077306964e-310
91,DFT_CRT,time_and_value_scaling_t0,wide,DEoptim,11832,1.41240039850443e-310
91,DFT_CRT,time_and_value_scaling_t0,wide,DEoptim,11833,1.41240039966805e-310
91,DFT_CRT,time_and_value_scaling_t0,wide,DEoptim,11834,1.0864618453157e-310
91,DFT_CRT,time_and_value_scaling_t0,wide,DEoptim,11835,3.9655857345227e-310
91,DFT_CRT,time_and_value_scaling_t0,wide,DEoptim,11836,1.6840158600895e-310
91,DFT_CRT,time_and_value_scaling_t0,wide,DEoptim,11837,1.0864618453916e-310
91,DFT_CRT,time_and_value_scaling_t0,wide,DEoptim,11838,1.7926620444478e-310
91,DFT_CRT,time_and_value_scaling_t0,wide,DEoptim,11839,1.5210465834572e-310
91,DFT_CRT,time_and_value_scaling_t0,wide,DEoptim,11840,1.57536967598415e-310
91,DFT_CRT,time_and_value_scaling_t0,wide,DEoptim,11841,1.7926620451434e-310
91,DFT_CRT,time_and_value_scaling_t0,wide,DEoptim,11842,3.36803171981217e-310
91,DFT_CRT,time_and_value_scaling_t0,wide,DEoptim,11843,2.1729236936164e-311
91,DFT_CRT,time_and_value_scaling_t0,wide,DEoptim,11844,1.6296927703704e-311
91,DFT_CRT,time_and_value_scaling_t0,wide,DEoptim,11845,1.95563132138363e-310
91,DFT_CRT,time_and_value_scaling_t0,wide,DEoptim,11846,2.00995441363234e-310
91,DFT_CRT,time_and_value_scaling_t0,wide,DEoptim,11847,1.9013082291855e-310
91,DFT_CRT,time_and_value_scaling_t0,wide,DEoptim,11848,1.90130822905903e-310
91,DFT_CRT,time_and_value_scaling_t0,wide,DEoptim,11849,2.1186005980665e-310
91,DFT_CRT,time_and_value_scaling_t0,wide,DEoptim,11850,2.06427750593164e-310
91,DFT_CRT,time_and_value_scaling_t0,wide,DEoptim,11851,1.41240039847913e-310
91,DFT_CRT,time_and_value_scaling_t0,wide,DEoptim,11852,2.11860059820565e-310
91,DFT_CRT,time_and_value_scaling_t0,wide,DEoptim,11853,5.43230927673e-312
91,DFT_CRT,time_and_value_scaling_t0,wide,DEoptim,11854,1.6296927703704e-311
91,DFT_CRT,time_and_value_scaling_t0,wide,DEoptim,11855,2.3358929671246e-310
91,DFT_CRT,time_and_value_scaling_t0,wide,DEoptim,11856,2.3358929671246e-310
91,DFT_CRT,time_and_value_scaling_t0,wide,DEoptim,11857,2.2815698749265e-310
91,DFT_CRT,time_and_value_scaling_t0,wide,DEoptim,11858,1.57536967556676e-310
91,DFT_CRT,time_and_value_scaling_t0,wide,DEoptim,11859,1.5753696757818e-310
91,DFT_CRT,time_and_value_scaling_t0,wide,DEoptim,11860,1.73833895254056e-310
91,DFT_CRT,time_and_value_scaling_t0,wide,DEoptim,11861,2.3902160594239e-310
91,DFT_CRT,time_and_value_scaling_t0,wide,DEoptim,11862,2.60750842795077e-310
91,DFT_CRT,time_and_value_scaling_t0,wide,DEoptim,11863,1.379806543124848e-309
91,DFT_CRT,time_and_value_scaling_t0,wide,DEoptim,11864,1.385663251500323e-309
91,DFT_CRT,time_and_value_scaling_t0,wide,DEoptim,11865,1.37980654311979e-309
91,DFT_CRT,time_and_value_scaling_t0,wide,DEoptim,11866,3.08613e-319
91,DFT_CRT,time_and_value_scaling_t0,wide,DEoptim,11867,1.379806543124848e-309
91,DFT_CRT,time_and_value_scaling_t0,wide,DEoptim,11868,1.38591789099524e-309
91,DFT_CRT,time_and_value_scaling_t0,wide,DEoptim,11869,1.37980654311979e-309
91,DFT_CRT,time_and_value_scaling_t0,wide,DEoptim,11870,5.432309533484e-312
91,DFT_CRT,time_and_value_scaling_t0,wide,DEoptim,11871,1.379806543124848e-309
91,DFT_CRT,time_and_value_scaling_t0,wide,DEoptim,11872,1.38598155086897e-309
91,DFT_CRT,time_and_value_scaling_t0,wide,DEoptim,11873,1.37980654311979e-309
91,DFT_CRT,time_and_value_scaling_t0,wide,DEoptim,11874,1.379806543124848e-309
91,DFT_CRT,time_and_value_scaling_t0,wide,DEoptim,11875,1.379806543124848e-309
91,DFT_CRT,time_and_value_scaling_t0,wide,DEoptim,11876,1.38581179120569e-309
91,DFT_CRT,time_and_value_scaling_t0,wide,DEoptim,11877,1.37980654311979e-309
91,DFT_CRT,time_and_value_scaling_t0,wide,DEoptim,11878,1.379806543124848e-309
91,DFT_CRT,time_and_value_scaling_t0,wide,DEoptim,11879,1.386681809479986e-309
91,DFT_CRT,time_and_value_scaling_t0,wide,DEoptim,11880,1.37980654311979e-309
91,DFT_CRT,time_and_value_scaling_t0,wide,DEoptim,11881,1.387254748343547e-309
91,DFT_CRT,time_and_value_scaling_t0,wide,DEoptim,11882,1.37980654311979e-309
91,DFT_CRT,time_and_value_scaling_t0,wide,DEoptim,11883,1.3895677237557e-309
91,DFT_CRT,time_and_value_scaling_t0,wide,DEoptim,11884,1.37980654311726e-309
91,DFT_CRT,time_and_value_scaling_t0,wide,DEoptim,11885,1.37980654311979e-309
91,DFT_CRT,time_and_value_scaling_t0,wide,DEoptim,11886,1.38765792754383e-309
91,DFT_CRT,time_and_value_scaling_t0,wide,DEoptim,11887,1.37980654311726e-309
91,DFT_CRT,time_and_value_scaling_t0,wide,DEoptim,11888,1.37980654311979e-309
91,DFT_CRT,time_and_value_scaling_t0,wide,DEoptim,11889,8.691694759794e-311
91,DFT_CRT,time_and_value_scaling_t0,wide,DEoptim,11890,4.8891114586947e-311
91,DFT_CRT,time_and_value_scaling_t0,wide,DEoptim,11891,1.263665388378034e-306
91,DFT_CRT,time_and_value_scaling_t0,wide,DEoptim,11892,6.835426893334123e-304
91,DFT_CRT,time_and_value_scaling_t0,wide,DEoptim,11893,6.8354268934402224e-304
91,DFT_CRT,time_and_value_scaling_t0,wide,DEoptim,11894,2.2250738585072014e-308
91,DFT_CRT,time_and_value_scaling_t0,wide,DEoptim,11895,1.2516125334258437e-308
91,DFT_CRT,time_and_value_scaling_t0,wide,DEoptim,11896,1295915481448788e146
91,DFT_CRT,time_and_value_scaling_t0,wide,DEoptim,11897,5.34e-322
91,DFT_CRT,time_and_value_scaling_t0,wide,DEoptim,11898,4.2439917074e-314
91,DFT_CRT,time_and_value_scaling_t0,wide,DEoptim,11899,1.27319748713e-313
91,DFT_CRT,time_and_value_scaling_t0,wide,DEoptim,11900,2.376364457869084e-212
91,DFT_CRT,time_and_value_scaling_t0,wide,DEoptim,11901,4.243991708e-314
91,DFT_CRT,time_and_value_scaling_t0,wide,DEoptim,11902,5.17766973121e-312
91,DFT_CRT,time_and_value_scaling_t0,wide,DEoptim,11903,1.2731974747e-313
91,DFT_CRT,time_and_value_scaling_t0,wide,DEoptim,11904,1.8827498946117344e-183
91,DFT_CRT,time_and_value_scaling_t0,wide,DEoptim,11905,4.243991708e-314
91,DFT_CRT,time_and_value_scaling_t0,wide,DEoptim,11906,-8227522786606494e47
91,DFT_CRT,time_and_value_scaling_t0,wide,DEoptim,11907,4.243991708e-314
91,DFT_CRT,time_and_value_scaling_t0,wide,DEoptim,11908,5.17766973121e-312
91,DFT_CRT,time_and_value_scaling_t0,wide,DEoptim,11909,1.27319747473e-313
91,DFT_CRT,time_and_value_scaling_t0,wide,DEoptim,11910,7547924849643508e153
91,DFT_CRT,time_and_value_scaling_t0,wide,DEoptim,11911,4.243991708e-314
91,DFT_CRT,time_and_value_scaling_t0,wide,DEoptim,11912,-2923003274661971e33
91,DFT_CRT,time_and_value_scaling_t0,wide,DEoptim,11913,-5391999617833917e52
91,DFT_CRT,time_and_value_scaling_t0,wide,DEoptim,11914,1.26e-321
91,DFT_CRT,time_and_value_scaling_t0,wide,DEoptim,11915,5.56270586622599e-309
91,DFT_CRT,time_and_value_scaling_t0,wide,DEoptim,11916,5.4344312206665e-311
91,DFT_CRT,time_and_value_scaling_t0,wide,DEoptim,11917,1.37980654311726e-309
91,DFT_CRT,time_and_value_scaling_t0,wide,DEoptim,11918,1.37980654311726e-309
91,DFT_CRT,time_and_value_scaling_t0,wide,DEoptim,11919,1.37980654311979e-309
91,DFT_CRT,time_and_value_scaling_t0,wide,DEoptim,11920,2.17292372081e-311
91,DFT_CRT,time_and_value_scaling_t0,wide,DEoptim,11921,1.379806543124848e-309
91,DFT_CRT,time_and_value_scaling_t0,wide,DEoptim,11922,1.38591789099524e-309
91,DFT_CRT,time_and_value_scaling_t0,wide,DEoptim,11923,1.37980654311979e-309
91,DFT_CRT,time_and_value_scaling_t0,wide,DEoptim,11924,2.716154643297e-311
91,DFT_CRT,time_and_value_scaling_t0,wide,DEoptim,11925,1.379806543124848e-309
91,DFT_CRT,time_and_value_scaling_t0,wide,DEoptim,11926,1.38644838994298e-309
91,DFT_CRT,time_and_value_scaling_t0,wide,DEoptim,11927,1.37980654311979e-309
91,DFT_CRT,time_and_value_scaling_t0,wide,DEoptim,11928,3.259385565784e-311
91,DFT_CRT,time_and_value_scaling_t0,wide,DEoptim,11929,1.379806543124848e-309
91,DFT_CRT,time_and_value_scaling_t0,wide,DEoptim,11930,1.386639369564167e-309
91,DFT_CRT,time_and_value_scaling_t0,wide,DEoptim,11931,1.37980654311979e-309
91,DFT_CRT,time_and_value_scaling_t0,wide,DEoptim,11932,1.38958894371361e-309
91,DFT_CRT,time_and_value_scaling_t0,wide,DEoptim,11933,1.37980654311979e-309
91,DFT_CRT,time_and_value_scaling_t0,wide,DEoptim,11934,3.802616488271e-311
91,DFT_CRT,time_and_value_scaling_t0,wide,DEoptim,11935,1.379806543124848e-309
91,DFT_CRT,time_and_value_scaling_t0,wide,DEoptim,11936,1.38581179120569e-309
91,DFT_CRT,time_and_value_scaling_t0,wide,DEoptim,11937,1.37980654311979e-309
91,DFT_CRT,time_and_value_scaling_t0,wide,DEoptim,11938,1.3858330111636e-309
91,DFT_CRT,time_and_value_scaling_t0,wide,DEoptim,11939,1.37980654311979e-309
91,DFT_CRT,time_and_value_scaling_t0,wide,DEoptim,11940,1.38963138362943e-309
91,DFT_CRT,time_and_value_scaling_t0,wide,DEoptim,11941,1.37980654311726e-309
91,DFT_CRT,time_and_value_scaling_t0,wide,DEoptim,11942,1.37980654311726e-309
91,DFT_CRT,time_and_value_scaling_t0,wide,DEoptim,11943,1.37980654311726e-309
91,DFT_CRT,time_and_value_scaling_t0,wide,DEoptim,11944,1.37980654311979e-309
91,DFT_CRT,time_and_value_scaling_t0,wide,DEoptim,11945,1.379806543124848e-309
91,DFT_CRT,time_and_value_scaling_t0,wide,DEoptim,11946,1.385663251500323e-309
91,DFT_CRT,time_and_value_scaling_t0,wide,DEoptim,11947,1.37980654311979e-309
91,DFT_CRT,time_and_value_scaling_t0,wide,DEoptim,11948,4.345847410758e-311
91,DFT_CRT,time_and_value_scaling_t0,wide,DEoptim,11949,1.379806543124848e-309
91,DFT_CRT,time_and_value_scaling_t0,wide,DEoptim,11950,1.38579057124778e-309
91,DFT_CRT,time_and_value_scaling_t0,wide,DEoptim,11951,1.37980654311979e-309
91,DFT_CRT,time_and_value_scaling_t0,wide,DEoptim,11952,1.379806543124848e-309
91,DFT_CRT,time_and_value_scaling_t0,wide,DEoptim,11953,1.38581179120569e-309
91,DFT_CRT,time_and_value_scaling_t0,wide,DEoptim,11954,1.37980654311979e-309
91,DFT_CRT,time_and_value_scaling_t0,wide,DEoptim,11955,1.3858330111636e-309
91,DFT_CRT,time_and_value_scaling_t0,wide,DEoptim,11956,1.37980654311979e-309
91,DFT_CRT,time_and_value_scaling_t0,wide,DEoptim,11957,1.38963138362943e-309
91,DFT_CRT,time_and_value_scaling_t0,wide,DEoptim,11958,1.37980654311726e-309
91,DFT_CRT,time_and_value_scaling_t0,wide,DEoptim,11959,1.37980654311979e-309
91,DFT_CRT,time_and_value_scaling_t0,wide,DEoptim,11960,4.8890783332453e-311
91,DFT_CRT,time_and_value_scaling_t0,wide,DEoptim,11961,1.379806543124848e-309
91,DFT_CRT,time_and_value_scaling_t0,wide,DEoptim,11962,1.385451051921226e-309
91,DFT_CRT,time_and_value_scaling_t0,wide,DEoptim,11963,1.37980654311979e-309
91,DFT_CRT,time_and_value_scaling_t0,wide,DEoptim,11964,5.4323092557324e-311
91,DFT_CRT,time_and_value_scaling_t0,wide,DEoptim,11965,1.379806543124848e-309
91,DFT_CRT,time_and_value_scaling_t0,wide,DEoptim,11966,1.38581179120569e-309
91,DFT_CRT,time_and_value_scaling_t0,wide,DEoptim,11967,1.37980654311979e-309
91,DFT_CRT,time_and_value_scaling_t0,wide,DEoptim,11968,1.3858330111636e-309
91,DFT_CRT,time_and_value_scaling_t0,wide,DEoptim,11969,1.37980654311979e-309
91,DFT_CRT,time_and_value_scaling_t0,wide,DEoptim,11970,1.38963138362943e-309
91,DFT_CRT,time_and_value_scaling_t0,wide,DEoptim,11971,1.37980654311726e-309
91,DFT_CRT,time_and_value_scaling_t0,wide,DEoptim,11972,1.37980654311979e-309
91,DFT_CRT,time_and_value_scaling_t0,wide,DEoptim,11973,1.38958894371361e-309
91,DFT_CRT,time_and_value_scaling_t0,wide,DEoptim,11974,1.37980654311726e-309
91,DFT_CRT,time_and_value_scaling_t0,wide,DEoptim,11975,1.37980654311726e-309
91,DFT_CRT,time_and_value_scaling_t0,wide,DEoptim,11976,1.37980654311979e-309
91,DFT_CRT,time_and_value_scaling_t0,wide,DEoptim,11977,5.9755401782195e-311
91,DFT_CRT,time_and_value_scaling_t0,wide,DEoptim,11978,1.379806543124848e-309
91,DFT_CRT,time_and_value_scaling_t0,wide,DEoptim,11979,6.5187711007066e-311
91,DFT_CRT,time_and_value_scaling_t0,wide,DEoptim,11980,1.379806543124848e-309
91,DFT_CRT,time_and_value_scaling_t0,wide,DEoptim,11981,1.386681809479986e-309
91,DFT_CRT,time_and_value_scaling_t0,wide,DEoptim,11982,1.37980654311979e-309
91,DFT_CRT,time_and_value_scaling_t0,wide,DEoptim,11983,1.38948284392406e-309
91,DFT_CRT,time_and_value_scaling_t0,wide,DEoptim,11984,1.37980654311979e-309
91,DFT_CRT,time_and_value_scaling_t0,wide,DEoptim,11985,1.38965260358734e-309
91,DFT_CRT,time_and_value_scaling_t0,wide,DEoptim,11986,1.37980654311726e-309
91,DFT_CRT,time_and_value_scaling_t0,wide,DEoptim,11987,1.37980654311979e-309
91,DFT_CRT,time_and_value_scaling_t0,wide,DEoptim,11988,1.37980654311726e-309
91,DFT_CRT,time_and_value_scaling_t0,wide,DEoptim,11989,1.37980654311979e-309
91,DFT_CRT,time_and_value_scaling_t0,wide,DEoptim,11990,7.0620020231937e-311
91,DFT_CRT,time_and_value_scaling_t0,wide,DEoptim,11991,1.379806543124848e-309
91,DFT_CRT,time_and_value_scaling_t0,wide,DEoptim,11992,1.385663251500323e-309
91,DFT_CRT,time_and_value_scaling_t0,wide,DEoptim,11993,1.37980654311979e-309
91,DFT_CRT,time_and_value_scaling_t0,wide,DEoptim,11994,7.605232945681e-311
91,DFT_CRT,time_and_value_scaling_t0,wide,DEoptim,11995,1.379806543124848e-309
91,DFT_CRT,time_and_value_scaling_t0,wide,DEoptim,11996,8.148463868168e-311
91,DFT_CRT,time_and_value_scaling_t0,wide,DEoptim,11997,1.379806543124848e-309
91,DFT_CRT,time_and_value_scaling_t0,wide,DEoptim,11998,1.386681809479986e-309
91,DFT_CRT,time_and_value_scaling_t0,wide,DEoptim,11999,1.37980654311979e-309
91,DFT_CRT,time_and_value_scaling_t0,wide,DEoptim,12000,1.38941918405033e-309
91,DFT_CRT,time_and_value_scaling_t0,wide,DEoptim,12001,1.37980654311979e-309
91,DFT_CRT,time_and_value_scaling_t0,wide,DEoptim,12002,1.38941918405033e-309
91,DFT_CRT,time_and_value_scaling_t0,wide,DEoptim,12003,1.37980654311726e-309
91,DFT_CRT,time_and_value_scaling_t0,wide,DEoptim,12004,1.37980654311979e-309
91,DFT_CRT,time_and_value_scaling_t0,wide,DEoptim,12005,1.38952528383988e-309
91,DFT_CRT,time_and_value_scaling_t0,wide,DEoptim,12006,1.385535931755395e-309
91,DFT_CRT,time_and_value_scaling_t0,wide,DEoptim,12007,8.691694790655e-311
91,DFT_CRT,time_and_value_scaling_t0,wide,DEoptim,12008,1.379806543124848e-309
91,DFT_CRT,time_and_value_scaling_t0,wide,DEoptim,12009,1.389673823545247e-309
91,DFT_CRT,time_and_value_scaling_t0,wide,DEoptim,12010,1.37980654311726e-309
91,DFT_CRT,time_and_value_scaling_t0,wide,DEoptim,12011,1.37980654311979e-309
91,DFT_CRT,time_and_value_scaling_t0,wide,DEoptim,12012,1.38954650379779e-309
91,DFT_CRT,time_and_value_scaling_t0,wide,DEoptim,12013,1.37980654311726e-309
91,DFT_CRT,time_and_value_scaling_t0,wide,DEoptim,12014,1.37980654311726e-309
91,DFT_CRT,time_and_value_scaling_t0,wide,DEoptim,12015,1.37980654311726e-309
91,DFT_CRT,time_and_value_scaling_t0,wide,DEoptim,12016,1.37980654311726e-309
91,DFT_CRT,time_and_value_scaling_t0,wide,DEoptim,12017,1.37980654311979e-309
91,DFT_CRT,time_and_value_scaling_t0,wide,DEoptim,12018,1.379806543124848e-309
91,DFT_CRT,time_and_value_scaling_t0,wide,DEoptim,12019,1.385663251500323e-309
91,DFT_CRT,time_and_value_scaling_t0,wide,DEoptim,12020,1.37980654311979e-309
91,DFT_CRT,time_and_value_scaling_t0,wide,DEoptim,12021,9.234925713142e-311
91,DFT_CRT,time_and_value_scaling_t0,wide,DEoptim,12022,1.379806543124848e-309
91,DFT_CRT,time_and_value_scaling_t0,wide,DEoptim,12023,1.38774280737547e-309
91,DFT_CRT,time_and_value_scaling_t0,wide,DEoptim,12024,1.37980654311726e-309
91,DFT_CRT,time_and_value_scaling_t0,wide,DEoptim,12025,1.37980654311726e-309
91,DFT_CRT,time_and_value_scaling_t0,wide,DEoptim,12026,1.37980654311726e-309
91,DFT_CRT,time_and_value_scaling_t0,wide,DEoptim,12027,1.37980654311726e-309
91,DFT_CRT,time_and_value_scaling_t0,wide,DEoptim,12028,1.37980654311979e-309
91,DFT_CRT,time_and_value_scaling_t0,wide,DEoptim,12029,1.379806543124848e-309
91,DFT_CRT,time_and_value_scaling_t0,wide,DEoptim,12030,1.385663251500323e-309
91,DFT_CRT,time_and_value_scaling_t0,wide,DEoptim,12031,1.37980654311979e-309
91,DFT_CRT,time_and_value_scaling_t0,wide,DEoptim,12032,9.7781566356293e-311
91,DFT_CRT,time_and_value_scaling_t0,wide,DEoptim,12033,1.379806543124848e-309
91,DFT_CRT,time_and_value_scaling_t0,wide,DEoptim,12034,1.03213875581164e-310
91,DFT_CRT,time_and_value_scaling_t0,wide,DEoptim,12035,1.379806543124848e-309
91,DFT_CRT,time_and_value_scaling_t0,wide,DEoptim,12036,1.386681809479986e-309
91,DFT_CRT,time_and_value_scaling_t0,wide,DEoptim,12037,1.37980654311979e-309
91,DFT_CRT,time_and_value_scaling_t0,wide,DEoptim,12038,1.38941918405033e-309
91,DFT_CRT,time_and_value_scaling_t0,wide,DEoptim,12039,1.37980654311979e-309
91,DFT_CRT,time_and_value_scaling_t0,wide,DEoptim,12040,1.38941918405033e-309
91,DFT_CRT,time_and_value_scaling_t0,wide,DEoptim,12041,1.37980654311726e-309
91,DFT_CRT,time_and_value_scaling_t0,wide,DEoptim,12042,1.37980654311979e-309
91,DFT_CRT,time_and_value_scaling_t0,wide,DEoptim,12043,1.38952528383988e-309
91,DFT_CRT,time_and_value_scaling_t0,wide,DEoptim,12044,1.37980654311979e-309
91,DFT_CRT,time_and_value_scaling_t0,wide,DEoptim,12045,1.385535931752865e-309
91,DFT_CRT,time_and_value_scaling_t0,wide,DEoptim,12046,1.37980654311979e-309
91,DFT_CRT,time_and_value_scaling_t0,wide,DEoptim,12047,1.38954650379779e-309
91,DFT_CRT,time_and_value_scaling_t0,wide,DEoptim,12048,1.37980654311726e-309
91,DFT_CRT,time_and_value_scaling_t0,wide,DEoptim,12049,1.37980654311726e-309
91,DFT_CRT,time_and_value_scaling_t0,wide,DEoptim,12050,1.37980654311726e-309
91,DFT_CRT,time_and_value_scaling_t0,wide,DEoptim,12051,1.37980654311726e-309
91,DFT_CRT,time_and_value_scaling_t0,wide,DEoptim,12052,1.38598155087023e-309
91,DFT_CRT,time_and_value_scaling_t0,wide,DEoptim,12053,5.43230953222e-312
91,DFT_CRT,time_and_value_scaling_t0,wide,DEoptim,12054,1.38668180948125e-309
91,DFT_CRT,time_and_value_scaling_t0,wide,DEoptim,12055,1.08646184806035e-310
91,DFT_CRT,time_and_value_scaling_t0,wide,DEoptim,12056,1.379806543124848e-309
91,DFT_CRT,time_and_value_scaling_t0,wide,DEoptim,12057,1.386681809479986e-309
91,DFT_CRT,time_and_value_scaling_t0,wide,DEoptim,12058,1.37980654311979e-309
91,DFT_CRT,time_and_value_scaling_t0,wide,DEoptim,12059,1.387254748343547e-309
91,DFT_CRT,time_and_value_scaling_t0,wide,DEoptim,12060,1.37980654311979e-309
91,DFT_CRT,time_and_value_scaling_t0,wide,DEoptim,12061,1.3895677237557e-309
91,DFT_CRT,time_and_value_scaling_t0,wide,DEoptim,12062,1.37980654311726e-309
91,DFT_CRT,time_and_value_scaling_t0,wide,DEoptim,12063,8.6916947618174e-311
91,DFT_CRT,time_and_value_scaling_t0,wide,DEoptim,12064,4.8891114586947e-311
91,DFT_CRT,time_and_value_scaling_t0,wide,DEoptim,12065,1.642525825694348e-306
91,DFT_CRT,time_and_value_scaling_t0,wide,DEoptim,12066,2.225073859025267e-308
91,DFT_CRT,time_and_value_scaling_t0,wide,DEoptim,12067,1.2516125334258437e-308
91,DFT_CRT,time_and_value_scaling_t0,wide,DEoptim,12068,6368329250890812e136
91,DFT_CRT,time_and_value_scaling_t0,wide,DEoptim,12069,1.8184403166974624e-306
91,DFT_CRT,time_and_value_scaling_t0,wide,DEoptim,12070,2.920409447191199e-308
91,DFT_CRT,time_and_value_scaling_t0,wide,DEoptim,12071,6.835426893652422e-304
91,DFT_CRT,time_and_value_scaling_t0,wide,DEoptim,12072,7.087305254117138e-304
91,DFT_CRT,time_and_value_scaling_t0,wide,DEoptim,12073,6.8354268934402224e-304
91,DFT_CRT,time_and_value_scaling_t0,wide,DEoptim,12074,2.7813423310021197e-308
91,DFT_CRT,time_and_value_scaling_t0,wide,DEoptim,12075,6.8354268934402224e-304
91,DFT_CRT,time_and_value_scaling_t0,wide,DEoptim,12076,7.1647378243931885e-304
91,DFT_CRT,time_and_value_scaling_t0,wide,DEoptim,12077,6.835426893334123e-304
91,DFT_CRT,time_and_value_scaling_t0,wide,DEoptim,12078,7.164737824446238e-304
91,DFT_CRT,time_and_value_scaling_t0,wide,DEoptim,12079,3.059476563347899e-308
91,DFT_CRT,time_and_value_scaling_t0,wide,DEoptim,12080,6.835426893652422e-304
91,DFT_CRT,time_and_value_scaling_t0,wide,DEoptim,12081,2.92040944715882e-308
91,DFT_CRT,time_and_value_scaling_t0,wide,DEoptim,12082,6.8354268934402224e-304
91,DFT_CRT,time_and_value_scaling_t0,wide,DEoptim,12083,2.2250738585072014e-308
91,DFT_CRT,time_and_value_scaling_t0,wide,DEoptim,12084,1.2516125334258437e-308
91,DFT_CRT,time_and_value_scaling_t0,wide,DEoptim,12085,14397992846724617e198
91,DFT_CRT,time_and_value_scaling_t0,wide,DEoptim,12086,-8371160993642713e283
91,DFT_CRT,time_and_value_scaling_t0,wide,DEoptim,12087,1.2882298307039035e-231
91,DFT_CRT,time_and_value_scaling_t0,wide,DEoptim,12088,2.4834631584438887e-265
91,DFT_CRT,time_and_value_scaling_t0,wide,DEoptim,12089,23834499078428476e164
91,DFT_CRT,time_and_value_scaling_t0,wide,DEoptim,12090,3.3951932709e-313
91,DFT_CRT,time_and_value_scaling_t0,wide,DEoptim,12091,5.56270586622599e-309
91,DFT_CRT,time_and_value_scaling_t0,wide,DEoptim,12092,53827264004999426e212
91,DFT_CRT,time_and_value_scaling_t0,wide,DEoptim,12093,8.34402700449459e-309
91,DFT_CRT,time_and_value_scaling_t0,wide,DEoptim,12094,8.224288e-317
91,DFT_CRT,time_and_value_scaling_t0,wide,DEoptim,12095,2.78134240574494e-309
91,DFT_CRT,time_and_value_scaling_t0,wide,DEoptim,12096,4.329103712586284e-304
91,DFT_CRT,time_and_value_scaling_t0,wide,DEoptim,12097,2.7813423302574e-309
91,DFT_CRT,time_and_value_scaling_t0,wide,DEoptim,12098,8.224288e-317
91,DFT_CRT,time_and_value_scaling_t0,wide,DEoptim,12099,1.390671166747655e-309
91,DFT_CRT,time_and_value_scaling_t0,wide,DEoptim,12100,19144762725305337e172
91,DFT_CRT,time_and_value_scaling_t0,wide,DEoptim,12101,2.29982770135e-312
91,DFT_CRT,time_and_value_scaling_t0,wide,DEoptim,12102,5.38986930906e-312
91,DFT_CRT,time_and_value_scaling_t0,wide,DEoptim,12103,2.12199579097e-313
91,DFT_CRT,time_and_value_scaling_t0,wide,DEoptim,12104,2.1219957915e-314
91,DFT_CRT,time_and_value_scaling_t0,wide,DEoptim,12105,5.38986930906e-312
91,DFT_CRT,time_and_value_scaling_t0,wide,DEoptim,12106,2.12199579097e-313
91,DFT_CRT,time_and_value_scaling_t0,wide,DEoptim,12107,2.1219957915e-314
91,DFT_CRT,time_and_value_scaling_t0,wide,DEoptim,12108,5.38986930906e-312
91,DFT_CRT,time_and_value_scaling_t0,wide,DEoptim,12109,2.12199579097e-313
91,DFT_CRT,time_and_value_scaling_t0,wide,DEoptim,12110,2.1219957915e-314
91,DFT_CRT,time_and_value_scaling_t0,wide,DEoptim,12111,5.38986930906e-312
91,DFT_CRT,time_and_value_scaling_t0,wide,DEoptim,12112,2.12199579097e-313
91,DFT_CRT,time_and_value_scaling_t0,wide,DEoptim,12113,2.1219957915e-314
91,DFT_CRT,time_and_value_scaling_t0,wide,DEoptim,12114,5.38986930906e-312
91,DFT_CRT,time_and_value_scaling_t0,wide,DEoptim,12115,2.12199579097e-313
91,DFT_CRT,time_and_value_scaling_t0,wide,DEoptim,12116,5e-324
91,DFT_CRT,time_and_value_scaling_t0,wide,DEoptim,12117,5.38986930906e-312
91,DFT_CRT,time_and_value_scaling_t0,wide,DEoptim,12118,2.12199579097e-313
91,DFT_CRT,time_and_value_scaling_t0,wide,DEoptim,12119,2.1219957915e-314
91,DFT_CRT,time_and_value_scaling_t0,wide,DEoptim,12120,5.38986930905e-312
91,DFT_CRT,time_and_value_scaling_t0,wide,DEoptim,12121,1.2e-321
91,DFT_CRT,time_and_value_scaling_t0,wide,DEoptim,12122,5.419295422564e-312
91,DFT_CRT,time_and_value_scaling_t0,wide,DEoptim,12123,6.365987493e-314
91,DFT_CRT,time_and_value_scaling_t0,wide,DEoptim,12124,2.7585945293e-313
91,DFT_CRT,time_and_value_scaling_t0,wide,DEoptim,12125,2.12199579116e-313
91,DFT_CRT,time_and_value_scaling_t0,wide,DEoptim,12126,1e-322
91,DFT_CRT,time_and_value_scaling_t0,wide,DEoptim,12127,6.3659873734e-314
91,DFT_CRT,time_and_value_scaling_t0,wide,DEoptim,12128,5.427833140004e-312
91,DFT_CRT,time_and_value_scaling_t0,wide,DEoptim,12129,6.365987493e-314
91,DFT_CRT,time_and_value_scaling_t0,wide,DEoptim,12130,2.7610812427e-313
91,DFT_CRT,time_and_value_scaling_t0,wide,DEoptim,12131,1.61915e-319
91,DFT_CRT,time_and_value_scaling_t0,wide,DEoptim,12132,2.1219957915e-314
91,DFT_CRT,time_and_value_scaling_t0,wide,DEoptim,12133,-9124898775545467e177
91,DFT_CRT,time_and_value_scaling_t0,wide,DEoptim,12134,3.39519327814e-313
91,DFT_CRT,time_and_value_scaling_t0,wide,DEoptim,12135,1.90980916355e-313
91,DFT_CRT,time_and_value_scaling_t0,wide,DEoptim,12136,13561721836670302e232
91,DFT_CRT,time_and_value_scaling_t0,wide,DEoptim,12137,26493111565267984e164
91,DFT_CRT,time_and_value_scaling_t0,wide,DEoptim,12138,5.389869309645e-312
91,DFT_CRT,time_and_value_scaling_t0,wide,DEoptim,12139,3.39519326633e-313
91,DFT_CRT,time_and_value_scaling_t0,wide,DEoptim,12140,1.90980916355e-313
91,DFT_CRT,time_and_value_scaling_t0,wide,DEoptim,12141,5.432309237524e-312
91,DFT_CRT,time_and_value_scaling_t0,wide,DEoptim,12142,5.432309548415e-312
91,DFT_CRT,time_and_value_scaling_t0,wide,DEoptim,12143,1.320051141967215e-309
91,DFT_CRT,time_and_value_scaling_t0,wide,DEoptim,12144,5.4323092274e-312
91,DFT_CRT,time_and_value_scaling_t0,wide,DEoptim,12145,1.32005114196653e-309
91,DFT_CRT,time_and_value_scaling_t0,wide,DEoptim,12146,1.1407849372988e-310
91,DFT_CRT,time_and_value_scaling_t0,wide,DEoptim,12147,2.1729236915927e-311
91,DFT_CRT,time_and_value_scaling_t0,wide,DEoptim,12148,1.0864618451007e-310
91,DFT_CRT,time_and_value_scaling_t0,wide,DEoptim,12149,5.43230922487e-312
91,DFT_CRT,time_and_value_scaling_t0,wide,DEoptim,12150,5.432309228666e-312
91,DFT_CRT,time_and_value_scaling_t0,wide,DEoptim,12151,1.320051141967215e-309
91,DFT_CRT,time_and_value_scaling_t0,wide,DEoptim,12152,7.0620019930913e-311
91,DFT_CRT,time_and_value_scaling_t0,wide,DEoptim,12153,2.850875881214458e-306
91,DFT_CRT,time_and_value_scaling_t0,wide,DEoptim,12154,5.43230922487e-312
91,DFT_CRT,time_and_value_scaling_t0,wide,DEoptim,12155,5.432309226136e-312
91,DFT_CRT,time_and_value_scaling_t0,wide,DEoptim,12156,1.39016188257972e-309
91,DFT_CRT,time_and_value_scaling_t0,wide,DEoptim,12157,2.052769442741057e-289
91,DFT_CRT,time_and_value_scaling_t0,wide,DEoptim,12158,8901762849639419e256
91,DFT_CRT,time_and_value_scaling_t0,wide,DEoptim,12159,908366792581525e209
91,DFT_CRT,time_and_value_scaling_t0,wide,DEoptim,12160,6.5402864748936e-310
91,DFT_CRT,time_and_value_scaling_t0,wide,DEoptim,12161,1.14078494043554e-310
91,DFT_CRT,time_and_value_scaling_t0,wide,DEoptim,12162,3.802616459054e-311
91,DFT_CRT,time_and_value_scaling_t0,wide,DEoptim,12163,1.0864618451007e-310
91,DFT_CRT,time_and_value_scaling_t0,wide,DEoptim,12164,3.96558573416855e-310
91,DFT_CRT,time_and_value_scaling_t0,wide,DEoptim,12165,1.086461844974e-311
91,DFT_CRT,time_and_value_scaling_t0,wide,DEoptim,12166,2.172923690075e-311
91,DFT_CRT,time_and_value_scaling_t0,wide,DEoptim,12167,3.8026164881446e-311
91,DFT_CRT,time_and_value_scaling_t0,wide,DEoptim,12168,1.385833011164865e-309
91,DFT_CRT,time_and_value_scaling_t0,wide,DEoptim,12169,1.389631383630693e-309
91,DFT_CRT,time_and_value_scaling_t0,wide,DEoptim,12170,7.0683679813496e-311
91,DFT_CRT,time_and_value_scaling_t0,wide,DEoptim,12171,4.1454084e-317
91,DFT_CRT,time_and_value_scaling_t0,wide,DEoptim,12172,5.432309226136e-312
91,DFT_CRT,time_and_value_scaling_t0,wide,DEoptim,12173,0
91,DFT_CRT,time_and_value_scaling_t0,wide,DEoptim,12174,0
91,DFT_CRT,time_and_value_scaling_t0,wide,DEoptim,12175,1.39016188257972e-309
91,DFT_CRT,time_and_value_scaling_t0,wide,DEoptim,12176,2.052769442741057e-289
91,DFT_CRT,time_and_value_scaling_t0,wide,DEoptim,12177,8901762849639419e256
91,DFT_CRT,time_and_value_scaling_t0,wide,DEoptim,12178,908366792581525e209
91,DFT_CRT,time_and_value_scaling_t0,wide,DEoptim,12179,6.5402864748936e-310
91,DFT_CRT,time_and_value_scaling_t0,wide,DEoptim,12180,1.32005114196494e-309
91,DFT_CRT,time_and_value_scaling_t0,wide,DEoptim,12181,1.32005114165e-309
91,DFT_CRT,time_and_value_scaling_t0,wide,DEoptim,12182,5.43230922993e-312
91,DFT_CRT,time_and_value_scaling_t0,wide,DEoptim,12183,1.32005114196625e-309
91,DFT_CRT,time_and_value_scaling_t0,wide,DEoptim,12184,5.432309236254e-312
91,DFT_CRT,time_and_value_scaling_t0,wide,DEoptim,12185,1.32005114196634e-309
91,DFT_CRT,time_and_value_scaling_t0,wide,DEoptim,12186,5.43230923752e-312
91,DFT_CRT,time_and_value_scaling_t0,wide,DEoptim,12187,1.320051141967225e-309
91,DFT_CRT,time_and_value_scaling_t0,wide,DEoptim,12188,3.2593855359345e-311
91,DFT_CRT,time_and_value_scaling_t0,wide,DEoptim,12189,7.291122019661668e-304
91,DFT_CRT,time_and_value_scaling_t0,wide,DEoptim,12190,1.086461877239e-311
91,DFT_CRT,time_and_value_scaling_t0,wide,DEoptim,12191,7.291122019661668e-304
91,DFT_CRT,time_and_value_scaling_t0,wide,DEoptim,12192,1.0864618772397e-311
91,DFT_CRT,time_and_value_scaling_t0,wide,DEoptim,12193,3.2126e-319
91,DFT_CRT,time_and_value_scaling_t0,wide,DEoptim,12194,7.29468213783603e-304
91,DFT_CRT,time_and_value_scaling_t0,wide,DEoptim,12195,1.320051141966336e-309
91,DFT_CRT,time_and_value_scaling_t0,wide,DEoptim,12196,1.1383e-320
91,DFT_CRT,time_and_value_scaling_t0,wide,DEoptim,12197,3.259385567049e-311
91,DFT_CRT,time_and_value_scaling_t0,wide,DEoptim,12198,7.291122019661668e-304
91,DFT_CRT,time_and_value_scaling_t0,wide,DEoptim,12199,1.086461877239e-311
91,DFT_CRT,time_and_value_scaling_t0,wide,DEoptim,12200,3.2126e-319
91,DFT_CRT,time_and_value_scaling_t0,wide,DEoptim,12201,1.0864618772407e-311
91,DFT_CRT,time_and_value_scaling_t0,wide,DEoptim,12202,3.2126e-319
91,DFT_CRT,time_and_value_scaling_t0,wide,DEoptim,12203,7.29468213783603e-304
91,DFT_CRT,time_and_value_scaling_t0,wide,DEoptim,12204,1.320051141966336e-309
91,DFT_CRT,time_and_value_scaling_t0,wide,DEoptim,12205,1.1383e-320
91,DFT_CRT,time_and_value_scaling_t0,wide,DEoptim,12206,1.32005114196494e-309
91,DFT_CRT,time_and_value_scaling_t0,wide,DEoptim,12207,8.6916947613115e-311
91,DFT_CRT,time_and_value_scaling_t0,wide,DEoptim,12208,2.052769442741057e-289
91,DFT_CRT,time_and_value_scaling_t0,wide,DEoptim,12209,13884077104507518e179
91,DFT_CRT,time_and_value_scaling_t0,wide,DEoptim,12210,2.2250738624390356e-308
91,DFT_CRT,time_and_value_scaling_t0,wide,DEoptim,12211,1.390671166747655e-309
91,DFT_CRT,time_and_value_scaling_t0,wide,DEoptim,12212,3627510666484455e250
91,DFT_CRT,time_and_value_scaling_t0,wide,DEoptim,12213,4440279290437838e237
91,DFT_CRT,time_and_value_scaling_t0,wide,DEoptim,12214,4168710267395859e184
91,DFT_CRT,time_and_value_scaling_t0,wide,DEoptim,12215,5.15644977259e-312
91,DFT_CRT,time_and_value_scaling_t0,wide,DEoptim,12216,4.45619116157e-313
91,DFT_CRT,time_and_value_scaling_t0,wide,DEoptim,12217,4.24399158257e-313
91,DFT_CRT,time_and_value_scaling_t0,wide,DEoptim,12218,4.8805903197e-313
91,DFT_CRT,time_and_value_scaling_t0,wide,DEoptim,12219,7.21478568933e-313
91,DFT_CRT,time_and_value_scaling_t0,wide,DEoptim,12220,7.21478568943e-313
91,DFT_CRT,time_and_value_scaling_t0,wide,DEoptim,12221,8.0635840058e-313
91,DFT_CRT,time_and_value_scaling_t0,wide,DEoptim,12222,5.9415882148e-313
91,DFT_CRT,time_and_value_scaling_t0,wide,DEoptim,12223,1.0609978969e-313
91,DFT_CRT,time_and_value_scaling_t0,wide,DEoptim,12224,1.273197476e-313
91,DFT_CRT,time_and_value_scaling_t0,wide,DEoptim,12225,1.4853970552e-313
91,DFT_CRT,time_and_value_scaling_t0,wide,DEoptim,12226,8.06358400725e-313
91,DFT_CRT,time_and_value_scaling_t0,wide,DEoptim,12227,2.121995793e-314
91,DFT_CRT,time_and_value_scaling_t0,wide,DEoptim,12228,5.15644977209e-312
91,DFT_CRT,time_and_value_scaling_t0,wide,DEoptim,12229,368935233317913e5
91,DFT_CRT,time_and_value_scaling_t0,wide,DEoptim,12230,5.156449773305e-312
91,DFT_CRT,time_and_value_scaling_t0,wide,DEoptim,12231,3.3951932663e-313
91,DFT_CRT,time_and_value_scaling_t0,wide,DEoptim,12232,5.56270586622599e-309
91,DFT_CRT,time_and_value_scaling_t0,wide,DEoptim,12233,31484879608364577e145
91,DFT_CRT,time_and_value_scaling_t0,wide,DEoptim,12234,2.15286259853e-312
91,DFT_CRT,time_and_value_scaling_t0,wide,DEoptim,12235,2.97079411936e-313
91,DFT_CRT,time_and_value_scaling_t0,wide,DEoptim,12236,2.7585945293e-313
91,DFT_CRT,time_and_value_scaling_t0,wide,DEoptim,12237,2.12199579116e-313
91,DFT_CRT,time_and_value_scaling_t0,wide,DEoptim,12238,1e-322
91,DFT_CRT,time_and_value_scaling_t0,wide,DEoptim,12239,6.3659873734e-314
91,DFT_CRT,time_and_value_scaling_t0,wide,DEoptim,12240,5.427833140004e-312
91,DFT_CRT,time_and_value_scaling_t0,wide,DEoptim,12241,2.97079411936e-313
91,DFT_CRT,time_and_value_scaling_t0,wide,DEoptim,12242,2.7610812427e-313
91,DFT_CRT,time_and_value_scaling_t0,wide,DEoptim,12243,1.61915e-319
91,DFT_CRT,time_and_value_scaling_t0,wide,DEoptim,12244,2.1219957915e-314
91,DFT_CRT,time_and_value_scaling_t0,wide,DEoptim,12245,-9124898775545467e177
91,DFT_CRT,time_and_value_scaling_t0,wide,DEoptim,12246,3.39519327814e-313
91,DFT_CRT,time_and_value_scaling_t0,wide,DEoptim,12247,1.90980916355e-313
91,DFT_CRT,time_and_value_scaling_t0,wide,DEoptim,12248,13561721836670302e232
91,DFT_CRT,time_and_value_scaling_t0,wide,DEoptim,12249,26493111565267984e164
91,DFT_CRT,time_and_value_scaling_t0,wide,DEoptim,12250,5.389869309645e-312
91,DFT_CRT,time_and_value_scaling_t0,wide,DEoptim,12251,2.7585945293e-313
91,DFT_CRT,time_and_value_scaling_t0,wide,DEoptim,12252,2.12199579126e-313
91,DFT_CRT,time_and_value_scaling_t0,wide,DEoptim,12253,2.121995804e-314
91,DFT_CRT,time_and_value_scaling_t0,wide,DEoptim,12254,1.93e-322
91,DFT_CRT,time_and_value_scaling_t0,wide,DEoptim,12255,6.3659873734e-314
91,DFT_CRT,time_and_value_scaling_t0,wide,DEoptim,12256,3.39519327755e-313
91,DFT_CRT,time_and_value_scaling_t0,wide,DEoptim,12257,5.42841337323e-312
91,DFT_CRT,time_and_value_scaling_t0,wide,DEoptim,12258,2.7610812427e-313
91,DFT_CRT,time_and_value_scaling_t0,wide,DEoptim,12259,1.61925e-319
91,DFT_CRT,time_and_value_scaling_t0,wide,DEoptim,12260,0
91,DFT_CRT,time_and_value_scaling_t0,wide,DEoptim,12261,0
91,DFT_CRT,time_and_value_scaling_t0,wide,DEoptim,12262,-9124898775545465e177
91,DFT_CRT,time_and_value_scaling_t0,wide,DEoptim,12263,3.39519327814e-313
91,DFT_CRT,time_and_value_scaling_t0,wide,DEoptim,12264,1.90980916355e-313
91,DFT_CRT,time_and_value_scaling_t0,wide,DEoptim,12265,13561721836670302e232
91,DFT_CRT,time_and_value_scaling_t0,wide,DEoptim,12266,26493111565267984e164
91,DFT_CRT,time_and_value_scaling_t0,wide,DEoptim,12267,5.389869309645e-312
91,DFT_CRT,time_and_value_scaling_t0,wide,DEoptim,12268,5.412249733415e-312
91,DFT_CRT,time_and_value_scaling_t0,wide,DEoptim,12269,2.7610812427e-313
91,DFT_CRT,time_and_value_scaling_t0,wide,DEoptim,12270,1.61994e-319
91,DFT_CRT,time_and_value_scaling_t0,wide,DEoptim,12271,4.243991583e-314
91,DFT_CRT,time_and_value_scaling_t0,wide,DEoptim,12272,4.243991583e-314
91,DFT_CRT,time_and_value_scaling_t0,wide,DEoptim,12273,4.243991583e-314
91,DFT_CRT,time_and_value_scaling_t0,wide,DEoptim,12274,4.243991583e-314
91,DFT_CRT,time_and_value_scaling_t0,wide,DEoptim,12275,8.487983166e-314
91,DFT_CRT,time_and_value_scaling_t0,wide,DEoptim,12276,8.487983166e-314
91,DFT_CRT,time_and_value_scaling_t0,wide,DEoptim,12277,8.487983166e-314
91,DFT_CRT,time_and_value_scaling_t0,wide,DEoptim,12278,8.487983166e-314
91,DFT_CRT,time_and_value_scaling_t0,wide,DEoptim,12279,8.487983166e-314
91,DFT_CRT,time_and_value_scaling_t0,wide,DEoptim,12280,-9124898775545473e177
91,DFT_CRT,time_and_value_scaling_t0,wide,DEoptim,12281,3.39519327814e-313
91,DFT_CRT,time_and_value_scaling_t0,wide,DEoptim,12282,1.90980916355e-313
91,DFT_CRT,time_and_value_scaling_t0,wide,DEoptim,12283,13561721836670302e232
91,DFT_CRT,time_and_value_scaling_t0,wide,DEoptim,12284,26493111565267984e164
91,DFT_CRT,time_and_value_scaling_t0,wide,DEoptim,12285,5.389869309645e-312
91,DFT_CRT,time_and_value_scaling_t0,wide,DEoptim,12286,5.420870341315e-312
91,DFT_CRT,time_and_value_scaling_t0,wide,DEoptim,12287,3.60739285665e-313
91,DFT_CRT,time_and_value_scaling_t0,wide,DEoptim,12288,4.03179201484e-313
91,DFT_CRT,time_and_value_scaling_t0,wide,DEoptim,12289,3.39519326633e-313
91,DFT_CRT,time_and_value_scaling_t0,wide,DEoptim,12290,1.90980916355e-313
91,DFT_CRT,time_and_value_scaling_t0,wide,DEoptim,12291,39999808199959585e236
91,DFT_CRT,time_and_value_scaling_t0,wide,DEoptim,12292,5.156449772545e-312
91,DFT_CRT,time_and_value_scaling_t0,wide,DEoptim,12293,4.4561911619e-313
91,DFT_CRT,time_and_value_scaling_t0,wide,DEoptim,12294,8.4879831703e-314
91,DFT_CRT,time_and_value_scaling_t0,wide,DEoptim,12295,4.2439915824e-313
91,DFT_CRT,time_and_value_scaling_t0,wide,DEoptim,12296,2.121995791e-314
91,DFT_CRT,time_and_value_scaling_t0,wide,DEoptim,12297,-29230060622549576e32
91,DFT_CRT,time_and_value_scaling_t0,wide,DEoptim,12298,5.156449773305e-312
91,DFT_CRT,time_and_value_scaling_t0,wide,DEoptim,12299,3.131551886280562e-294
91,DFT_CRT,time_and_value_scaling_t0,wide,DEoptim,12300,6.95420460615203e-310
91,DFT_CRT,time_and_value_scaling_t0,wide,DEoptim,12301,2.121995791e-314
91,DFT_CRT,time_and_value_scaling_t0,wide,DEoptim,12302,2.0522703578448527e-289
91,DFT_CRT,time_and_value_scaling_t0,wide,DEoptim,12303,5.430319853827e-312
91,DFT_CRT,time_and_value_scaling_t0,wide,DEoptim,12304,5.56270586622599e-309
91,DFT_CRT,time_and_value_scaling_t0,wide,DEoptim,12305,6059732824249193e218
91,DFT_CRT,time_and_value_scaling_t0,wide,DEoptim,12306,1064002501037983e233
91,DFT_CRT,time_and_value_scaling_t0,wide,DEoptim,12307,2.554799404253e-312
91,DFT_CRT,time_and_value_scaling_t0,wide,DEoptim,12308,4.4561911736e-313
91,DFT_CRT,time_and_value_scaling_t0,wide,DEoptim,12309,8.4879831703e-314
91,DFT_CRT,time_and_value_scaling_t0,wide,DEoptim,12310,4.2439915824e-313
91,DFT_CRT,time_and_value_scaling_t0,wide,DEoptim,12311,2.121995791e-314
91,DFT_CRT,time_and_value_scaling_t0,wide,DEoptim,12312,2.9993964882359315e-241
91,DFT_CRT,time_and_value_scaling_t0,wide,DEoptim,12313,5.156449773305e-312
91,DFT_CRT,time_and_value_scaling_t0,wide,DEoptim,12314,3.131551886280562e-294
91,DFT_CRT,time_and_value_scaling_t0,wide,DEoptim,12315,6.95420460615203e-310
91,DFT_CRT,time_and_value_scaling_t0,wide,DEoptim,12316,2.121995791e-314
91,DFT_CRT,time_and_value_scaling_t0,wide,DEoptim,12317,2.0522703578448527e-289
91,DFT_CRT,time_and_value_scaling_t0,wide,DEoptim,12318,5.430319853827e-312
91,DFT_CRT,time_and_value_scaling_t0,wide,DEoptim,12319,5.56270586622599e-309
91,DFT_CRT,time_and_value_scaling_t0,wide,DEoptim,12320,6059732824249193e218
91,DFT_CRT,time_and_value_scaling_t0,wide,DEoptim,12321,1064002501037983e233
91,DFT_CRT,time_and_value_scaling_t0,wide,DEoptim,12322,2.554799404253e-312
91,DFT_CRT,time_and_value_scaling_t0,wide,DEoptim,12323,3.131551886280726e-294
91,DFT_CRT,time_and_value_scaling_t0,wide,DEoptim,12324,6.97818315858994e-310
91,DFT_CRT,time_and_value_scaling_t0,wide,DEoptim,12325,4.243991582e-314
91,DFT_CRT,time_and_value_scaling_t0,wide,DEoptim,12326,8.487983165e-314
91,DFT_CRT,time_and_value_scaling_t0,wide,DEoptim,12327,8.487983166e-314
91,DFT_CRT,time_and_value_scaling_t0,wide,DEoptim,12328,8.487983166e-314
91,DFT_CRT,time_and_value_scaling_t0,wide,DEoptim,12329,8.487983166e-314
91,DFT_CRT,time_and_value_scaling_t0,wide,DEoptim,12330,1.48539705387e-313
91,DFT_CRT,time_and_value_scaling_t0,wide,DEoptim,12331,1.485397054e-313
91,DFT_CRT,time_and_value_scaling_t0,wide,DEoptim,12332,1.9097962123e-313
91,DFT_CRT,time_and_value_scaling_t0,wide,DEoptim,12333,1.9097962123e-313
91,DFT_CRT,time_and_value_scaling_t0,wide,DEoptim,12334,4.2439915864e-314
91,DFT_CRT,time_and_value_scaling_t0,wide,DEoptim,12335,4.243991583e-314
91,DFT_CRT,time_and_value_scaling_t0,wide,DEoptim,12336,4.243991583e-314
91,DFT_CRT,time_and_value_scaling_t0,wide,DEoptim,12337,4.243991583e-314
91,DFT_CRT,time_and_value_scaling_t0,wide,DEoptim,12338,4.243991583e-314
91,DFT_CRT,time_and_value_scaling_t0,wide,DEoptim,12339,4.243991583e-314
91,DFT_CRT,time_and_value_scaling_t0,wide,DEoptim,12340,2.7585945289e-313
91,DFT_CRT,time_and_value_scaling_t0,wide,DEoptim,12341,3.1829936871e-313
91,DFT_CRT,time_and_value_scaling_t0,wide,DEoptim,12342,3.1829936872e-313
91,DFT_CRT,time_and_value_scaling_t0,wide,DEoptim,12343,3.1829936872e-313
91,DFT_CRT,time_and_value_scaling_t0,wide,DEoptim,12344,3.1829936872e-313
91,DFT_CRT,time_and_value_scaling_t0,wide,DEoptim,12345,3.1829936872e-313
91,DFT_CRT,time_and_value_scaling_t0,wide,DEoptim,12346,4.24399158267e-313
91,DFT_CRT,time_and_value_scaling_t0,wide,DEoptim,12347,4.2439915829e-313
91,DFT_CRT,time_and_value_scaling_t0,wide,DEoptim,12348,4.6683907412e-313
91,DFT_CRT,time_and_value_scaling_t0,wide,DEoptim,12349,4.6683907412e-313
91,DFT_CRT,time_and_value_scaling_t0,wide,DEoptim,12350,4.6683907412e-313
91,DFT_CRT,time_and_value_scaling_t0,wide,DEoptim,12351,4.6683907412e-313
91,DFT_CRT,time_and_value_scaling_t0,wide,DEoptim,12352,5.30498947865e-313
91,DFT_CRT,time_and_value_scaling_t0,wide,DEoptim,12353,5.5171890578e-313
91,DFT_CRT,time_and_value_scaling_t0,wide,DEoptim,12354,5.941588216e-313
91,DFT_CRT,time_and_value_scaling_t0,wide,DEoptim,12355,6.1537877952e-313
91,DFT_CRT,time_and_value_scaling_t0,wide,DEoptim,12356,6.36598737433e-313
91,DFT_CRT,time_and_value_scaling_t0,wide,DEoptim,12357,6.3659873744e-313
91,DFT_CRT,time_and_value_scaling_t0,wide,DEoptim,12358,5.9415882161e-313
91,DFT_CRT,time_and_value_scaling_t0,wide,DEoptim,12359,5.9415882161e-313
91,DFT_CRT,time_and_value_scaling_t0,wide,DEoptim,12360,5.9415882161e-313
91,DFT_CRT,time_and_value_scaling_t0,wide,DEoptim,12361,6.79038653267e-313
91,DFT_CRT,time_and_value_scaling_t0,wide,DEoptim,12362,7.21478569096e-313
91,DFT_CRT,time_and_value_scaling_t0,wide,DEoptim,12363,6.79038653277e-313
91,DFT_CRT,time_and_value_scaling_t0,wide,DEoptim,12364,6.79038653267e-313
91,DFT_CRT,time_and_value_scaling_t0,wide,DEoptim,12365,7.4269852701e-313
91,DFT_CRT,time_and_value_scaling_t0,wide,DEoptim,12366,7.4269852701e-313
91,DFT_CRT,time_and_value_scaling_t0,wide,DEoptim,12367,7.4269852701e-313
91,DFT_CRT,time_and_value_scaling_t0,wide,DEoptim,12368,7.4269852701e-313
91,DFT_CRT,time_and_value_scaling_t0,wide,DEoptim,12369,8.06358400755e-313
91,DFT_CRT,time_and_value_scaling_t0,wide,DEoptim,12370,8.06358400755e-313
91,DFT_CRT,time_and_value_scaling_t0,wide,DEoptim,12371,8.06358400755e-313
91,DFT_CRT,time_and_value_scaling_t0,wide,DEoptim,12372,8.70018274484e-313
91,DFT_CRT,time_and_value_scaling_t0,wide,DEoptim,12373,8.700182745e-313
91,DFT_CRT,time_and_value_scaling_t0,wide,DEoptim,12374,8.700182745e-313
91,DFT_CRT,time_and_value_scaling_t0,wide,DEoptim,12375,8.91238232413e-313
91,DFT_CRT,time_and_value_scaling_t0,wide,DEoptim,12376,8.91238232413e-313
91,DFT_CRT,time_and_value_scaling_t0,wide,DEoptim,12377,8.91238232413e-313
91,DFT_CRT,time_and_value_scaling_t0,wide,DEoptim,12378,8.91238232413e-313
91,DFT_CRT,time_and_value_scaling_t0,wide,DEoptim,12379,9.3367814824e-313
91,DFT_CRT,time_and_value_scaling_t0,wide,DEoptim,12380,9.3367814824e-313
91,DFT_CRT,time_and_value_scaling_t0,wide,DEoptim,12381,9.3367814824e-313
91,DFT_CRT,time_and_value_scaling_t0,wide,DEoptim,12382,9.3367814824e-313
91,DFT_CRT,time_and_value_scaling_t0,wide,DEoptim,12383,-9124898775545554e177
91,DFT_CRT,time_and_value_scaling_t0,wide,DEoptim,12384,3.39519327814e-313
91,DFT_CRT,time_and_value_scaling_t0,wide,DEoptim,12385,1.90980916355e-313
91,DFT_CRT,time_and_value_scaling_t0,wide,DEoptim,12386,13561721836670302e232
91,DFT_CRT,time_and_value_scaling_t0,wide,DEoptim,12387,26493111565267984e164
91,DFT_CRT,time_and_value_scaling_t0,wide,DEoptim,12388,5.389869309645e-312
91,DFT_CRT,time_and_value_scaling_t0,wide,DEoptim,12389,3.131551886280726e-294
91,DFT_CRT,time_and_value_scaling_t0,wide,DEoptim,12390,6.95420460615203e-310
91,DFT_CRT,time_and_value_scaling_t0,wide,DEoptim,12391,0
91,DFT_CRT,time_and_value_scaling_t0,wide,DEoptim,12392,2.0522684006491881e-289
91,DFT_CRT,time_and_value_scaling_t0,wide,DEoptim,12393,5.430319853827e-312
91,DFT_CRT,time_and_value_scaling_t0,wide,DEoptim,12394,5.56270586622599e-309
91,DFT_CRT,time_and_value_scaling_t0,wide,DEoptim,12395,6059732824249193e218
91,DFT_CRT,time_and_value_scaling_t0,wide,DEoptim,12396,1064002501037983e233
91,DFT_CRT,time_and_value_scaling_t0,wide,DEoptim,12397,2.554799404253e-312
91,DFT_CRT,time_and_value_scaling_t0,wide,DEoptim,12398,7.292811685018113e-304
91,DFT_CRT,time_and_value_scaling_t0,wide,DEoptim,12399,7.292811685017858e-304
91,DFT_CRT,time_and_value_scaling_t0,wide,DEoptim,12400,7.292811685017857e-304
91,DFT_CRT,time_and_value_scaling_t0,wide,DEoptim,12401,7.292811685017855e-304
91,DFT_CRT,time_and_value_scaling_t0,wide,DEoptim,12402,-994647421388389e72
91,DFT_CRT,time_and_value_scaling_t0,wide,DEoptim,12403,7.292811685018114e-304
91,DFT_CRT,time_and_value_scaling_t0,wide,DEoptim,12404,4.4561911659e-313
91,DFT_CRT,time_and_value_scaling_t0,wide,DEoptim,12405,8.4879831703e-314
91,DFT_CRT,time_and_value_scaling_t0,wide,DEoptim,12406,4.2439915824e-313
91,DFT_CRT,time_and_value_scaling_t0,wide,DEoptim,12407,2.121995791e-314
91,DFT_CRT,time_and_value_scaling_t0,wide,DEoptim,12408,1683245093761564e197
91,DFT_CRT,time_and_value_scaling_t0,wide,DEoptim,12409,7.292811685018114e-304
91,DFT_CRT,time_and_value_scaling_t0,wide,DEoptim,12410,3.1315518862806185e-294
91,DFT_CRT,time_and_value_scaling_t0,wide,DEoptim,12411,6.95420460615203e-310
91,DFT_CRT,time_and_value_scaling_t0,wide,DEoptim,12412,2.121995791e-314
91,DFT_CRT,time_and_value_scaling_t0,wide,DEoptim,12413,2.0522703578448527e-289
91,DFT_CRT,time_and_value_scaling_t0,wide,DEoptim,12414,5.430319853827e-312
91,DFT_CRT,time_and_value_scaling_t0,wide,DEoptim,12415,5.56270586622599e-309
91,DFT_CRT,time_and_value_scaling_t0,wide,DEoptim,12416,6059732824249193e218
91,DFT_CRT,time_and_value_scaling_t0,wide,DEoptim,12417,1064002501037983e233
91,DFT_CRT,time_and_value_scaling_t0,wide,DEoptim,12418,2.554799404253e-312
91,DFT_CRT,time_and_value_scaling_t0,wide,DEoptim,12419,4.4561911736e-313
91,DFT_CRT,time_and_value_scaling_t0,wide,DEoptim,12420,8.4879831703e-314
91,DFT_CRT,time_and_value_scaling_t0,wide,DEoptim,12421,4.2439915824e-313
91,DFT_CRT,time_and_value_scaling_t0,wide,DEoptim,12422,2.121995791e-314
91,DFT_CRT,time_and_value_scaling_t0,wide,DEoptim,12423,6.983514149291281e-251
91,DFT_CRT,time_and_value_scaling_t0,wide,DEoptim,12424,7.292811685018114e-304
91,DFT_CRT,time_and_value_scaling_t0,wide,DEoptim,12425,3.1315518862806185e-294
91,DFT_CRT,time_and_value_scaling_t0,wide,DEoptim,12426,6.95420460615203e-310
91,DFT_CRT,time_and_value_scaling_t0,wide,DEoptim,12427,2.121995791e-314
91,DFT_CRT,time_and_value_scaling_t0,wide,DEoptim,12428,2.0522703578448527e-289
91,DFT_CRT,time_and_value_scaling_t0,wide,DEoptim,12429,5.430319853827e-312
91,DFT_CRT,time_and_value_scaling_t0,wide,DEoptim,12430,5.56270586622599e-309
91,DFT_CRT,time_and_value_scaling_t0,wide,DEoptim,12431,6059732824249193e218
91,DFT_CRT,time_and_value_scaling_t0,wide,DEoptim,12432,1064002501037983e233
91,DFT_CRT,time_and_value_scaling_t0,wide,DEoptim,12433,2.554799404253e-312
91,DFT_CRT,time_and_value_scaling_t0,wide,DEoptim,12434,7.292811685018113e-304
91,DFT_CRT,time_and_value_scaling_t0,wide,DEoptim,12435,-4271978145913866e81
91,DFT_CRT,time_and_value_scaling_t0,wide,DEoptim,12436,7.292811685018114e-304
91,DFT_CRT,time_and_value_scaling_t0,wide,DEoptim,12437,3.39519327053e-313
91,DFT_CRT,time_and_value_scaling_t0,wide,DEoptim,12438,5.56270586622599e-309
91,DFT_CRT,time_and_value_scaling_t0,wide,DEoptim,12439,9301928971863748e227
91,DFT_CRT,time_and_value_scaling_t0,wide,DEoptim,12440,2.920409443028131e-308
91,DFT_CRT,time_and_value_scaling_t0,wide,DEoptim,12441,5.562684650477285e-309
91,DFT_CRT,time_and_value_scaling_t0,wide,DEoptim,12442,2.7813423234577926e-308
91,DFT_CRT,time_and_value_scaling_t0,wide,DEoptim,12443,1.390671161567e-309
91,DFT_CRT,time_and_value_scaling_t0,wide,DEoptim,12444,1.390671162538373e-309
91,DFT_CRT,time_and_value_scaling_t0,wide,DEoptim,12445,4.329103712642235e-304
91,DFT_CRT,time_and_value_scaling_t0,wide,DEoptim,12446,1.8078725133075153e-308
91,DFT_CRT,time_and_value_scaling_t0,wide,DEoptim,12447,-5.56268465048108e-309
91,DFT_CRT,time_and_value_scaling_t0,wide,DEoptim,12448,1.390671161567e-309
91,DFT_CRT,time_and_value_scaling_t0,wide,DEoptim,12449,1.39067116189079e-309
91,DFT_CRT,time_and_value_scaling_t0,wide,DEoptim,12450,7.269761310621657e-304
91,DFT_CRT,time_and_value_scaling_t0,wide,DEoptim,12451,1.390671166747655e-309
91,DFT_CRT,time_and_value_scaling_t0,wide,DEoptim,12452,6483618077225699e163
91,DFT_CRT,time_and_value_scaling_t0,wide,DEoptim,12453,48233772253083966e212
91,DFT_CRT,time_and_value_scaling_t0,wide,DEoptim,12454,2.171321743798039e-306
91,DFT_CRT,time_and_value_scaling_t0,wide,DEoptim,12455,1.39067124380988e-309
91,DFT_CRT,time_and_value_scaling_t0,wide,DEoptim,12456,1.390671244403075e-309
91,DFT_CRT,time_and_value_scaling_t0,wide,DEoptim,12457,4.329103712683059e-304
91,DFT_CRT,time_and_value_scaling_t0,wide,DEoptim,12458,1.39067119394735e-309
91,DFT_CRT,time_and_value_scaling_t0,wide,DEoptim,12459,4.3291037126836806e-304
91,DFT_CRT,time_and_value_scaling_t0,wide,DEoptim,12460,4.3291037045229075e-304
91,DFT_CRT,time_and_value_scaling_t0,wide,DEoptim,12461,4.329103704575957e-304
91,DFT_CRT,time_and_value_scaling_t0,wide,DEoptim,12462,2.9204094426906323e-308
91,DFT_CRT,time_and_value_scaling_t0,wide,DEoptim,12463,5.562684650477285e-309
91,DFT_CRT,time_and_value_scaling_t0,wide,DEoptim,12464,2.7813423234577926e-308
91,DFT_CRT,time_and_value_scaling_t0,wide,DEoptim,12465,1.390671161567e-309
91,DFT_CRT,time_and_value_scaling_t0,wide,DEoptim,12466,1.390671162538373e-309
91,DFT_CRT,time_and_value_scaling_t0,wide,DEoptim,12467,4.329103712642235e-304
91,DFT_CRT,time_and_value_scaling_t0,wide,DEoptim,12468,1.8078725134370317e-308
91,DFT_CRT,time_and_value_scaling_t0,wide,DEoptim,12469,-5.56268465048108e-309
91,DFT_CRT,time_and_value_scaling_t0,wide,DEoptim,12470,1.390671161567e-309
91,DFT_CRT,time_and_value_scaling_t0,wide,DEoptim,12471,1.39067116189079e-309
91,DFT_CRT,time_and_value_scaling_t0,wide,DEoptim,12472,7.269761310621657e-304
91,DFT_CRT,time_and_value_scaling_t0,wide,DEoptim,12473,1.390671166747655e-309
91,DFT_CRT,time_and_value_scaling_t0,wide,DEoptim,12474,6483618077225699e163
91,DFT_CRT,time_and_value_scaling_t0,wide,DEoptim,12475,48233772253083966e212
91,DFT_CRT,time_and_value_scaling_t0,wide,DEoptim,12476,2.171321743798039e-306
91,DFT_CRT,time_and_value_scaling_t0,wide,DEoptim,12477,4.329103712586284e-304
91,DFT_CRT,time_and_value_scaling_t0,wide,DEoptim,12478,4.329103704629007e-304
91,DFT_CRT,time_and_value_scaling_t0,wide,DEoptim,12479,4.329103704788157e-304
91,DFT_CRT,time_and_value_scaling_t0,wide,DEoptim,12480,2.225073862004269e-308
91,DFT_CRT,time_and_value_scaling_t0,wide,DEoptim,12481,1.390671166747655e-309
91,DFT_CRT,time_and_value_scaling_t0,wide,DEoptim,12482,49763248583685956e191
91,DFT_CRT,time_and_value_scaling_t0,wide,DEoptim,12483,2584150907090476e146
91,DFT_CRT,time_and_value_scaling_t0,wide,DEoptim,12484,6.32596903833127e-310
91,DFT_CRT,time_and_value_scaling_t0,wide,DEoptim,12485,1.379806543124848e-309
91,DFT_CRT,time_and_value_scaling_t0,wide,DEoptim,12486,1.389758703376886e-309
91,DFT_CRT,time_and_value_scaling_t0,wide,DEoptim,12487,1.37980654311979e-309
91,DFT_CRT,time_and_value_scaling_t0,wide,DEoptim,12488,1.389779923334795e-309
91,DFT_CRT,time_and_value_scaling_t0,wide,DEoptim,12489,1.37980654311979e-309
91,DFT_CRT,time_and_value_scaling_t0,wide,DEoptim,12490,8.691694759794e-311
91,DFT_CRT,time_and_value_scaling_t0,wide,DEoptim,12491,4.8891114586947e-311
91,DFT_CRT,time_and_value_scaling_t0,wide,DEoptim,12492,19533617296814195e217
91,DFT_CRT,time_and_value_scaling_t0,wide,DEoptim,12493,8887894736217651e232
91,DFT_CRT,time_and_value_scaling_t0,wide,DEoptim,12494,4.243991639e-314
91,DFT_CRT,time_and_value_scaling_t0,wide,DEoptim,12495,1.255e-321
91,DFT_CRT,time_and_value_scaling_t0,wide,DEoptim,12496,2.121995796e-314
91,DFT_CRT,time_and_value_scaling_t0,wide,DEoptim,12497,0
91,DFT_CRT,time_and_value_scaling_t0,wide,DEoptim,12498,7.292811685018113e-304
91,DFT_CRT,time_and_value_scaling_t0,wide,DEoptim,12499,3.39519327093e-313
91,DFT_CRT,time_and_value_scaling_t0,wide,DEoptim,12500,5.56270586622599e-309
91,DFT_CRT,time_and_value_scaling_t0,wide,DEoptim,12501,7276114597838991e184
91,DFT_CRT,time_and_value_scaling_t0,wide,DEoptim,12502,1.3074823946309506e-306
91,DFT_CRT,time_and_value_scaling_t0,wide,DEoptim,12503,6.835426893652422e-304
91,DFT_CRT,time_and_value_scaling_t0,wide,DEoptim,12504,7.252850749190074e-304
91,DFT_CRT,time_and_value_scaling_t0,wide,DEoptim,12505,6.8354268934402224e-304
91,DFT_CRT,time_and_value_scaling_t0,wide,DEoptim,12506,7.2537407787334765e-304
91,DFT_CRT,time_and_value_scaling_t0,wide,DEoptim,12507,6.8354268934402224e-304
91,DFT_CRT,time_and_value_scaling_t0,wide,DEoptim,12508,2.2250738585072014e-308
91,DFT_CRT,time_and_value_scaling_t0,wide,DEoptim,12509,1.2516125334258437e-308
91,DFT_CRT,time_and_value_scaling_t0,wide,DEoptim,12510,6681592893620618e136
91,DFT_CRT,time_and_value_scaling_t0,wide,DEoptim,12511,2.321052822227e-312
91,DFT_CRT,time_and_value_scaling_t0,wide,DEoptim,12512,5.38986930906e-312
91,DFT_CRT,time_and_value_scaling_t0,wide,DEoptim,12513,2.12199579097e-313
91,DFT_CRT,time_and_value_scaling_t0,wide,DEoptim,12514,5e-324
91,DFT_CRT,time_and_value_scaling_t0,wide,DEoptim,12515,5.38986930905e-312
91,DFT_CRT,time_and_value_scaling_t0,wide,DEoptim,12516,5.42891071599e-312
91,DFT_CRT,time_and_value_scaling_t0,wide,DEoptim,12517,2.249398430084e-312
91,DFT_CRT,time_and_value_scaling_t0,wide,DEoptim,12518,2.355498219633e-312
91,DFT_CRT,time_and_value_scaling_t0,wide,DEoptim,12519,2.334278261723e-312
91,DFT_CRT,time_and_value_scaling_t0,wide,DEoptim,12520,2.37671817754e-312
91,DFT_CRT,time_and_value_scaling_t0,wide,DEoptim,12521,3.39519326633e-313
91,DFT_CRT,time_and_value_scaling_t0,wide,DEoptim,12522,1.90980916355e-313
91,DFT_CRT,time_and_value_scaling_t0,wide,DEoptim,12523,2.3183229678306826e-152
91,DFT_CRT,time_and_value_scaling_t0,wide,DEoptim,12524,7229298278392114e144
91,DFT_CRT,time_and_value_scaling_t0,wide,DEoptim,12525,1335154283545661e164
91,DFT_CRT,time_and_value_scaling_t0,wide,DEoptim,12526,7266132560167312e208
91,DFT_CRT,time_and_value_scaling_t0,wide,DEoptim,12527,6109420665265477e208
91,DFT_CRT,time_and_value_scaling_t0,wide,DEoptim,12528,6196373923750188e208
91,DFT_CRT,time_and_value_scaling_t0,wide,DEoptim,12529,8.6916947638985e-311
91,DFT_CRT,time_and_value_scaling_t0,wide,DEoptim,12530,2.052769442741057e-289
91,DFT_CRT,time_and_value_scaling_t0,wide,DEoptim,12531,7260845875402384e213
91,DFT_CRT,time_and_value_scaling_t0,wide,DEoptim,12532,4737529465351684e149
91,DFT_CRT,time_and_value_scaling_t0,wide,DEoptim,12533,25015040885242617e227
91,DFT_CRT,time_and_value_scaling_t0,wide,DEoptim,12534,502070158104058e262
91,DFT_CRT,time_and_value_scaling_t0,wide,DEoptim,12535,2.1952657800778177e-152
91,DFT_CRT,time_and_value_scaling_t0,wide,DEoptim,12536,6.27036613682403e-310
91,DFT_CRT,time_and_value_scaling_t0,wide,DEoptim,12537,1.38984358320979e-309
91,DFT_CRT,time_and_value_scaling_t0,wide,DEoptim,12538,6.1387216267569e-310
91,DFT_CRT,time_and_value_scaling_t0,wide,DEoptim,12539,7.0620019949885e-311
91,DFT_CRT,time_and_value_scaling_t0,wide,DEoptim,12540,5.432309225377e-311
91,DFT_CRT,time_and_value_scaling_t0,wide,DEoptim,12541,2.5296e-320
91,DFT_CRT,time_and_value_scaling_t0,wide,DEoptim,12542,1.629692767588e-311
91,DFT_CRT,time_and_value_scaling_t0,wide,DEoptim,12543,1.38549349183831e-309
91,DFT_CRT,time_and_value_scaling_t0,wide,DEoptim,12544,6.1387216267569e-310
91,DFT_CRT,time_and_value_scaling_t0,wide,DEoptim,12545,7.0683679813496e-311
91,DFT_CRT,time_and_value_scaling_t0,wide,DEoptim,12546,4.145029e-317
91,DFT_CRT,time_and_value_scaling_t0,wide,DEoptim,12547,5.432309226136e-312
91,DFT_CRT,time_and_value_scaling_t0,wide,DEoptim,12548,1.0949498282646e-311
91,DFT_CRT,time_and_value_scaling_t0,wide,DEoptim,12549,8.691694792161e-311
91,DFT_CRT,time_and_value_scaling_t0,wide,DEoptim,12550,4.8891114586947e-311
91,DFT_CRT,time_and_value_scaling_t0,wide,DEoptim,12551,7497795326462078e232
91,DFT_CRT,time_and_value_scaling_t0,wide,DEoptim,12552,59927003901658496e159
91,DFT_CRT,time_and_value_scaling_t0,wide,DEoptim,12553,1.379806543269535e-309
91,DFT_CRT,time_and_value_scaling_t0,wide,DEoptim,12554,7.0620019949885e-311
91,DFT_CRT,time_and_value_scaling_t0,wide,DEoptim,12555,5.432309225377e-311
91,DFT_CRT,time_and_value_scaling_t0,wide,DEoptim,12556,2.5296e-320
91,DFT_CRT,time_and_value_scaling_t0,wide,DEoptim,12557,1.629692767588e-311
91,DFT_CRT,time_and_value_scaling_t0,wide,DEoptim,12558,1.38553593175413e-309
91,DFT_CRT,time_and_value_scaling_t0,wide,DEoptim,12559,6.1387216267569e-310
91,DFT_CRT,time_and_value_scaling_t0,wide,DEoptim,12560,7.0683679813496e-311
91,DFT_CRT,time_and_value_scaling_t0,wide,DEoptim,12561,4.145029e-317
91,DFT_CRT,time_and_value_scaling_t0,wide,DEoptim,12562,5.432309226136e-312
91,DFT_CRT,time_and_value_scaling_t0,wide,DEoptim,12563,1.0949498282646e-311
91,DFT_CRT,time_and_value_scaling_t0,wide,DEoptim,12564,8.691694792161e-311
91,DFT_CRT,time_and_value_scaling_t0,wide,DEoptim,12565,4.8891114586947e-311
91,DFT_CRT,time_and_value_scaling_t0,wide,DEoptim,12566,7497795326462078e232
91,DFT_CRT,time_and_value_scaling_t0,wide,DEoptim,12567,59927003901658496e159
91,DFT_CRT,time_and_value_scaling_t0,wide,DEoptim,12568,1.379806543269535e-309
91,DFT_CRT,time_and_value_scaling_t0,wide,DEoptim,12569,1.3898648031677e-309
91,DFT_CRT,time_and_value_scaling_t0,wide,DEoptim,12570,6.19304471900563e-310
91,DFT_CRT,time_and_value_scaling_t0,wide,DEoptim,12571,7.0620019949885e-311
91,DFT_CRT,time_and_value_scaling_t0,wide,DEoptim,12572,5.432309225377e-311
91,DFT_CRT,time_and_value_scaling_t0,wide,DEoptim,12573,2.5296e-320
91,DFT_CRT,time_and_value_scaling_t0,wide,DEoptim,12574,1.629692767588e-311
91,DFT_CRT,time_and_value_scaling_t0,wide,DEoptim,12575,1.38553593175413e-309
91,DFT_CRT,time_and_value_scaling_t0,wide,DEoptim,12576,6.19304471900563e-310
91,DFT_CRT,time_and_value_scaling_t0,wide,DEoptim,12577,7.0683679813496e-311
91,DFT_CRT,time_and_value_scaling_t0,wide,DEoptim,12578,4.145029e-317
91,DFT_CRT,time_and_value_scaling_t0,wide,DEoptim,12579,5.432309226136e-312
91,DFT_CRT,time_and_value_scaling_t0,wide,DEoptim,12580,1.0949498282646e-311
91,DFT_CRT,time_and_value_scaling_t0,wide,DEoptim,12581,8.691694792161e-311
91,DFT_CRT,time_and_value_scaling_t0,wide,DEoptim,12582,4.8891114586947e-311
91,DFT_CRT,time_and_value_scaling_t0,wide,DEoptim,12583,7497795326462078e232
91,DFT_CRT,time_and_value_scaling_t0,wide,DEoptim,12584,59927003901658496e159
91,DFT_CRT,time_and_value_scaling_t0,wide,DEoptim,12585,1.379806543269535e-309
91,DFT_CRT,time_and_value_scaling_t0,wide,DEoptim,12586,6.24736781125434e-310
91,DFT_CRT,time_and_value_scaling_t0,wide,DEoptim,12587,1.389949682999337e-309
91,DFT_CRT,time_and_value_scaling_t0,wide,DEoptim,12588,6.35601399575176e-310
91,DFT_CRT,time_and_value_scaling_t0,wide,DEoptim,12589,7.0620019949885e-311
91,DFT_CRT,time_and_value_scaling_t0,wide,DEoptim,12590,5.432309225377e-311
91,DFT_CRT,time_and_value_scaling_t0,wide,DEoptim,12591,2.5296e-320
91,DFT_CRT,time_and_value_scaling_t0,wide,DEoptim,12592,1.629692767588e-311
91,DFT_CRT,time_and_value_scaling_t0,wide,DEoptim,12593,1.38623619036515e-309
91,DFT_CRT,time_and_value_scaling_t0,wide,DEoptim,12594,6.35601399575176e-310
91,DFT_CRT,time_and_value_scaling_t0,wide,DEoptim,12595,7.0683679813496e-311
91,DFT_CRT,time_and_value_scaling_t0,wide,DEoptim,12596,4.145029e-317
91,DFT_CRT,time_and_value_scaling_t0,wide,DEoptim,12597,5.432309226136e-312
91,DFT_CRT,time_and_value_scaling_t0,wide,DEoptim,12598,1.0949498282646e-311
91,DFT_CRT,time_and_value_scaling_t0,wide,DEoptim,12599,8.691694792161e-311
91,DFT_CRT,time_and_value_scaling_t0,wide,DEoptim,12600,4.8891114586947e-311
91,DFT_CRT,time_and_value_scaling_t0,wide,DEoptim,12601,7497795326462078e232
91,DFT_CRT,time_and_value_scaling_t0,wide,DEoptim,12602,59927003901658496e159
91,DFT_CRT,time_and_value_scaling_t0,wide,DEoptim,12603,1.379806543269535e-309
91,DFT_CRT,time_and_value_scaling_t0,wide,DEoptim,12604,1.38992846304143e-309
91,DFT_CRT,time_and_value_scaling_t0,wide,DEoptim,12605,6.30169090350305e-310
91,DFT_CRT,time_and_value_scaling_t0,wide,DEoptim,12606,6.4646601802492e-310
91,DFT_CRT,time_and_value_scaling_t0,wide,DEoptim,12607,1.389970902957247e-309
91,DFT_CRT,time_and_value_scaling_t0,wide,DEoptim,12608,6.41033708800047e-310
91,DFT_CRT,time_and_value_scaling_t0,wide,DEoptim,12609,1.38988602312561e-309
91,DFT_CRT,time_and_value_scaling_t0,wide,DEoptim,12610,6.5189832724979e-310
91,DFT_CRT,time_and_value_scaling_t0,wide,DEoptim,12611,8.6916947618174e-311
91,DFT_CRT,time_and_value_scaling_t0,wide,DEoptim,12612,4.8891114586947e-311
91,DFT_CRT,time_and_value_scaling_t0,wide,DEoptim,12613,1996719672828586e194
91,DFT_CRT,time_and_value_scaling_t0,wide,DEoptim,12614,1.0427272688369132e-306
91,DFT_CRT,time_and_value_scaling_t0,wide,DEoptim,12615,1.807872510717062e-308
91,DFT_CRT,time_and_value_scaling_t0,wide,DEoptim,12616,1.390671161923171e-308
91,DFT_CRT,time_and_value_scaling_t0,wide,DEoptim,12617,1.390671169985563e-309
91,DFT_CRT,time_and_value_scaling_t0,wide,DEoptim,12618,2.78134233414289e-309
91,DFT_CRT,time_and_value_scaling_t0,wide,DEoptim,12619,4.17201349117682e-309
91,DFT_CRT,time_and_value_scaling_t0,wide,DEoptim,12620,6.397087345345224e-308
91,DFT_CRT,time_and_value_scaling_t0,wide,DEoptim,12621,1.390671161567e-309
91,DFT_CRT,time_and_value_scaling_t0,wide,DEoptim,12622,4.3291036993768605e-304
91,DFT_CRT,time_and_value_scaling_t0,wide,DEoptim,12623,1.39067120074696e-309
91,DFT_CRT,time_and_value_scaling_t0,wide,DEoptim,12624,2.225073866778793e-308
91,DFT_CRT,time_and_value_scaling_t0,wide,DEoptim,12625,1.390671166747655e-309
91,DFT_CRT,time_and_value_scaling_t0,wide,DEoptim,12626,1654695679075071e202
91,DFT_CRT,time_and_value_scaling_t0,wide,DEoptim,12627,7.767559767437532e-307
91,DFT_CRT,time_and_value_scaling_t0,wide,DEoptim,12628,7.2599709855903466e-304
91,DFT_CRT,time_and_value_scaling_t0,wide,DEoptim,12629,1.8095022032254906e-308
91,DFT_CRT,time_and_value_scaling_t0,wide,DEoptim,12630,1.0613540654e-314
91,DFT_CRT,time_and_value_scaling_t0,wide,DEoptim,12631,0
91,DFT_CRT,time_and_value_scaling_t0,wide,DEoptim,12632,0
91,DFT_CRT,time_and_value_scaling_t0,wide,DEoptim,12633,0
91,DFT_CRT,time_and_value_scaling_t0,wide,DEoptim,12634,0
91,DFT_CRT,time_and_value_scaling_t0,wide,DEoptim,12635,0
91,DFT_CRT,time_and_value_scaling_t0,wide,DEoptim,12636,7.269761310621657e-304
91,DFT_CRT,time_and_value_scaling_t0,wide,DEoptim,12637,1.390671166747655e-309
91,DFT_CRT,time_and_value_scaling_t0,wide,DEoptim,12638,6483618077225699e163
91,DFT_CRT,time_and_value_scaling_t0,wide,DEoptim,12639,48233772253083966e212
91,DFT_CRT,time_and_value_scaling_t0,wide,DEoptim,12640,2.171321743798039e-306
91,DFT_CRT,time_and_value_scaling_t0,wide,DEoptim,12641,4.329103712586284e-304
91,DFT_CRT,time_and_value_scaling_t0,wide,DEoptim,12642,4.329103705583905e-304
91,DFT_CRT,time_and_value_scaling_t0,wide,DEoptim,12643,8.344027009229546e-309
91,DFT_CRT,time_and_value_scaling_t0,wide,DEoptim,12644,8.224288e-317
91,DFT_CRT,time_and_value_scaling_t0,wide,DEoptim,12645,2.781342405732297e-309
91,DFT_CRT,time_and_value_scaling_t0,wide,DEoptim,12646,8.224288e-317
91,DFT_CRT,time_and_value_scaling_t0,wide,DEoptim,12647,2.78134240573356e-309
91,DFT_CRT,time_and_value_scaling_t0,wide,DEoptim,12648,8.224288e-317
91,DFT_CRT,time_and_value_scaling_t0,wide,DEoptim,12649,2.781342405824623e-309
91,DFT_CRT,time_and_value_scaling_t0,wide,DEoptim,12650,8.2600824e-317
91,DFT_CRT,time_and_value_scaling_t0,wide,DEoptim,12651,8.27058e-317
91,DFT_CRT,time_and_value_scaling_t0,wide,DEoptim,12652,8.344027051644884e-309
91,DFT_CRT,time_and_value_scaling_t0,wide,DEoptim,12653,8.224288e-317
91,DFT_CRT,time_and_value_scaling_t0,wide,DEoptim,12654,2.781342405732297e-309
91,DFT_CRT,time_and_value_scaling_t0,wide,DEoptim,12655,8.224288e-317
91,DFT_CRT,time_and_value_scaling_t0,wide,DEoptim,12656,2.781342405980194e-309
91,DFT_CRT,time_and_value_scaling_t0,wide,DEoptim,12657,8.224288e-317
91,DFT_CRT,time_and_value_scaling_t0,wide,DEoptim,12658,2.781342405824623e-309
91,DFT_CRT,time_and_value_scaling_t0,wide,DEoptim,12659,8.2600824e-317
91,DFT_CRT,time_and_value_scaling_t0,wide,DEoptim,12660,8.27058e-317
91,DFT_CRT,time_and_value_scaling_t0,wide,DEoptim,12661,1.39067124380988e-309
91,DFT_CRT,time_and_value_scaling_t0,wide,DEoptim,12662,4.32910371268596e-304
91,DFT_CRT,time_and_value_scaling_t0,wide,DEoptim,12663,2.920409443305835e-308
91,DFT_CRT,time_and_value_scaling_t0,wide,DEoptim,12664,1.112536929674529e-308
91,DFT_CRT,time_and_value_scaling_t0,wide,DEoptim,12665,3.198543671927893e-308
91,DFT_CRT,time_and_value_scaling_t0,wide,DEoptim,12666,4.0329463685766816e-308
91,DFT_CRT,time_and_value_scaling_t0,wide,DEoptim,12667,6.11895311102432e-308
91,DFT_CRT,time_and_value_scaling_t0,wide,DEoptim,12668,1.390671161567e-309
91,DFT_CRT,time_and_value_scaling_t0,wide,DEoptim,12669,4.3291036993238106e-304
91,DFT_CRT,time_and_value_scaling_t0,wide,DEoptim,12670,1.390671202042123e-309
91,DFT_CRT,time_and_value_scaling_t0,wide,DEoptim,12671,2.9204094475620406e-308
91,DFT_CRT,time_and_value_scaling_t0,wide,DEoptim,12672,1.112536929674529e-308
91,DFT_CRT,time_and_value_scaling_t0,wide,DEoptim,12673,3.198543671927893e-308
91,DFT_CRT,time_and_value_scaling_t0,wide,DEoptim,12674,5.006416181705961e-308
91,DFT_CRT,time_and_value_scaling_t0,wide,DEoptim,12675,6.11895311102432e-308
91,DFT_CRT,time_and_value_scaling_t0,wide,DEoptim,12676,1.390671161567e-309
91,DFT_CRT,time_and_value_scaling_t0,wide,DEoptim,12677,4.3291036993238106e-304
91,DFT_CRT,time_and_value_scaling_t0,wide,DEoptim,12678,1.390671202365914e-309
91,DFT_CRT,time_and_value_scaling_t0,wide,DEoptim,12679,2.225073866792453e-308
91,DFT_CRT,time_and_value_scaling_t0,wide,DEoptim,12680,1.390671166747655e-309
91,DFT_CRT,time_and_value_scaling_t0,wide,DEoptim,12681,26672057735012606e225
91,DFT_CRT,time_and_value_scaling_t0,wide,DEoptim,12682,13553893998989453e208
91,DFT_CRT,time_and_value_scaling_t0,wide,DEoptim,12683,1.816713993463277e-306
91,DFT_CRT,time_and_value_scaling_t0,wide,DEoptim,12684,1.8095022032254906e-308
91,DFT_CRT,time_and_value_scaling_t0,wide,DEoptim,12685,1.061256928e-314
91,DFT_CRT,time_and_value_scaling_t0,wide,DEoptim,12686,0
91,DFT_CRT,time_and_value_scaling_t0,wide,DEoptim,12687,0
91,DFT_CRT,time_and_value_scaling_t0,wide,DEoptim,12688,0
91,DFT_CRT,time_and_value_scaling_t0,wide,DEoptim,12689,2.803071560033486e-309
91,DFT_CRT,time_and_value_scaling_t0,wide,DEoptim,12690,2.225073866793212e-308
91,DFT_CRT,time_and_value_scaling_t0,wide,DEoptim,12691,1.2516125334258437e-308
91,DFT_CRT,time_and_value_scaling_t0,wide,DEoptim,12692,4782144767937829e165
91,DFT_CRT,time_and_value_scaling_t0,wide,DEoptim,12693,18399669185336583e207
91,DFT_CRT,time_and_value_scaling_t0,wide,DEoptim,12694,6.835426899721121e-304
91,DFT_CRT,time_and_value_scaling_t0,wide,DEoptim,12695,1.8095022032254906e-308
91,DFT_CRT,time_and_value_scaling_t0,wide,DEoptim,12696,1.061256928e-314
91,DFT_CRT,time_and_value_scaling_t0,wide,DEoptim,12697,0
91,DFT_CRT,time_and_value_scaling_t0,wide,DEoptim,12698,0
91,DFT_CRT,time_and_value_scaling_t0,wide,DEoptim,12699,0
91,DFT_CRT,time_and_value_scaling_t0,wide,DEoptim,12700,2.803071560033486e-309
91,DFT_CRT,time_and_value_scaling_t0,wide,DEoptim,12701,2.225073866793212e-308
91,DFT_CRT,time_and_value_scaling_t0,wide,DEoptim,12702,1.2516125334258437e-308
91,DFT_CRT,time_and_value_scaling_t0,wide,DEoptim,12703,4782144767937829e165
91,DFT_CRT,time_and_value_scaling_t0,wide,DEoptim,12704,18399669185336583e207
91,DFT_CRT,time_and_value_scaling_t0,wide,DEoptim,12705,6.835426899721121e-304
91,DFT_CRT,time_and_value_scaling_t0,wide,DEoptim,12706,1.807872510717062e-308
91,DFT_CRT,time_and_value_scaling_t0,wide,DEoptim,12707,1.390671161696517e-308
91,DFT_CRT,time_and_value_scaling_t0,wide,DEoptim,12708,1.390671174842426e-309
91,DFT_CRT,time_and_value_scaling_t0,wide,DEoptim,12709,4.172013485024793e-309
91,DFT_CRT,time_and_value_scaling_t0,wide,DEoptim,12710,2.759439257374917e-306
91,DFT_CRT,time_and_value_scaling_t0,wide,DEoptim,12711,2.6422752075925043e-308
91,DFT_CRT,time_and_value_scaling_t0,wide,DEoptim,12712,2.80307156100486e-309
91,DFT_CRT,time_and_value_scaling_t0,wide,DEoptim,12713,6.151884217575474e-304
91,DFT_CRT,time_and_value_scaling_t0,wide,DEoptim,12714,2.9204094475149897e-308
91,DFT_CRT,time_and_value_scaling_t0,wide,DEoptim,12715,1.8078725101666175e-308
91,DFT_CRT,time_and_value_scaling_t0,wide,DEoptim,12716,1.39067116195555e-308
91,DFT_CRT,time_and_value_scaling_t0,wide,DEoptim,12717,1.39067116901419e-309
91,DFT_CRT,time_and_value_scaling_t0,wide,DEoptim,12718,4.17201349409094e-309
91,DFT_CRT,time_and_value_scaling_t0,wide,DEoptim,12719,5.56268465565794e-309
91,DFT_CRT,time_and_value_scaling_t0,wide,DEoptim,12720,6.95335581787252e-309
91,DFT_CRT,time_and_value_scaling_t0,wide,DEoptim,12721,2.781342335438054e-309
91,DFT_CRT,time_and_value_scaling_t0,wide,DEoptim,12722,9.734698131292797e-309
91,DFT_CRT,time_and_value_scaling_t0,wide,DEoptim,12723,6.835426893652422e-304
91,DFT_CRT,time_and_value_scaling_t0,wide,DEoptim,12724,7.081075047313318e-304
91,DFT_CRT,time_and_value_scaling_t0,wide,DEoptim,12725,6.8354268934402224e-304
91,DFT_CRT,time_and_value_scaling_t0,wide,DEoptim,12726,7.900497e-317
91,DFT_CRT,time_and_value_scaling_t0,wide,DEoptim,12727,6.835426893652422e-304
91,DFT_CRT,time_and_value_scaling_t0,wide,DEoptim,12728,7.266201192341117e-304
91,DFT_CRT,time_and_value_scaling_t0,wide,DEoptim,12729,6.8354268934402224e-304
91,DFT_CRT,time_and_value_scaling_t0,wide,DEoptim,12730,1.39067124057197e-309
91,DFT_CRT,time_and_value_scaling_t0,wide,DEoptim,12731,6.835426893652422e-304
91,DFT_CRT,time_and_value_scaling_t0,wide,DEoptim,12732,7.265311162797714e-304
91,DFT_CRT,time_and_value_scaling_t0,wide,DEoptim,12733,7.065054515638166e-304
91,DFT_CRT,time_and_value_scaling_t0,wide,DEoptim,12734,7.1264665540268646e-304
91,DFT_CRT,time_and_value_scaling_t0,wide,DEoptim,12735,6.835426893334123e-304
91,DFT_CRT,time_and_value_scaling_t0,wide,DEoptim,12736,7.1104460223517125e-304
91,DFT_CRT,time_and_value_scaling_t0,wide,DEoptim,12737,2.78134240213897e-309
91,DFT_CRT,time_and_value_scaling_t0,wide,DEoptim,12738,6.835426893652422e-304
91,DFT_CRT,time_and_value_scaling_t0,wide,DEoptim,12739,7.118456288136239e-304
91,DFT_CRT,time_and_value_scaling_t0,wide,DEoptim,12740,6.8354268934402224e-304
91,DFT_CRT,time_and_value_scaling_t0,wide,DEoptim,12741,7.2670912219906195e-304
91,DFT_CRT,time_and_value_scaling_t0,wide,DEoptim,12742,6.15188420400071e-304
91,DFT_CRT,time_and_value_scaling_t0,wide,DEoptim,12743,6.835426893334123e-304
91,DFT_CRT,time_and_value_scaling_t0,wide,DEoptim,12744,6.8354268934402224e-304
91,DFT_CRT,time_and_value_scaling_t0,wide,DEoptim,12745,6.835426893334123e-304
91,DFT_CRT,time_and_value_scaling_t0,wide,DEoptim,12746,6.8354268934402224e-304
91,DFT_CRT,time_and_value_scaling_t0,wide,DEoptim,12747,6.835426893334123e-304
91,DFT_CRT,time_and_value_scaling_t0,wide,DEoptim,12748,6.835426893334123e-304
91,DFT_CRT,time_and_value_scaling_t0,wide,DEoptim,12749,6.835426893334123e-304
91,DFT_CRT,time_and_value_scaling_t0,wide,DEoptim,12750,6.835426893334123e-304
91,DFT_CRT,time_and_value_scaling_t0,wide,DEoptim,12751,7.266201192394167e-304
91,DFT_CRT,time_and_value_scaling_t0,wide,DEoptim,12752,7.868118e-317
91,DFT_CRT,time_and_value_scaling_t0,wide,DEoptim,12753,1.807872510717062e-308
91,DFT_CRT,time_and_value_scaling_t0,wide,DEoptim,12754,1.3906711618907917e-308
91,DFT_CRT,time_and_value_scaling_t0,wide,DEoptim,12755,1.39067116901419e-309
91,DFT_CRT,time_and_value_scaling_t0,wide,DEoptim,12756,2.781342332523937e-309
91,DFT_CRT,time_and_value_scaling_t0,wide,DEoptim,12757,4.17201349473852e-309
91,DFT_CRT,time_and_value_scaling_t0,wide,DEoptim,12758,1.2304053e-317
91,DFT_CRT,time_and_value_scaling_t0,wide,DEoptim,12759,6.953355808158795e-309
91,DFT_CRT,time_and_value_scaling_t0,wide,DEoptim,12760,1.39067124024818e-309
91,DFT_CRT,time_and_value_scaling_t0,wide,DEoptim,12761,7.265311162850764e-304
91,DFT_CRT,time_and_value_scaling_t0,wide,DEoptim,12762,1.807872510717062e-308
91,DFT_CRT,time_and_value_scaling_t0,wide,DEoptim,12763,1.390671161696517e-308
91,DFT_CRT,time_and_value_scaling_t0,wide,DEoptim,12764,6.475817e-318
91,DFT_CRT,time_and_value_scaling_t0,wide,DEoptim,12765,4.172013485024793e-309
91,DFT_CRT,time_and_value_scaling_t0,wide,DEoptim,12766,7.1264665540799145e-304
91,DFT_CRT,time_and_value_scaling_t0,wide,DEoptim,12767,1.39067124024818e-309
91,DFT_CRT,time_and_value_scaling_t0,wide,DEoptim,12768,1.8095022032254906e-308
91,DFT_CRT,time_and_value_scaling_t0,wide,DEoptim,12769,1.061127412e-314
91,DFT_CRT,time_and_value_scaling_t0,wide,DEoptim,12770,1.39067116189079e-309
91,DFT_CRT,time_and_value_scaling_t0,wide,DEoptim,12771,2.803071560357277e-309
91,DFT_CRT,time_and_value_scaling_t0,wide,DEoptim,12772,2.225073866793212e-308
91,DFT_CRT,time_and_value_scaling_t0,wide,DEoptim,12773,1.2516125334258437e-308
91,DFT_CRT,time_and_value_scaling_t0,wide,DEoptim,12774,4782144767937829e165
91,DFT_CRT,time_and_value_scaling_t0,wide,DEoptim,12775,18399669185336583e207
91,DFT_CRT,time_and_value_scaling_t0,wide,DEoptim,12776,6.835426899721121e-304
91,DFT_CRT,time_and_value_scaling_t0,wide,DEoptim,12777,7.065054515585116e-304
91,DFT_CRT,time_and_value_scaling_t0,wide,DEoptim,12778,1.8095022032254906e-308
91,DFT_CRT,time_and_value_scaling_t0,wide,DEoptim,12779,1.0613216863e-314
91,DFT_CRT,time_and_value_scaling_t0,wide,DEoptim,12780,0
91,DFT_CRT,time_and_value_scaling_t0,wide,DEoptim,12781,0
91,DFT_CRT,time_and_value_scaling_t0,wide,DEoptim,12782,0
91,DFT_CRT,time_and_value_scaling_t0,wide,DEoptim,12783,0
91,DFT_CRT,time_and_value_scaling_t0,wide,DEoptim,12784,2.803071560033486e-309
91,DFT_CRT,time_and_value_scaling_t0,wide,DEoptim,12785,2.225073866793212e-308
91,DFT_CRT,time_and_value_scaling_t0,wide,DEoptim,12786,1.2516125334258437e-308
91,DFT_CRT,time_and_value_scaling_t0,wide,DEoptim,12787,4782144767937829e165
91,DFT_CRT,time_and_value_scaling_t0,wide,DEoptim,12788,18399669185336583e207
91,DFT_CRT,time_and_value_scaling_t0,wide,DEoptim,12789,6.835426899721121e-304
91,DFT_CRT,time_and_value_scaling_t0,wide,DEoptim,12790,1.807872510717062e-308
91,DFT_CRT,time_and_value_scaling_t0,wide,DEoptim,12791,1.390671161696517e-308
91,DFT_CRT,time_and_value_scaling_t0,wide,DEoptim,12792,1.390671174842426e-309
91,DFT_CRT,time_and_value_scaling_t0,wide,DEoptim,12793,4.172013485024793e-309
91,DFT_CRT,time_and_value_scaling_t0,wide,DEoptim,12794,2.78134240181518e-309
91,DFT_CRT,time_and_value_scaling_t0,wide,DEoptim,12795,2.6422752075925043e-308
91,DFT_CRT,time_and_value_scaling_t0,wide,DEoptim,12796,2.80307156100486e-309
91,DFT_CRT,time_and_value_scaling_t0,wide,DEoptim,12797,6.151884217575888e-304
91,DFT_CRT,time_and_value_scaling_t0,wide,DEoptim,12798,2.9204094475149897e-308
91,DFT_CRT,time_and_value_scaling_t0,wide,DEoptim,12799,1.80787251006948e-308
91,DFT_CRT,time_and_value_scaling_t0,wide,DEoptim,12800,1.390671161664138e-308
91,DFT_CRT,time_and_value_scaling_t0,wide,DEoptim,12801,1.390671167071446e-309
91,DFT_CRT,time_and_value_scaling_t0,wide,DEoptim,12802,9.71373e-319
91,DFT_CRT,time_and_value_scaling_t0,wide,DEoptim,12803,8.344027051644884e-309
91,DFT_CRT,time_and_value_scaling_t0,wide,DEoptim,12804,8.224288e-317
91,DFT_CRT,time_and_value_scaling_t0,wide,DEoptim,12805,2.78134240577909e-309
91,DFT_CRT,time_and_value_scaling_t0,wide,DEoptim,12806,2.78134240537688e-309
91,DFT_CRT,time_and_value_scaling_t0,wide,DEoptim,12807,8.285631e-317
91,DFT_CRT,time_and_value_scaling_t0,wide,DEoptim,12808,8.1271506e-317
91,DFT_CRT,time_and_value_scaling_t0,wide,DEoptim,12809,2.78134240537688e-309
91,DFT_CRT,time_and_value_scaling_t0,wide,DEoptim,12810,8.224288e-317
91,DFT_CRT,time_and_value_scaling_t0,wide,DEoptim,12811,2.78134240537688e-309
91,DFT_CRT,time_and_value_scaling_t0,wide,DEoptim,12812,8.224288e-317
91,DFT_CRT,time_and_value_scaling_t0,wide,DEoptim,12813,8.224288e-317
91,DFT_CRT,time_and_value_scaling_t0,wide,DEoptim,12814,1.807872518261389e-308
91,DFT_CRT,time_and_value_scaling_t0,wide,DEoptim,12815,-4.17201348891408e-309
91,DFT_CRT,time_and_value_scaling_t0,wide,DEoptim,12816,1.390671161567e-309
91,DFT_CRT,time_and_value_scaling_t0,wide,DEoptim,12817,2.803071560357277e-309
91,DFT_CRT,time_and_value_scaling_t0,wide,DEoptim,12818,2.225073866793212e-308
91,DFT_CRT,time_and_value_scaling_t0,wide,DEoptim,12819,1.2516125334258437e-308
91,DFT_CRT,time_and_value_scaling_t0,wide,DEoptim,12820,4782144767937829e165
91,DFT_CRT,time_and_value_scaling_t0,wide,DEoptim,12821,18399669185336583e207
91,DFT_CRT,time_and_value_scaling_t0,wide,DEoptim,12822,6.835426899721121e-304
91,DFT_CRT,time_and_value_scaling_t0,wide,DEoptim,12823,1.807872518261389e-308
91,DFT_CRT,time_and_value_scaling_t0,wide,DEoptim,12824,-5.56268465048108e-309
91,DFT_CRT,time_and_value_scaling_t0,wide,DEoptim,12825,0
91,DFT_CRT,time_and_value_scaling_t0,wide,DEoptim,12826,0
91,DFT_CRT,time_and_value_scaling_t0,wide,DEoptim,12827,7.269761310621657e-304
91,DFT_CRT,time_and_value_scaling_t0,wide,DEoptim,12828,1.390671166747655e-309
91,DFT_CRT,time_and_value_scaling_t0,wide,DEoptim,12829,6483618077225699e163
91,DFT_CRT,time_and_value_scaling_t0,wide,DEoptim,12830,48233772253083966e212
91,DFT_CRT,time_and_value_scaling_t0,wide,DEoptim,12831,2.171321743798039e-306
91,DFT_CRT,time_and_value_scaling_t0,wide,DEoptim,12832,1.39067124380988e-309
91,DFT_CRT,time_and_value_scaling_t0,wide,DEoptim,12833,1.8078725183004716e-308
91,DFT_CRT,time_and_value_scaling_t0,wide,DEoptim,12834,-1.6688053943017086e-308
91,DFT_CRT,time_and_value_scaling_t0,wide,DEoptim,12835,2.781342323134e-309
91,DFT_CRT,time_and_value_scaling_t0,wide,DEoptim,12836,2.781342323781583e-309
91,DFT_CRT,time_and_value_scaling_t0,wide,DEoptim,12837,2.781342323781583e-309
91,DFT_CRT,time_and_value_scaling_t0,wide,DEoptim,12838,2.781342323781583e-309
91,DFT_CRT,time_and_value_scaling_t0,wide,DEoptim,12839,2.781342323781583e-309
91,DFT_CRT,time_and_value_scaling_t0,wide,DEoptim,12840,2.781342323781583e-309
91,DFT_CRT,time_and_value_scaling_t0,wide,DEoptim,12841,7.269761310621657e-304
91,DFT_CRT,time_and_value_scaling_t0,wide,DEoptim,12842,1.390671166747655e-309
91,DFT_CRT,time_and_value_scaling_t0,wide,DEoptim,12843,6483618077225699e163
91,DFT_CRT,time_and_value_scaling_t0,wide,DEoptim,12844,48233772253083966e212
91,DFT_CRT,time_and_value_scaling_t0,wide,DEoptim,12845,2.171321743798039e-306
91,DFT_CRT,time_and_value_scaling_t0,wide,DEoptim,12846,6.835426906808796e-304
91,DFT_CRT,time_and_value_scaling_t0,wide,DEoptim,12847,1.8095022032254906e-308
91,DFT_CRT,time_and_value_scaling_t0,wide,DEoptim,12848,1.061127412e-314
91,DFT_CRT,time_and_value_scaling_t0,wide,DEoptim,12849,0
91,DFT_CRT,time_and_value_scaling_t0,wide,DEoptim,12850,2.803071560033486e-309
91,DFT_CRT,time_and_value_scaling_t0,wide,DEoptim,12851,2.225073866793212e-308
91,DFT_CRT,time_and_value_scaling_t0,wide,DEoptim,12852,1.2516125334258437e-308
91,DFT_CRT,time_and_value_scaling_t0,wide,DEoptim,12853,4782144767937829e165
91,DFT_CRT,time_and_value_scaling_t0,wide,DEoptim,12854,18399669185336583e207
91,DFT_CRT,time_and_value_scaling_t0,wide,DEoptim,12855,6.835426899721121e-304
91,DFT_CRT,time_and_value_scaling_t0,wide,DEoptim,12856,2.848789884541192e-306
91,DFT_CRT,time_and_value_scaling_t0,wide,DEoptim,12857,3.0267957932217683e-306
91,DFT_CRT,time_and_value_scaling_t0,wide,DEoptim,12858,3.5608135192634967e-306
91,DFT_CRT,time_and_value_scaling_t0,wide,DEoptim,12859,2.225073859025267e-308
91,DFT_CRT,time_and_value_scaling_t0,wide,DEoptim,12860,1.2516125334258437e-308
91,DFT_CRT,time_and_value_scaling_t0,wide,DEoptim,12861,1.8167141610173434e-306
91,DFT_CRT,time_and_value_scaling_t0,wide,DEoptim,12862,3.3828076105829206e-306
91,DFT_CRT,time_and_value_scaling_t0,wide,DEoptim,12863,1.807872510717062e-308
91,DFT_CRT,time_and_value_scaling_t0,wide,DEoptim,12864,1.390671161696517e-308
91,DFT_CRT,time_and_value_scaling_t0,wide,DEoptim,12865,6.475817e-318
91,DFT_CRT,time_and_value_scaling_t0,wide,DEoptim,12866,4.172013485024793e-309
91,DFT_CRT,time_and_value_scaling_t0,wide,DEoptim,12867,7.1415970563177635e-304
91,DFT_CRT,time_and_value_scaling_t0,wide,DEoptim,12868,3.3828076105829206e-306
91,DFT_CRT,time_and_value_scaling_t0,wide,DEoptim,12869,1.8095022032254906e-308
91,DFT_CRT,time_and_value_scaling_t0,wide,DEoptim,12870,1.061127412e-314
91,DFT_CRT,time_and_value_scaling_t0,wide,DEoptim,12871,1.39067116189079e-309
91,DFT_CRT,time_and_value_scaling_t0,wide,DEoptim,12872,2.803071560357277e-309
91,DFT_CRT,time_and_value_scaling_t0,wide,DEoptim,12873,2.225073866793212e-308
91,DFT_CRT,time_and_value_scaling_t0,wide,DEoptim,12874,1.2516125334258437e-308
91,DFT_CRT,time_and_value_scaling_t0,wide,DEoptim,12875,4782144767937829e165
91,DFT_CRT,time_and_value_scaling_t0,wide,DEoptim,12876,18399669185336583e207
91,DFT_CRT,time_and_value_scaling_t0,wide,DEoptim,12877,6.835426899721121e-304
91,DFT_CRT,time_and_value_scaling_t0,wide,DEoptim,12878,1.807872510717062e-308
91,DFT_CRT,time_and_value_scaling_t0,wide,DEoptim,12879,1.390671161696517e-308
91,DFT_CRT,time_and_value_scaling_t0,wide,DEoptim,12880,6.475817e-318
91,DFT_CRT,time_and_value_scaling_t0,wide,DEoptim,12881,4.172013485024793e-309
91,DFT_CRT,time_and_value_scaling_t0,wide,DEoptim,12882,7.142487085861166e-304
91,DFT_CRT,time_and_value_scaling_t0,wide,DEoptim,12883,3.3828076105829206e-306
91,DFT_CRT,time_and_value_scaling_t0,wide,DEoptim,12884,1.8095022032254906e-308
91,DFT_CRT,time_and_value_scaling_t0,wide,DEoptim,12885,1.061127412e-314
91,DFT_CRT,time_and_value_scaling_t0,wide,DEoptim,12886,1.39067116189079e-309
91,DFT_CRT,time_and_value_scaling_t0,wide,DEoptim,12887,2.803071560357277e-309
91,DFT_CRT,time_and_value_scaling_t0,wide,DEoptim,12888,2.225073866793212e-308
91,DFT_CRT,time_and_value_scaling_t0,wide,DEoptim,12889,1.2516125334258437e-308
91,DFT_CRT,time_and_value_scaling_t0,wide,DEoptim,12890,4782144767937829e165
91,DFT_CRT,time_and_value_scaling_t0,wide,DEoptim,12891,18399669185336583e207
91,DFT_CRT,time_and_value_scaling_t0,wide,DEoptim,12892,6.835426899721121e-304
91,DFT_CRT,time_and_value_scaling_t0,wide,DEoptim,12893,1.807872510717062e-308
91,DFT_CRT,time_and_value_scaling_t0,wide,DEoptim,12894,1.390671161696517e-308
91,DFT_CRT,time_and_value_scaling_t0,wide,DEoptim,12895,6.475817e-318
91,DFT_CRT,time_and_value_scaling_t0,wide,DEoptim,12896,4.172013485024793e-309
91,DFT_CRT,time_and_value_scaling_t0,wide,DEoptim,12897,7.07573487010595e-304
91,DFT_CRT,time_and_value_scaling_t0,wide,DEoptim,12898,3.3828076105829206e-306
91,DFT_CRT,time_and_value_scaling_t0,wide,DEoptim,12899,1.8095022032254906e-308
91,DFT_CRT,time_and_value_scaling_t0,wide,DEoptim,12900,1.061127412e-314
91,DFT_CRT,time_and_value_scaling_t0,wide,DEoptim,12901,1.39067116189079e-309
91,DFT_CRT,time_and_value_scaling_t0,wide,DEoptim,12902,2.803071560357277e-309
91,DFT_CRT,time_and_value_scaling_t0,wide,DEoptim,12903,2.225073866793212e-308
91,DFT_CRT,time_and_value_scaling_t0,wide,DEoptim,12904,1.2516125334258437e-308
91,DFT_CRT,time_and_value_scaling_t0,wide,DEoptim,12905,4782144767937829e165
91,DFT_CRT,time_and_value_scaling_t0,wide,DEoptim,12906,18399669185336583e207
91,DFT_CRT,time_and_value_scaling_t0,wide,DEoptim,12907,6.835426899721121e-304
91,DFT_CRT,time_and_value_scaling_t0,wide,DEoptim,12908,1.807872510717062e-308
91,DFT_CRT,time_and_value_scaling_t0,wide,DEoptim,12909,1.390671161696517e-308
91,DFT_CRT,time_and_value_scaling_t0,wide,DEoptim,12910,6.475817e-318
91,DFT_CRT,time_and_value_scaling_t0,wide,DEoptim,12911,4.172013485024793e-309
91,DFT_CRT,time_and_value_scaling_t0,wide,DEoptim,12912,7.078404958736159e-304
91,DFT_CRT,time_and_value_scaling_t0,wide,DEoptim,12913,3.3828076105829206e-306
91,DFT_CRT,time_and_value_scaling_t0,wide,DEoptim,12914,1.8095022032254906e-308
91,DFT_CRT,time_and_value_scaling_t0,wide,DEoptim,12915,1.061127412e-314
91,DFT_CRT,time_and_value_scaling_t0,wide,DEoptim,12916,1.39067116189079e-309
91,DFT_CRT,time_and_value_scaling_t0,wide,DEoptim,12917,2.803071560357277e-309
91,DFT_CRT,time_and_value_scaling_t0,wide,DEoptim,12918,2.225073866793212e-308
91,DFT_CRT,time_and_value_scaling_t0,wide,DEoptim,12919,1.2516125334258437e-308
91,DFT_CRT,time_and_value_scaling_t0,wide,DEoptim,12920,4782144767937829e165
91,DFT_CRT,time_and_value_scaling_t0,wide,DEoptim,12921,18399669185336583e207
91,DFT_CRT,time_and_value_scaling_t0,wide,DEoptim,12922,6.835426899721121e-304
91,DFT_CRT,time_and_value_scaling_t0,wide,DEoptim,12923,1.807872510717062e-308
91,DFT_CRT,time_and_value_scaling_t0,wide,DEoptim,12924,1.390671161696517e-308
91,DFT_CRT,time_and_value_scaling_t0,wide,DEoptim,12925,6.475817e-318
91,DFT_CRT,time_and_value_scaling_t0,wide,DEoptim,12926,4.172013485024793e-309
91,DFT_CRT,time_and_value_scaling_t0,wide,DEoptim,12927,7.079294988279562e-304
91,DFT_CRT,time_and_value_scaling_t0,wide,DEoptim,12928,3.3828076105829206e-306
91,DFT_CRT,time_and_value_scaling_t0,wide,DEoptim,12929,1.8095022032254906e-308
91,DFT_CRT,time_and_value_scaling_t0,wide,DEoptim,12930,1.061127412e-314
91,DFT_CRT,time_and_value_scaling_t0,wide,DEoptim,12931,1.39067116189079e-309
91,DFT_CRT,time_and_value_scaling_t0,wide,DEoptim,12932,2.803071560357277e-309
91,DFT_CRT,time_and_value_scaling_t0,wide,DEoptim,12933,2.225073866793212e-308
91,DFT_CRT,time_and_value_scaling_t0,wide,DEoptim,12934,1.2516125334258437e-308
91,DFT_CRT,time_and_value_scaling_t0,wide,DEoptim,12935,4782144767937829e165
91,DFT_CRT,time_and_value_scaling_t0,wide,DEoptim,12936,18399669185336583e207
91,DFT_CRT,time_and_value_scaling_t0,wide,DEoptim,12937,6.835426899721121e-304
91,DFT_CRT,time_and_value_scaling_t0,wide,DEoptim,12938,3.2048017019023445e-306
91,DFT_CRT,time_and_value_scaling_t0,wide,DEoptim,12939,7.2679812514809725e-304
91,DFT_CRT,time_and_value_scaling_t0,wide,DEoptim,12940,3.738819427944073e-306
91,DFT_CRT,time_and_value_scaling_t0,wide,DEoptim,12941,4.272837153985801e-306
91,DFT_CRT,time_and_value_scaling_t0,wide,DEoptim,12942,3.916825336624649e-306
91,DFT_CRT,time_and_value_scaling_t0,wide,DEoptim,12943,6.835426893652422e-304
91,DFT_CRT,time_and_value_scaling_t0,wide,DEoptim,12944,7.085528671708236e-304
91,DFT_CRT,time_and_value_scaling_t0,wide,DEoptim,12945,6.8354268934402224e-304
91,DFT_CRT,time_and_value_scaling_t0,wide,DEoptim,12946,7.086418701251639e-304
91,DFT_CRT,time_and_value_scaling_t0,wide,DEoptim,12947,6.8354268934402224e-304
91,DFT_CRT,time_and_value_scaling_t0,wide,DEoptim,12948,7.200339006129304e-304
91,DFT_CRT,time_and_value_scaling_t0,wide,DEoptim,12949,7.0873087309011416e-304
91,DFT_CRT,time_and_value_scaling_t0,wide,DEoptim,12950,4.272837153985801e-306
91,DFT_CRT,time_and_value_scaling_t0,wide,DEoptim,12951,6.835426893334123e-304
91,DFT_CRT,time_and_value_scaling_t0,wide,DEoptim,12952,6.835426893652422e-304
91,DFT_CRT,time_and_value_scaling_t0,wide,DEoptim,12953,7.085528671708236e-304
91,DFT_CRT,time_and_value_scaling_t0,wide,DEoptim,12954,6.8354268934402224e-304
91,DFT_CRT,time_and_value_scaling_t0,wide,DEoptim,12955,4.094831245305225e-306
91,DFT_CRT,time_and_value_scaling_t0,wide,DEoptim,12956,6.8354268934402224e-304
91,DFT_CRT,time_and_value_scaling_t0,wide,DEoptim,12957,7.200339006129304e-304
91,DFT_CRT,time_and_value_scaling_t0,wide,DEoptim,12958,7.0873087309011416e-304
91,DFT_CRT,time_and_value_scaling_t0,wide,DEoptim,12959,4.272837153985801e-306
91,DFT_CRT,time_and_value_scaling_t0,wide,DEoptim,12960,6.835426893334123e-304
91,DFT_CRT,time_and_value_scaling_t0,wide,DEoptim,12961,4.6288489713469533e-306
91,DFT_CRT,time_and_value_scaling_t0,wide,DEoptim,12962,2.225073859025267e-308
91,DFT_CRT,time_and_value_scaling_t0,wide,DEoptim,12963,1.2516125334258437e-308
91,DFT_CRT,time_and_value_scaling_t0,wide,DEoptim,12964,10122300885743586e251
91,DFT_CRT,time_and_value_scaling_t0,wide,DEoptim,12965,5.6187078479181e-310
91,DFT_CRT,time_and_value_scaling_t0,wide,DEoptim,12966,1.390161882578434e-309
91,DFT_CRT,time_and_value_scaling_t0,wide,DEoptim,12967,1.390140662620524e-309
91,DFT_CRT,time_and_value_scaling_t0,wide,DEoptim,12968,7.442475840726e-310
91,DFT_CRT,time_and_value_scaling_t0,wide,DEoptim,12969,1.390183102536344e-309
91,DFT_CRT,time_and_value_scaling_t0,wide,DEoptim,12970,7.5511220252234e-310
91,DFT_CRT,time_and_value_scaling_t0,wide,DEoptim,12971,1.390204322494253e-309
91,DFT_CRT,time_and_value_scaling_t0,wide,DEoptim,12972,7.6054451174721e-310
91,DFT_CRT,time_and_value_scaling_t0,wide,DEoptim,12973,8.6916947618174e-311
91,DFT_CRT,time_and_value_scaling_t0,wide,DEoptim,12974,4.8891114586947e-311
91,DFT_CRT,time_and_value_scaling_t0,wide,DEoptim,12975,735423705375474e209
91,DFT_CRT,time_and_value_scaling_t0,wide,DEoptim,12976,2.9204094403342193e-308
91,DFT_CRT,time_and_value_scaling_t0,wide,DEoptim,12977,5.562684650477285e-309
91,DFT_CRT,time_and_value_scaling_t0,wide,DEoptim,12978,2.7813423234577926e-308
91,DFT_CRT,time_and_value_scaling_t0,wide,DEoptim,12979,1.390671161567e-309
91,DFT_CRT,time_and_value_scaling_t0,wide,DEoptim,12980,1.390671162538373e-309
91,DFT_CRT,time_and_value_scaling_t0,wide,DEoptim,12981,4.329103712687618e-304
91,DFT_CRT,time_and_value_scaling_t0,wide,DEoptim,12982,1.8078725145702997e-308
91,DFT_CRT,time_and_value_scaling_t0,wide,DEoptim,12983,-5.56268465048108e-309
91,DFT_CRT,time_and_value_scaling_t0,wide,DEoptim,12984,1.390671161567e-309
91,DFT_CRT,time_and_value_scaling_t0,wide,DEoptim,12985,1.39067116189079e-309
91,DFT_CRT,time_and_value_scaling_t0,wide,DEoptim,12986,7.269761310621657e-304
91,DFT_CRT,time_and_value_scaling_t0,wide,DEoptim,12987,1.390671166747655e-309
91,DFT_CRT,time_and_value_scaling_t0,wide,DEoptim,12988,6483618077225699e163
91,DFT_CRT,time_and_value_scaling_t0,wide,DEoptim,12989,48233772253083966e212
91,DFT_CRT,time_and_value_scaling_t0,wide,DEoptim,12990,2.171321743798039e-306
91,DFT_CRT,time_and_value_scaling_t0,wide,DEoptim,12991,1.39067124380988e-309
91,DFT_CRT,time_and_value_scaling_t0,wide,DEoptim,12992,4.329103712688032e-304
91,DFT_CRT,time_and_value_scaling_t0,wide,DEoptim,12993,2.9204094438562794e-308
91,DFT_CRT,time_and_value_scaling_t0,wide,DEoptim,12994,5.562684650477285e-309
91,DFT_CRT,time_and_value_scaling_t0,wide,DEoptim,12995,2.7813423234577926e-308
91,DFT_CRT,time_and_value_scaling_t0,wide,DEoptim,12996,1.390671161567e-309
91,DFT_CRT,time_and_value_scaling_t0,wide,DEoptim,12997,1.390671162538373e-309
91,DFT_CRT,time_and_value_scaling_t0,wide,DEoptim,12998,4.329103712641199e-304
91,DFT_CRT,time_and_value_scaling_t0,wide,DEoptim,12999,1.807872514602679e-308
91,DFT_CRT,time_and_value_scaling_t0,wide,DEoptim,13000,-5.56268465048108e-309
91,DFT_CRT,time_and_value_scaling_t0,wide,DEoptim,13001,1.390671161567e-309
91,DFT_CRT,time_and_value_scaling_t0,wide,DEoptim,13002,1.39067116189079e-309
91,DFT_CRT,time_and_value_scaling_t0,wide,DEoptim,13003,7.269761310621657e-304
91,DFT_CRT,time_and_value_scaling_t0,wide,DEoptim,13004,1.390671166747655e-309
91,DFT_CRT,time_and_value_scaling_t0,wide,DEoptim,13005,6483618077225699e163
91,DFT_CRT,time_and_value_scaling_t0,wide,DEoptim,13006,48233772253083966e212
91,DFT_CRT,time_and_value_scaling_t0,wide,DEoptim,13007,2.171321743798039e-306
91,DFT_CRT,time_and_value_scaling_t0,wide,DEoptim,13008,2.9204094475149897e-308
91,DFT_CRT,time_and_value_scaling_t0,wide,DEoptim,13009,5.562684650477285e-309
91,DFT_CRT,time_and_value_scaling_t0,wide,DEoptim,13010,2.7813423234577926e-308
91,DFT_CRT,time_and_value_scaling_t0,wide,DEoptim,13011,1.390671161567e-309
91,DFT_CRT,time_and_value_scaling_t0,wide,DEoptim,13012,1.390671162538373e-309
91,DFT_CRT,time_and_value_scaling_t0,wide,DEoptim,13013,4.329103712639749e-304
91,DFT_CRT,time_and_value_scaling_t0,wide,DEoptim,13014,1.807872514602679e-308
91,DFT_CRT,time_and_value_scaling_t0,wide,DEoptim,13015,-5.56268465048108e-309
91,DFT_CRT,time_and_value_scaling_t0,wide,DEoptim,13016,1.390671161567e-309
91,DFT_CRT,time_and_value_scaling_t0,wide,DEoptim,13017,1.39067116189079e-309
91,DFT_CRT,time_and_value_scaling_t0,wide,DEoptim,13018,7.269761310621657e-304
91,DFT_CRT,time_and_value_scaling_t0,wide,DEoptim,13019,1.390671166747655e-309
91,DFT_CRT,time_and_value_scaling_t0,wide,DEoptim,13020,6483618077225699e163
91,DFT_CRT,time_and_value_scaling_t0,wide,DEoptim,13021,48233772253083966e212
91,DFT_CRT,time_and_value_scaling_t0,wide,DEoptim,13022,2.171321743798039e-306
91,DFT_CRT,time_and_value_scaling_t0,wide,DEoptim,13023,2.9204094475149897e-308
91,DFT_CRT,time_and_value_scaling_t0,wide,DEoptim,13024,5.562684650477285e-309
91,DFT_CRT,time_and_value_scaling_t0,wide,DEoptim,13025,2.7813423234577926e-308
91,DFT_CRT,time_and_value_scaling_t0,wide,DEoptim,13026,1.390671161567e-309
91,DFT_CRT,time_and_value_scaling_t0,wide,DEoptim,13027,1.390671162538373e-309
91,DFT_CRT,time_and_value_scaling_t0,wide,DEoptim,13028,4.329103712643064e-304
91,DFT_CRT,time_and_value_scaling_t0,wide,DEoptim,13029,1.807872514602679e-308
91,DFT_CRT,time_and_value_scaling_t0,wide,DEoptim,13030,-5.56268465048108e-309
91,DFT_CRT,time_and_value_scaling_t0,wide,DEoptim,13031,1.390671161567e-309
91,DFT_CRT,time_and_value_scaling_t0,wide,DEoptim,13032,1.39067116189079e-309
91,DFT_CRT,time_and_value_scaling_t0,wide,DEoptim,13033,7.269761310621657e-304
91,DFT_CRT,time_and_value_scaling_t0,wide,DEoptim,13034,1.390671166747655e-309
91,DFT_CRT,time_and_value_scaling_t0,wide,DEoptim,13035,6483618077225699e163
91,DFT_CRT,time_and_value_scaling_t0,wide,DEoptim,13036,48233772253083966e212
91,DFT_CRT,time_and_value_scaling_t0,wide,DEoptim,13037,2.171321743798039e-306
91,DFT_CRT,time_and_value_scaling_t0,wide,DEoptim,13038,4.329103712586284e-304
91,DFT_CRT,time_and_value_scaling_t0,wide,DEoptim,13039,4.329103706644903e-304
91,DFT_CRT,time_and_value_scaling_t0,wide,DEoptim,13040,1.39067120851794e-309
91,DFT_CRT,time_and_value_scaling_t0,wide,DEoptim,13041,4.329103712688447e-304
91,DFT_CRT,time_and_value_scaling_t0,wide,DEoptim,13042,4.329103706857103e-304
91,DFT_CRT,time_and_value_scaling_t0,wide,DEoptim,13043,4.55695127002129e-304
91,DFT_CRT,time_and_value_scaling_t0,wide,DEoptim,13044,8.34402697102349e-309
91,DFT_CRT,time_and_value_scaling_t0,wide,DEoptim,13045,8.224288e-317
91,DFT_CRT,time_and_value_scaling_t0,wide,DEoptim,13046,2.781342405785414e-309
91,DFT_CRT,time_and_value_scaling_t0,wide,DEoptim,13047,4.556951275697422e-304
91,DFT_CRT,time_and_value_scaling_t0,wide,DEoptim,13048,8.34402697134728e-309
91,DFT_CRT,time_and_value_scaling_t0,wide,DEoptim,13049,4.556951275697422e-304
91,DFT_CRT,time_and_value_scaling_t0,wide,DEoptim,13050,8.34402697167107e-309
91,DFT_CRT,time_and_value_scaling_t0,wide,DEoptim,13051,8.224288e-317
91,DFT_CRT,time_and_value_scaling_t0,wide,DEoptim,13052,2.78134240578668e-309
91,DFT_CRT,time_and_value_scaling_t0,wide,DEoptim,13053,8.224288e-317
91,DFT_CRT,time_and_value_scaling_t0,wide,DEoptim,13054,2.781342405787943e-309
91,DFT_CRT,time_and_value_scaling_t0,wide,DEoptim,13055,8.224288e-317
91,DFT_CRT,time_and_value_scaling_t0,wide,DEoptim,13056,8.2655206e-317
91,DFT_CRT,time_and_value_scaling_t0,wide,DEoptim,13057,2.78134240537688e-309
91,DFT_CRT,time_and_value_scaling_t0,wide,DEoptim,13058,8.224288e-317
91,DFT_CRT,time_and_value_scaling_t0,wide,DEoptim,13059,8.257173e-317
91,DFT_CRT,time_and_value_scaling_t0,wide,DEoptim,13060,8.224288e-317
91,DFT_CRT,time_and_value_scaling_t0,wide,DEoptim,13061,2.9204094475149897e-308
91,DFT_CRT,time_and_value_scaling_t0,wide,DEoptim,13062,2.0860067427714294e-308
91,DFT_CRT,time_and_value_scaling_t0,wide,DEoptim,13063,3.198543671927893e-308
91,DFT_CRT,time_and_value_scaling_t0,wide,DEoptim,13064,5.006416181705961e-308
91,DFT_CRT,time_and_value_scaling_t0,wide,DEoptim,13065,5.006416181835478e-308
91,DFT_CRT,time_and_value_scaling_t0,wide,DEoptim,13066,6.1189531111538365e-308
91,DFT_CRT,time_and_value_scaling_t0,wide,DEoptim,13067,3.8938792524523606e-308
91,DFT_CRT,time_and_value_scaling_t0,wide,DEoptim,13068,6.95335581722494e-309
91,DFT_CRT,time_and_value_scaling_t0,wide,DEoptim,13069,1.2304053e-317
91,DFT_CRT,time_and_value_scaling_t0,wide,DEoptim,13070,9.734698131292797e-309
91,DFT_CRT,time_and_value_scaling_t0,wide,DEoptim,13071,8.354891666532927e-309
91,DFT_CRT,time_and_value_scaling_t0,wide,DEoptim,13072,7.123796465449706e-304
91,DFT_CRT,time_and_value_scaling_t0,wide,DEoptim,13073,9.74556282809993e-309
91,DFT_CRT,time_and_value_scaling_t0,wide,DEoptim,13074,2.225073859025267e-308
91,DFT_CRT,time_and_value_scaling_t0,wide,DEoptim,13075,1.2516125334258437e-308
91,DFT_CRT,time_and_value_scaling_t0,wide,DEoptim,13076,9940865038503623e232
91,DFT_CRT,time_and_value_scaling_t0,wide,DEoptim,13077,1.2882298307039035e-231
91,DFT_CRT,time_and_value_scaling_t0,wide,DEoptim,13078,2.4834631584438887e-265
91,DFT_CRT,time_and_value_scaling_t0,wide,DEoptim,13079,36842139357438477e164
91,DFT_CRT,time_and_value_scaling_t0,wide,DEoptim,13080,1.557374886831343e-207
91,DFT_CRT,time_and_value_scaling_t0,wide,DEoptim,13081,2.0522685000380304e-289
91,DFT_CRT,time_and_value_scaling_t0,wide,DEoptim,13082,2.3763645463954244e-212
91,DFT_CRT,time_and_value_scaling_t0,wide,DEoptim,13083,7.291122019556398e-304
91,DFT_CRT,time_and_value_scaling_t0,wide,DEoptim,13084,7.291122101041036e-304
91,DFT_CRT,time_and_value_scaling_t0,wide,DEoptim,13085,-8739908180432389e230
91,DFT_CRT,time_and_value_scaling_t0,wide,DEoptim,13086,4.576711570618023e-246
91,DFT_CRT,time_and_value_scaling_t0,wide,DEoptim,13087,2.0522685001276237e-289
91,DFT_CRT,time_and_value_scaling_t0,wide,DEoptim,13088,7.291122019556605e-304
91,DFT_CRT,time_and_value_scaling_t0,wide,DEoptim,13089,7.291122046717944e-304
91,DFT_CRT,time_and_value_scaling_t0,wide,DEoptim,13090,-13482698578959855e292
91,DFT_CRT,time_and_value_scaling_t0,wide,DEoptim,13091,7.291122454141135e-304
91,DFT_CRT,time_and_value_scaling_t0,wide,DEoptim,13092,1.2882297971109878e-231
91,DFT_CRT,time_and_value_scaling_t0,wide,DEoptim,13093,9305374649344273e184
91,DFT_CRT,time_and_value_scaling_t0,wide,DEoptim,13094,9041151394227776e256
91,DFT_CRT,time_and_value_scaling_t0,wide,DEoptim,13095,4.576715798780373e-246
91,DFT_CRT,time_and_value_scaling_t0,wide,DEoptim,13096,1.9656827031906933e-236
91,DFT_CRT,time_and_value_scaling_t0,wide,DEoptim,13097,4.778309726736616e-299
91,DFT_CRT,time_and_value_scaling_t0,wide,DEoptim,13098,4.778309762337662e-299
91,DFT_CRT,time_and_value_scaling_t0,wide,DEoptim,13099,4.778309762337662e-299
91,DFT_CRT,time_and_value_scaling_t0,wide,DEoptim,13100,4.778309762337662e-299
91,DFT_CRT,time_and_value_scaling_t0,wide,DEoptim,13101,1.6578092e-316
91,DFT_CRT,time_and_value_scaling_t0,wide,DEoptim,13102,0
91,DFT_CRT,time_and_value_scaling_t0,wide,DEoptim,13103,0
91,DFT_CRT,time_and_value_scaling_t0,wide,DEoptim,13104,5.972887158420601e-299
91,DFT_CRT,time_and_value_scaling_t0,wide,DEoptim,13105,1.2882309820211476e-231
91,DFT_CRT,time_and_value_scaling_t0,wide,DEoptim,13106,2.4834631584438887e-265
91,DFT_CRT,time_and_value_scaling_t0,wide,DEoptim,13107,17571863260639937e227
91,DFT_CRT,time_and_value_scaling_t0,wide,DEoptim,13108,6933350747771166e30
91,DFT_CRT,time_and_value_scaling_t0,wide,DEoptim,13109,-8371164748194542e283
91,DFT_CRT,time_and_value_scaling_t0,wide,DEoptim,13110,-8371161180752742e283
91,DFT_CRT,time_and_value_scaling_t0,wide,DEoptim,13111,-2605908932677002e289
91,DFT_CRT,time_and_value_scaling_t0,wide,DEoptim,13112,-8371161056012723e283
91,DFT_CRT,time_and_value_scaling_t0,wide,DEoptim,13113,1.513097663962912e-284
91,DFT_CRT,time_and_value_scaling_t0,wide,DEoptim,13114,-8371161056012723e283
91,DFT_CRT,time_and_value_scaling_t0,wide,DEoptim,13115,1.2882297539194267e-231
91,DFT_CRT,time_and_value_scaling_t0,wide,DEoptim,13116,2.4834631584438887e-265
91,DFT_CRT,time_and_value_scaling_t0,wide,DEoptim,13117,19831780974468978e198
91,DFT_CRT,time_and_value_scaling_t0,wide,DEoptim,13118,-8371161056012723e283
91,DFT_CRT,time_and_value_scaling_t0,wide,DEoptim,13119,1.6259745436952323e-260
91,DFT_CRT,time_and_value_scaling_t0,wide,DEoptim,13120,7.291122046717944e-304
91,DFT_CRT,time_and_value_scaling_t0,wide,DEoptim,13121,-8371161056012723e283
91,DFT_CRT,time_and_value_scaling_t0,wide,DEoptim,13122,1.6259745436952323e-260
91,DFT_CRT,time_and_value_scaling_t0,wide,DEoptim,13123,7.291122046717944e-304
91,DFT_CRT,time_and_value_scaling_t0,wide,DEoptim,13124,-8371161056012723e283
91,DFT_CRT,time_and_value_scaling_t0,wide,DEoptim,13125,1.6259745436952323e-260
91,DFT_CRT,time_and_value_scaling_t0,wide,DEoptim,13126,7.291122046717944e-304
91,DFT_CRT,time_and_value_scaling_t0,wide,DEoptim,13127,-8371161056012723e283
91,DFT_CRT,time_and_value_scaling_t0,wide,DEoptim,13128,1.6259745436952323e-260
91,DFT_CRT,time_and_value_scaling_t0,wide,DEoptim,13129,7.291122046717944e-304
91,DFT_CRT,time_and_value_scaling_t0,wide,DEoptim,13130,-8371161056012723e283
91,DFT_CRT,time_and_value_scaling_t0,wide,DEoptim,13131,1.6259745436952323e-260
91,DFT_CRT,time_and_value_scaling_t0,wide,DEoptim,13132,8.289046e-317
91,DFT_CRT,time_and_value_scaling_t0,wide,DEoptim,13133,-8371161056012723e283
91,DFT_CRT,time_and_value_scaling_t0,wide,DEoptim,13134,1.6259745436952323e-260
91,DFT_CRT,time_and_value_scaling_t0,wide,DEoptim,13135,7.291122046717944e-304
91,DFT_CRT,time_and_value_scaling_t0,wide,DEoptim,13136,-8371160993642713e283
91,DFT_CRT,time_and_value_scaling_t0,wide,DEoptim,13137,-1.3687452797036333e-231
91,DFT_CRT,time_and_value_scaling_t0,wide,DEoptim,13138,-2.0885395503290303e-236
91,DFT_CRT,time_and_value_scaling_t0,wide,DEoptim,13139,-16853373172818856e292
91,DFT_CRT,time_and_value_scaling_t0,wide,DEoptim,13140,-1.6547115091093698e-207
91,DFT_CRT,time_and_value_scaling_t0,wide,DEoptim,13141,4.576711826228506e-246
91,DFT_CRT,time_and_value_scaling_t0,wide,DEoptim,13142,1.625974567924141e-260
91,DFT_CRT,time_and_value_scaling_t0,wide,DEoptim,13143,1.65780921e-315
91,DFT_CRT,time_and_value_scaling_t0,wide,DEoptim,13144,3.131513074179815e-294
91,DFT_CRT,time_and_value_scaling_t0,wide,DEoptim,13145,-9943599895125966e288
91,DFT_CRT,time_and_value_scaling_t0,wide,DEoptim,13146,-1.6547115091093698e-207
91,DFT_CRT,time_and_value_scaling_t0,wide,DEoptim,13147,5.434845090117003e-246
91,DFT_CRT,time_and_value_scaling_t0,wide,DEoptim,13148,2.71648617428e-312
91,DFT_CRT,time_and_value_scaling_t0,wide,DEoptim,13149,7.291122046717944e-304
91,DFT_CRT,time_and_value_scaling_t0,wide,DEoptim,13150,5.972887176221192e-299
91,DFT_CRT,time_and_value_scaling_t0,wide,DEoptim,13151,1.2882309820211476e-231
91,DFT_CRT,time_and_value_scaling_t0,wide,DEoptim,13152,2.4834631584438887e-265
91,DFT_CRT,time_and_value_scaling_t0,wide,DEoptim,13153,17571863260639937e227
91,DFT_CRT,time_and_value_scaling_t0,wide,DEoptim,13154,6933350747771166e30
91,DFT_CRT,time_and_value_scaling_t0,wide,DEoptim,13155,-8371164748194542e283
91,DFT_CRT,time_and_value_scaling_t0,wide,DEoptim,13156,-2.524889387679092e-212
91,DFT_CRT,time_and_value_scaling_t0,wide,DEoptim,13157,-1741515227746333e293
91,DFT_CRT,time_and_value_scaling_t0,wide,DEoptim,13158,-4.657598834894143e-193
91,DFT_CRT,time_and_value_scaling_t0,wide,DEoptim,13159,4.576711826228506e-246
91,DFT_CRT,time_and_value_scaling_t0,wide,DEoptim,13160,1.6259745860958227e-260
91,DFT_CRT,time_and_value_scaling_t0,wide,DEoptim,13161,7.29112256278732e-304
91,DFT_CRT,time_and_value_scaling_t0,wide,DEoptim,13162,6.051003623e-315
91,DFT_CRT,time_and_value_scaling_t0,wide,DEoptim,13163,7.29112207387949e-304
91,DFT_CRT,time_and_value_scaling_t0,wide,DEoptim,13164,-873990000769894e231
91,DFT_CRT,time_and_value_scaling_t0,wide,DEoptim,13165,7.291126175379054e-304
91,DFT_CRT,time_and_value_scaling_t0,wide,DEoptim,13166,7.291128957421636e-304
91,DFT_CRT,time_and_value_scaling_t0,wide,DEoptim,13167,4.576715831813932e-246
91,DFT_CRT,time_and_value_scaling_t0,wide,DEoptim,13168,5.776622282774358e-275
91,DFT_CRT,time_and_value_scaling_t0,wide,DEoptim,13169,7.291122019556605e-304
91,DFT_CRT,time_and_value_scaling_t0,wide,DEoptim,13170,8.289046e-317
91,DFT_CRT,time_and_value_scaling_t0,wide,DEoptim,13171,0
91,DFT_CRT,time_and_value_scaling_t0,wide,DEoptim,13172,5.972887158420601e-299
91,DFT_CRT,time_and_value_scaling_t0,wide,DEoptim,13173,1.2882309820211476e-231
91,DFT_CRT,time_and_value_scaling_t0,wide,DEoptim,13174,2.4834631584438887e-265
91,DFT_CRT,time_and_value_scaling_t0,wide,DEoptim,13175,17571863260639937e227
91,DFT_CRT,time_and_value_scaling_t0,wide,DEoptim,13176,6933350747771166e30
91,DFT_CRT,time_and_value_scaling_t0,wide,DEoptim,13177,-8371164748194542e283
91,DFT_CRT,time_and_value_scaling_t0,wide,DEoptim,13178,-7.106931815939549e-198
91,DFT_CRT,time_and_value_scaling_t0,wide,DEoptim,13179,-1.0844317346099166e-202
91,DFT_CRT,time_and_value_scaling_t0,wide,DEoptim,13180,-2.0004234673758048e-183
91,DFT_CRT,time_and_value_scaling_t0,wide,DEoptim,13181,1.2882298307039035e-231
91,DFT_CRT,time_and_value_scaling_t0,wide,DEoptim,13182,2.4834631584438887e-265
91,DFT_CRT,time_and_value_scaling_t0,wide,DEoptim,13183,9195818936596306e155
91,DFT_CRT,time_and_value_scaling_t0,wide,DEoptim,13184,14692344552539682e179
91,DFT_CRT,time_and_value_scaling_t0,wide,DEoptim,13185,30683731693216445e241
91,DFT_CRT,time_and_value_scaling_t0,wide,DEoptim,13186,4.2217292245294917e-153
91,DFT_CRT,time_and_value_scaling_t0,wide,DEoptim,13187,8739831577337568e168
91,DFT_CRT,time_and_value_scaling_t0,wide,DEoptim,13188,1.8145039473317008e-152
91,DFT_CRT,time_and_value_scaling_t0,wide,DEoptim,13189,69641111436285596e236
91,DFT_CRT,time_and_value_scaling_t0,wide,DEoptim,13190,9757632961310264e184
91,DFT_CRT,time_and_value_scaling_t0,wide,DEoptim,13191,2.9204094403399144e-308
91,DFT_CRT,time_and_value_scaling_t0,wide,DEoptim,13192,5.562684650477285e-309
91,DFT_CRT,time_and_value_scaling_t0,wide,DEoptim,13193,2.7813423234577926e-308
91,DFT_CRT,time_and_value_scaling_t0,wide,DEoptim,13194,1.390671161567e-309
91,DFT_CRT,time_and_value_scaling_t0,wide,DEoptim,13195,1.390671162538373e-309
91,DFT_CRT,time_and_value_scaling_t0,wide,DEoptim,13196,4.329103712666688e-304
91,DFT_CRT,time_and_value_scaling_t0,wide,DEoptim,13197,1.807872515023607e-308
91,DFT_CRT,time_and_value_scaling_t0,wide,DEoptim,13198,-5.56268465048108e-309
91,DFT_CRT,time_and_value_scaling_t0,wide,DEoptim,13199,1.390671161567e-309
91,DFT_CRT,time_and_value_scaling_t0,wide,DEoptim,13200,1.39067116189079e-309
91,DFT_CRT,time_and_value_scaling_t0,wide,DEoptim,13201,7.269761310621657e-304
91,DFT_CRT,time_and_value_scaling_t0,wide,DEoptim,13202,1.390671166747655e-309
91,DFT_CRT,time_and_value_scaling_t0,wide,DEoptim,13203,6483618077225699e163
91,DFT_CRT,time_and_value_scaling_t0,wide,DEoptim,13204,48233772253083966e212
91,DFT_CRT,time_and_value_scaling_t0,wide,DEoptim,13205,2.171321743798039e-306
91,DFT_CRT,time_and_value_scaling_t0,wide,DEoptim,13206,2.2250738667314893e-308
91,DFT_CRT,time_and_value_scaling_t0,wide,DEoptim,13207,1.390671166747655e-309
91,DFT_CRT,time_and_value_scaling_t0,wide,DEoptim,13208,8.577091841661682e-154
91,DFT_CRT,time_and_value_scaling_t0,wide,DEoptim,13209,1.23797299354277e-259
91,DFT_CRT,time_and_value_scaling_t0,wide,DEoptim,13210,3093949461000994e154
91,DFT_CRT,time_and_value_scaling_t0,wide,DEoptim,13211,14692188304994057e179
91,DFT_CRT,time_and_value_scaling_t0,wide,DEoptim,13212,9823958314127327e237
91,DFT_CRT,time_and_value_scaling_t0,wide,DEoptim,13213,1.75986434001906e-310
91,DFT_CRT,time_and_value_scaling_t0,wide,DEoptim,13214,8.6916947618174e-311
91,DFT_CRT,time_and_value_scaling_t0,wide,DEoptim,13215,4.8891114586947e-311
91,DFT_CRT,time_and_value_scaling_t0,wide,DEoptim,13216,58493861278930415e183
91,DFT_CRT,time_and_value_scaling_t0,wide,DEoptim,13217,3819959552406073e165
91,DFT_CRT,time_and_value_scaling_t0,wide,DEoptim,13218,10306863960427456e82
91,DFT_CRT,time_and_value_scaling_t0,wide,DEoptim,13219,5296563237214064e165
91,DFT_CRT,time_and_value_scaling_t0,wide,DEoptim,13220,14450676730906724e198
91,DFT_CRT,time_and_value_scaling_t0,wide,DEoptim,13221,3105731843251624e154
91,DFT_CRT,time_and_value_scaling_t0,wide,DEoptim,13222,20264744118032025e251
91,DFT_CRT,time_and_value_scaling_t0,wide,DEoptim,13223,3.39519326604e-313
91,DFT_CRT,time_and_value_scaling_t0,wide,DEoptim,13224,5.56270586622599e-309
91,DFT_CRT,time_and_value_scaling_t0,wide,DEoptim,13225,3337467200006361e49
91,DFT_CRT,time_and_value_scaling_t0,wide,DEoptim,13226,9823958314127286e237
91,DFT_CRT,time_and_value_scaling_t0,wide,DEoptim,13227,7.470480272179284e-90
91,DFT_CRT,time_and_value_scaling_t0,wide,DEoptim,13228,1674948164897163e228
91,DFT_CRT,time_and_value_scaling_t0,wide,DEoptim,13229,3.0290777189544404e-152
91,DFT_CRT,time_and_value_scaling_t0,wide,DEoptim,13230,23489669802450915e235
91,DFT_CRT,time_and_value_scaling_t0,wide,DEoptim,13231,9778245556746427e184
91,DFT_CRT,time_and_value_scaling_t0,wide,DEoptim,13232,1469230024509661e180
91,DFT_CRT,time_and_value_scaling_t0,wide,DEoptim,13233,8656515593736394e168
91,DFT_CRT,time_and_value_scaling_t0,wide,DEoptim,13234,1.288230312677128e-231
91,DFT_CRT,time_and_value_scaling_t0,wide,DEoptim,13235,7.291122454141135e-304
91,DFT_CRT,time_and_value_scaling_t0,wide,DEoptim,13236,9.775796690960072e-150
91,DFT_CRT,time_and_value_scaling_t0,wide,DEoptim,13237,2.195294956786592e-152
91,DFT_CRT,time_and_value_scaling_t0,wide,DEoptim,13238,2.2027442262441123e-152
91,DFT_CRT,time_and_value_scaling_t0,wide,DEoptim,13239,20244582103959378e251
91,DFT_CRT,time_and_value_scaling_t0,wide,DEoptim,13240,2.1459762821775878e-259
91,DFT_CRT,time_and_value_scaling_t0,wide,DEoptim,13241,3.39519326604e-313
91,DFT_CRT,time_and_value_scaling_t0,wide,DEoptim,13242,5.56270586622599e-309
91,DFT_CRT,time_and_value_scaling_t0,wide,DEoptim,13243,7084645486757893e144
91,DFT_CRT,time_and_value_scaling_t0,wide,DEoptim,13244,11697098524139235e198
91,DFT_CRT,time_and_value_scaling_t0,wide,DEoptim,13245,19831784645172496e198
91,DFT_CRT,time_and_value_scaling_t0,wide,DEoptim,13246,1.3963483414234303e-308
91,DFT_CRT,time_and_value_scaling_t0,wide,DEoptim,13247,2.225073859025267e-308
91,DFT_CRT,time_and_value_scaling_t0,wide,DEoptim,13248,1.2516125334258437e-308
91,DFT_CRT,time_and_value_scaling_t0,wide,DEoptim,13249,1.2801390655085384e-152
91,DFT_CRT,time_and_value_scaling_t0,wide,DEoptim,13250,2.195298492473608e-152
91,DFT_CRT,time_and_value_scaling_t0,wide,DEoptim,13251,31709586815743033e164
91,DFT_CRT,time_and_value_scaling_t0,wide,DEoptim,13252,46736040425368316e241
91,DFT_CRT,time_and_value_scaling_t0,wide,DEoptim,13253,17145746403272693e198
91,DFT_CRT,time_and_value_scaling_t0,wide,DEoptim,13254,23505419365513077e164
91,DFT_CRT,time_and_value_scaling_t0,wide,DEoptim,13255,3680674973233054e165
91,DFT_CRT,time_and_value_scaling_t0,wide,DEoptim,13256,7.470480272179284e-90
91,DFT_CRT,time_and_value_scaling_t0,wide,DEoptim,13257,1674948164897163e228
91,DFT_CRT,time_and_value_scaling_t0,wide,DEoptim,13258,1.3962020396068496e-308
91,DFT_CRT,time_and_value_scaling_t0,wide,DEoptim,13259,1.0325733394777363e-305
91,DFT_CRT,time_and_value_scaling_t0,wide,DEoptim,13260,6.835426893652422e-304
91,DFT_CRT,time_and_value_scaling_t0,wide,DEoptim,13261,7.094425490464361e-304
91,DFT_CRT,time_and_value_scaling_t0,wide,DEoptim,13262,6.8354268934402224e-304
91,DFT_CRT,time_and_value_scaling_t0,wide,DEoptim,13263,7.071284722335886e-304
91,DFT_CRT,time_and_value_scaling_t0,wide,DEoptim,13264,6.8354268934402224e-304
91,DFT_CRT,time_and_value_scaling_t0,wide,DEoptim,13265,2.2250738585072014e-308
91,DFT_CRT,time_and_value_scaling_t0,wide,DEoptim,13266,1.2516125334258437e-308
91,DFT_CRT,time_and_value_scaling_t0,wide,DEoptim,13267,9750252775695644e184
91,DFT_CRT,time_and_value_scaling_t0,wide,DEoptim,13268,4.243991631e-314
91,DFT_CRT,time_and_value_scaling_t0,wide,DEoptim,13269,1.255e-321
91,DFT_CRT,time_and_value_scaling_t0,wide,DEoptim,13270,2.121995796e-314
91,DFT_CRT,time_and_value_scaling_t0,wide,DEoptim,13271,4.2439915824e-314
91,DFT_CRT,time_and_value_scaling_t0,wide,DEoptim,13272,1.255e-321
91,DFT_CRT,time_and_value_scaling_t0,wide,DEoptim,13273,2.121995796e-314
91,DFT_CRT,time_and_value_scaling_t0,wide,DEoptim,13274,4.2439915824e-314
91,DFT_CRT,time_and_value_scaling_t0,wide,DEoptim,13275,1.255e-321
91,DFT_CRT,time_and_value_scaling_t0,wide,DEoptim,13276,2.121995796e-314
91,DFT_CRT,time_and_value_scaling_t0,wide,DEoptim,13277,4.2439915824e-314
91,DFT_CRT,time_and_value_scaling_t0,wide,DEoptim,13278,1.255e-321
91,DFT_CRT,time_and_value_scaling_t0,wide,DEoptim,13279,2.121995796e-314
91,DFT_CRT,time_and_value_scaling_t0,wide,DEoptim,13280,4.2439915824e-314
91,DFT_CRT,time_and_value_scaling_t0,wide,DEoptim,13281,1.255e-321
91,DFT_CRT,time_and_value_scaling_t0,wide,DEoptim,13282,2.121995796e-314
91,DFT_CRT,time_and_value_scaling_t0,wide,DEoptim,13283,4.243991582e-314
91,DFT_CRT,time_and_value_scaling_t0,wide,DEoptim,13284,1.255e-321
91,DFT_CRT,time_and_value_scaling_t0,wide,DEoptim,13285,2.121995796e-314
91,DFT_CRT,time_and_value_scaling_t0,wide,DEoptim,13286,5e-324
91,DFT_CRT,time_and_value_scaling_t0,wide,DEoptim,13287,7.292811685018113e-304
91,DFT_CRT,time_and_value_scaling_t0,wide,DEoptim,13288,7.292811685017954e-304
91,DFT_CRT,time_and_value_scaling_t0,wide,DEoptim,13289,7.292811685017952e-304
91,DFT_CRT,time_and_value_scaling_t0,wide,DEoptim,13290,3.39519327335e-313
91,DFT_CRT,time_and_value_scaling_t0,wide,DEoptim,13291,5.56270586622599e-309
91,DFT_CRT,time_and_value_scaling_t0,wide,DEoptim,13292,12330853974696168e208
91,DFT_CRT,time_and_value_scaling_t0,wide,DEoptim,13293,2.12547505786183e-310
91,DFT_CRT,time_and_value_scaling_t0,wide,DEoptim,13294,7.0620019949885e-311
91,DFT_CRT,time_and_value_scaling_t0,wide,DEoptim,13295,5.432309225377e-311
91,DFT_CRT,time_and_value_scaling_t0,wide,DEoptim,13296,2.5296e-320
91,DFT_CRT,time_and_value_scaling_t0,wide,DEoptim,13297,1.629692767588e-311
91,DFT_CRT,time_and_value_scaling_t0,wide,DEoptim,13298,1.38542983196458e-309
91,DFT_CRT,time_and_value_scaling_t0,wide,DEoptim,13299,8.5832607779489e-310
91,DFT_CRT,time_and_value_scaling_t0,wide,DEoptim,13300,7.0683679813496e-311
91,DFT_CRT,time_and_value_scaling_t0,wide,DEoptim,13301,4.145029e-317
91,DFT_CRT,time_and_value_scaling_t0,wide,DEoptim,13302,5.432309226136e-312
91,DFT_CRT,time_and_value_scaling_t0,wide,DEoptim,13303,1.0949498282646e-311
91,DFT_CRT,time_and_value_scaling_t0,wide,DEoptim,13304,8.691694792161e-311
91,DFT_CRT,time_and_value_scaling_t0,wide,DEoptim,13305,4.8891114586947e-311
91,DFT_CRT,time_and_value_scaling_t0,wide,DEoptim,13306,7497795326462078e232
91,DFT_CRT,time_and_value_scaling_t0,wide,DEoptim,13307,59927003901658496e159
91,DFT_CRT,time_and_value_scaling_t0,wide,DEoptim,13308,1.379806543269535e-309
91,DFT_CRT,time_and_value_scaling_t0,wide,DEoptim,13309,8.6916947618174e-311
91,DFT_CRT,time_and_value_scaling_t0,wide,DEoptim,13310,4.8891114586947e-311
91,DFT_CRT,time_and_value_scaling_t0,wide,DEoptim,13311,29732706131470984e206
91,DFT_CRT,time_and_value_scaling_t0,wide,DEoptim,13312,6231029900538288e213
91,DFT_CRT,time_and_value_scaling_t0,wide,DEoptim,13313,16749482415061762e227
91,DFT_CRT,time_and_value_scaling_t0,wide,DEoptim,13314,4.4561911626e-313
91,DFT_CRT,time_and_value_scaling_t0,wide,DEoptim,13315,8.4879831703e-314
91,DFT_CRT,time_and_value_scaling_t0,wide,DEoptim,13316,4.2439915824e-313
91,DFT_CRT,time_and_value_scaling_t0,wide,DEoptim,13317,2.121995791e-314
91,DFT_CRT,time_and_value_scaling_t0,wide,DEoptim,13318,-2.0522703578448536e-289
91,DFT_CRT,time_and_value_scaling_t0,wide,DEoptim,13319,7.292811685018114e-304
91,DFT_CRT,time_and_value_scaling_t0,wide,DEoptim,13320,3.1315518862806596e-294
91,DFT_CRT,time_and_value_scaling_t0,wide,DEoptim,13321,6.95420460615203e-310
91,DFT_CRT,time_and_value_scaling_t0,wide,DEoptim,13322,2.121995791e-314
91,DFT_CRT,time_and_value_scaling_t0,wide,DEoptim,13323,2.0522703578448527e-289
91,DFT_CRT,time_and_value_scaling_t0,wide,DEoptim,13324,5.430319853827e-312
91,DFT_CRT,time_and_value_scaling_t0,wide,DEoptim,13325,5.56270586622599e-309
91,DFT_CRT,time_and_value_scaling_t0,wide,DEoptim,13326,6059732824249193e218
91,DFT_CRT,time_and_value_scaling_t0,wide,DEoptim,13327,1064002501037983e233
91,DFT_CRT,time_and_value_scaling_t0,wide,DEoptim,13328,2.554799404253e-312
91,DFT_CRT,time_and_value_scaling_t0,wide,DEoptim,13329,3.3951932781e-313
91,DFT_CRT,time_and_value_scaling_t0,wide,DEoptim,13330,5.56270586622599e-309
91,DFT_CRT,time_and_value_scaling_t0,wide,DEoptim,13331,1.3385618491521837e-152
91,DFT_CRT,time_and_value_scaling_t0,wide,DEoptim,13332,9477512636650373e155
91,DFT_CRT,time_and_value_scaling_t0,wide,DEoptim,13333,7628707229165771e213
91,DFT_CRT,time_and_value_scaling_t0,wide,DEoptim,13334,2.51505351000326e-310
91,DFT_CRT,time_and_value_scaling_t0,wide,DEoptim,13335,8.69190696244634e-310
91,DFT_CRT,time_and_value_scaling_t0,wide,DEoptim,13336,8.74623005469505e-310
91,DFT_CRT,time_and_value_scaling_t0,wide,DEoptim,13337,1.39035286219962e-309
91,DFT_CRT,time_and_value_scaling_t0,wide,DEoptim,13338,8.80055314694376e-310
91,DFT_CRT,time_and_value_scaling_t0,wide,DEoptim,13339,8.85487623919247e-310
91,DFT_CRT,time_and_value_scaling_t0,wide,DEoptim,13340,8.9635224236899e-310
91,DFT_CRT,time_and_value_scaling_t0,wide,DEoptim,13341,7.0620019949885e-311
91,DFT_CRT,time_and_value_scaling_t0,wide,DEoptim,13342,5.432309225377e-311
91,DFT_CRT,time_and_value_scaling_t0,wide,DEoptim,13343,2.5296e-320
91,DFT_CRT,time_and_value_scaling_t0,wide,DEoptim,13344,1.629692767588e-311
91,DFT_CRT,time_and_value_scaling_t0,wide,DEoptim,13345,1.388188426492836e-309
91,DFT_CRT,time_and_value_scaling_t0,wide,DEoptim,13346,8.9635224236899e-310
91,DFT_CRT,time_and_value_scaling_t0,wide,DEoptim,13347,7.0683679813496e-311
91,DFT_CRT,time_and_value_scaling_t0,wide,DEoptim,13348,4.145029e-317
91,DFT_CRT,time_and_value_scaling_t0,wide,DEoptim,13349,5.432309226136e-312
91,DFT_CRT,time_and_value_scaling_t0,wide,DEoptim,13350,1.0949498282646e-311
91,DFT_CRT,time_and_value_scaling_t0,wide,DEoptim,13351,8.691694792161e-311
91,DFT_CRT,time_and_value_scaling_t0,wide,DEoptim,13352,4.8891114586947e-311
91,DFT_CRT,time_and_value_scaling_t0,wide,DEoptim,13353,7497795326462078e232
91,DFT_CRT,time_and_value_scaling_t0,wide,DEoptim,13354,59927003901658496e159
91,DFT_CRT,time_and_value_scaling_t0,wide,DEoptim,13355,1.379806543269535e-309
91,DFT_CRT,time_and_value_scaling_t0,wide,DEoptim,13356,8.9091993314412e-310
91,DFT_CRT,time_and_value_scaling_t0,wide,DEoptim,13357,8.6375838701976e-310
91,DFT_CRT,time_and_value_scaling_t0,wide,DEoptim,13358,9.0721686081873e-310
91,DFT_CRT,time_and_value_scaling_t0,wide,DEoptim,13359,9.0178455159386e-310
91,DFT_CRT,time_and_value_scaling_t0,wide,DEoptim,13360,9.18081479268473e-310
91,DFT_CRT,time_and_value_scaling_t0,wide,DEoptim,13361,7.0620019949885e-311
91,DFT_CRT,time_and_value_scaling_t0,wide,DEoptim,13362,5.432309225377e-311
91,DFT_CRT,time_and_value_scaling_t0,wide,DEoptim,13363,2.5296e-320
91,DFT_CRT,time_and_value_scaling_t0,wide,DEoptim,13364,1.629692767588e-311
91,DFT_CRT,time_and_value_scaling_t0,wide,DEoptim,13365,1.385281292259214e-309
91,DFT_CRT,time_and_value_scaling_t0,wide,DEoptim,13366,9.18081479268473e-310
91,DFT_CRT,time_and_value_scaling_t0,wide,DEoptim,13367,7.0683679813496e-311
91,DFT_CRT,time_and_value_scaling_t0,wide,DEoptim,13368,4.145029e-317
91,DFT_CRT,time_and_value_scaling_t0,wide,DEoptim,13369,5.432309226136e-312
91,DFT_CRT,time_and_value_scaling_t0,wide,DEoptim,13370,1.0949498282646e-311
91,DFT_CRT,time_and_value_scaling_t0,wide,DEoptim,13371,8.691694792161e-311
91,DFT_CRT,time_and_value_scaling_t0,wide,DEoptim,13372,4.8891114586947e-311
91,DFT_CRT,time_and_value_scaling_t0,wide,DEoptim,13373,7497795326462078e232
91,DFT_CRT,time_and_value_scaling_t0,wide,DEoptim,13374,59927003901658496e159
91,DFT_CRT,time_and_value_scaling_t0,wide,DEoptim,13375,1.379806543269535e-309
91,DFT_CRT,time_and_value_scaling_t0,wide,DEoptim,13376,7.0620019949885e-311
91,DFT_CRT,time_and_value_scaling_t0,wide,DEoptim,13377,5.432309225377e-311
91,DFT_CRT,time_and_value_scaling_t0,wide,DEoptim,13378,2.5296e-320
91,DFT_CRT,time_and_value_scaling_t0,wide,DEoptim,13379,1.629692767588e-311
91,DFT_CRT,time_and_value_scaling_t0,wide,DEoptim,13380,1.38562081158577e-309
91,DFT_CRT,time_and_value_scaling_t0,wide,DEoptim,13381,9.18081479268473e-310
91,DFT_CRT,time_and_value_scaling_t0,wide,DEoptim,13382,7.0683679813496e-311
91,DFT_CRT,time_and_value_scaling_t0,wide,DEoptim,13383,4.145029e-317
91,DFT_CRT,time_and_value_scaling_t0,wide,DEoptim,13384,5.432309226136e-312
91,DFT_CRT,time_and_value_scaling_t0,wide,DEoptim,13385,1.0949498282646e-311
91,DFT_CRT,time_and_value_scaling_t0,wide,DEoptim,13386,8.691694792161e-311
91,DFT_CRT,time_and_value_scaling_t0,wide,DEoptim,13387,4.8891114586947e-311
91,DFT_CRT,time_and_value_scaling_t0,wide,DEoptim,13388,7497795326462078e232
91,DFT_CRT,time_and_value_scaling_t0,wide,DEoptim,13389,59927003901658496e159
91,DFT_CRT,time_and_value_scaling_t0,wide,DEoptim,13390,1.379806543269535e-309
91,DFT_CRT,time_and_value_scaling_t0,wide,DEoptim,13391,1.39037408215753e-309
91,DFT_CRT,time_and_value_scaling_t0,wide,DEoptim,13392,9.126491700436e-310
91,DFT_CRT,time_and_value_scaling_t0,wide,DEoptim,13393,1.39039530211544e-309
91,DFT_CRT,time_and_value_scaling_t0,wide,DEoptim,13394,9.23513788493345e-310
91,DFT_CRT,time_and_value_scaling_t0,wide,DEoptim,13395,7.0620019949885e-311
91,DFT_CRT,time_and_value_scaling_t0,wide,DEoptim,13396,5.432309225377e-311
91,DFT_CRT,time_and_value_scaling_t0,wide,DEoptim,13397,2.5296e-320
91,DFT_CRT,time_and_value_scaling_t0,wide,DEoptim,13398,1.629692767588e-311
91,DFT_CRT,time_and_value_scaling_t0,wide,DEoptim,13399,1.39037408215753e-309
91,DFT_CRT,time_and_value_scaling_t0,wide,DEoptim,13400,9.23513788493345e-310
91,DFT_CRT,time_and_value_scaling_t0,wide,DEoptim,13401,7.0683679813496e-311
91,DFT_CRT,time_and_value_scaling_t0,wide,DEoptim,13402,4.145029e-317
91,DFT_CRT,time_and_value_scaling_t0,wide,DEoptim,13403,5.432309226136e-312
91,DFT_CRT,time_and_value_scaling_t0,wide,DEoptim,13404,1.0949498282646e-311
91,DFT_CRT,time_and_value_scaling_t0,wide,DEoptim,13405,8.691694792161e-311
91,DFT_CRT,time_and_value_scaling_t0,wide,DEoptim,13406,4.8891114586947e-311
91,DFT_CRT,time_and_value_scaling_t0,wide,DEoptim,13407,7497795326462078e232
91,DFT_CRT,time_and_value_scaling_t0,wide,DEoptim,13408,59927003901658496e159
91,DFT_CRT,time_and_value_scaling_t0,wide,DEoptim,13409,1.379806543269535e-309
91,DFT_CRT,time_and_value_scaling_t0,wide,DEoptim,13410,7.0620019949885e-311
91,DFT_CRT,time_and_value_scaling_t0,wide,DEoptim,13411,5.432309225377e-311
91,DFT_CRT,time_and_value_scaling_t0,wide,DEoptim,13412,2.5296e-320
91,DFT_CRT,time_and_value_scaling_t0,wide,DEoptim,13413,1.629692767588e-311
91,DFT_CRT,time_and_value_scaling_t0,wide,DEoptim,13414,1.387169868513173e-309
91,DFT_CRT,time_and_value_scaling_t0,wide,DEoptim,13415,9.23513788493345e-310
91,DFT_CRT,time_and_value_scaling_t0,wide,DEoptim,13416,7.0683679813496e-311
91,DFT_CRT,time_and_value_scaling_t0,wide,DEoptim,13417,4.145029e-317
91,DFT_CRT,time_and_value_scaling_t0,wide,DEoptim,13418,5.432309226136e-312
91,DFT_CRT,time_and_value_scaling_t0,wide,DEoptim,13419,1.0949498282646e-311
91,DFT_CRT,time_and_value_scaling_t0,wide,DEoptim,13420,8.691694792161e-311
91,DFT_CRT,time_and_value_scaling_t0,wide,DEoptim,13421,4.8891114586947e-311
91,DFT_CRT,time_and_value_scaling_t0,wide,DEoptim,13422,7497795326462078e232
91,DFT_CRT,time_and_value_scaling_t0,wide,DEoptim,13423,59927003901658496e159
91,DFT_CRT,time_and_value_scaling_t0,wide,DEoptim,13424,1.379806543269535e-309
91,DFT_CRT,time_and_value_scaling_t0,wide,DEoptim,13425,1.39041652207335e-309
91,DFT_CRT,time_and_value_scaling_t0,wide,DEoptim,13426,9.28946097718216e-310
91,DFT_CRT,time_and_value_scaling_t0,wide,DEoptim,13427,9.34378406943087e-310
91,DFT_CRT,time_and_value_scaling_t0,wide,DEoptim,13428,8.6916947618174e-311
91,DFT_CRT,time_and_value_scaling_t0,wide,DEoptim,13429,4.8891114586947e-311
91,DFT_CRT,time_and_value_scaling_t0,wide,DEoptim,13430,17259306343864256e227
91,DFT_CRT,time_and_value_scaling_t0,wide,DEoptim,13431,1.6408010939237073e-306
91,DFT_CRT,time_and_value_scaling_t0,wide,DEoptim,13432,2.279031907632954e-305
91,DFT_CRT,time_and_value_scaling_t0,wide,DEoptim,13433,7.281331694632016e-304
91,DFT_CRT,time_and_value_scaling_t0,wide,DEoptim,13434,2.2075514058999336e-305
91,DFT_CRT,time_and_value_scaling_t0,wide,DEoptim,13435,2.136349042427703e-305
91,DFT_CRT,time_and_value_scaling_t0,wide,DEoptim,13436,2.0651466789554727e-305
91,DFT_CRT,time_and_value_scaling_t0,wide,DEoptim,13437,2.5638413615218756e-305
91,DFT_CRT,time_and_value_scaling_t0,wide,DEoptim,13438,1.807872510717062e-308
91,DFT_CRT,time_and_value_scaling_t0,wide,DEoptim,13439,1.390671161696517e-308
91,DFT_CRT,time_and_value_scaling_t0,wide,DEoptim,13440,6.475817e-318
91,DFT_CRT,time_and_value_scaling_t0,wide,DEoptim,13441,4.172013485024793e-309
91,DFT_CRT,time_and_value_scaling_t0,wide,DEoptim,13442,7.161177706272627e-304
91,DFT_CRT,time_and_value_scaling_t0,wide,DEoptim,13443,2.5638413615218756e-305
91,DFT_CRT,time_and_value_scaling_t0,wide,DEoptim,13444,1.8095022032254906e-308
91,DFT_CRT,time_and_value_scaling_t0,wide,DEoptim,13445,1.061127412e-314
91,DFT_CRT,time_and_value_scaling_t0,wide,DEoptim,13446,1.39067116189079e-309
91,DFT_CRT,time_and_value_scaling_t0,wide,DEoptim,13447,2.803071560357277e-309
91,DFT_CRT,time_and_value_scaling_t0,wide,DEoptim,13448,2.225073866793212e-308
91,DFT_CRT,time_and_value_scaling_t0,wide,DEoptim,13449,1.2516125334258437e-308
91,DFT_CRT,time_and_value_scaling_t0,wide,DEoptim,13450,4782144767937829e165
91,DFT_CRT,time_and_value_scaling_t0,wide,DEoptim,13451,18399669185336583e207
91,DFT_CRT,time_and_value_scaling_t0,wide,DEoptim,13452,6.835426899721121e-304
91,DFT_CRT,time_and_value_scaling_t0,wide,DEoptim,13453,1.807872510717062e-308
91,DFT_CRT,time_and_value_scaling_t0,wide,DEoptim,13454,1.390671161696517e-308
91,DFT_CRT,time_and_value_scaling_t0,wide,DEoptim,13455,6.475817e-318
91,DFT_CRT,time_and_value_scaling_t0,wide,DEoptim,13456,4.172013485024793e-309
91,DFT_CRT,time_and_value_scaling_t0,wide,DEoptim,13457,7.144267144947972e-304
91,DFT_CRT,time_and_value_scaling_t0,wide,DEoptim,13458,2.5638413615218756e-305
91,DFT_CRT,time_and_value_scaling_t0,wide,DEoptim,13459,1.8095022032254906e-308
91,DFT_CRT,time_and_value_scaling_t0,wide,DEoptim,13460,1.061127412e-314
91,DFT_CRT,time_and_value_scaling_t0,wide,DEoptim,13461,1.39067116189079e-309
91,DFT_CRT,time_and_value_scaling_t0,wide,DEoptim,13462,2.803071560357277e-309
91,DFT_CRT,time_and_value_scaling_t0,wide,DEoptim,13463,2.225073866793212e-308
91,DFT_CRT,time_and_value_scaling_t0,wide,DEoptim,13464,1.2516125334258437e-308
91,DFT_CRT,time_and_value_scaling_t0,wide,DEoptim,13465,4782144767937829e165
91,DFT_CRT,time_and_value_scaling_t0,wide,DEoptim,13466,18399669185336583e207
91,DFT_CRT,time_and_value_scaling_t0,wide,DEoptim,13467,6.835426899721121e-304
91,DFT_CRT,time_and_value_scaling_t0,wide,DEoptim,13468,1.807872510717062e-308
91,DFT_CRT,time_and_value_scaling_t0,wide,DEoptim,13469,1.390671161696517e-308
91,DFT_CRT,time_and_value_scaling_t0,wide,DEoptim,13470,6.475817e-318
91,DFT_CRT,time_and_value_scaling_t0,wide,DEoptim,13471,4.172013485024793e-309
91,DFT_CRT,time_and_value_scaling_t0,wide,DEoptim,13472,7.071284722388936e-304
91,DFT_CRT,time_and_value_scaling_t0,wide,DEoptim,13473,2.5638413615218756e-305
91,DFT_CRT,time_and_value_scaling_t0,wide,DEoptim,13474,1.8095022032254906e-308
91,DFT_CRT,time_and_value_scaling_t0,wide,DEoptim,13475,1.061127412e-314
91,DFT_CRT,time_and_value_scaling_t0,wide,DEoptim,13476,1.39067116189079e-309
91,DFT_CRT,time_and_value_scaling_t0,wide,DEoptim,13477,2.803071560357277e-309
91,DFT_CRT,time_and_value_scaling_t0,wide,DEoptim,13478,2.225073866793212e-308
91,DFT_CRT,time_and_value_scaling_t0,wide,DEoptim,13479,1.2516125334258437e-308
91,DFT_CRT,time_and_value_scaling_t0,wide,DEoptim,13480,4782144767937829e165
91,DFT_CRT,time_and_value_scaling_t0,wide,DEoptim,13481,18399669185336583e207
91,DFT_CRT,time_and_value_scaling_t0,wide,DEoptim,13482,6.835426899721121e-304
91,DFT_CRT,time_and_value_scaling_t0,wide,DEoptim,13483,1.807872510717062e-308
91,DFT_CRT,time_and_value_scaling_t0,wide,DEoptim,13484,1.390671161696517e-308
91,DFT_CRT,time_and_value_scaling_t0,wide,DEoptim,13485,6.475817e-318
91,DFT_CRT,time_and_value_scaling_t0,wide,DEoptim,13486,4.172013485024793e-309
91,DFT_CRT,time_and_value_scaling_t0,wide,DEoptim,13487,7.0748448405625474e-304
91,DFT_CRT,time_and_value_scaling_t0,wide,DEoptim,13488,2.5638413615218756e-305
91,DFT_CRT,time_and_value_scaling_t0,wide,DEoptim,13489,1.8095022032254906e-308
91,DFT_CRT,time_and_value_scaling_t0,wide,DEoptim,13490,1.061127412e-314
91,DFT_CRT,time_and_value_scaling_t0,wide,DEoptim,13491,1.39067116189079e-309
91,DFT_CRT,time_and_value_scaling_t0,wide,DEoptim,13492,2.803071560357277e-309
91,DFT_CRT,time_and_value_scaling_t0,wide,DEoptim,13493,2.225073866793212e-308
91,DFT_CRT,time_and_value_scaling_t0,wide,DEoptim,13494,1.2516125334258437e-308
91,DFT_CRT,time_and_value_scaling_t0,wide,DEoptim,13495,4782144767937829e165
91,DFT_CRT,time_and_value_scaling_t0,wide,DEoptim,13496,18399669185336583e207
91,DFT_CRT,time_and_value_scaling_t0,wide,DEoptim,13497,6.835426899721121e-304
91,DFT_CRT,time_and_value_scaling_t0,wide,DEoptim,13498,1.807872510717062e-308
91,DFT_CRT,time_and_value_scaling_t0,wide,DEoptim,13499,1.390671161696517e-308
91,DFT_CRT,time_and_value_scaling_t0,wide,DEoptim,13500,6.475817e-318
91,DFT_CRT,time_and_value_scaling_t0,wide,DEoptim,13501,4.172013485024793e-309
91,DFT_CRT,time_and_value_scaling_t0,wide,DEoptim,13502,7.185208503944505e-304
91,DFT_CRT,time_and_value_scaling_t0,wide,DEoptim,13503,2.5638413615218756e-305
91,DFT_CRT,time_and_value_scaling_t0,wide,DEoptim,13504,1.8095022032254906e-308
91,DFT_CRT,time_and_value_scaling_t0,wide,DEoptim,13505,1.061127412e-314
91,DFT_CRT,time_and_value_scaling_t0,wide,DEoptim,13506,1.39067116189079e-309
91,DFT_CRT,time_and_value_scaling_t0,wide,DEoptim,13507,2.803071560357277e-309
91,DFT_CRT,time_and_value_scaling_t0,wide,DEoptim,13508,2.225073866793212e-308
91,DFT_CRT,time_and_value_scaling_t0,wide,DEoptim,13509,1.2516125334258437e-308
91,DFT_CRT,time_and_value_scaling_t0,wide,DEoptim,13510,4782144767937829e165
91,DFT_CRT,time_and_value_scaling_t0,wide,DEoptim,13511,18399669185336583e207
91,DFT_CRT,time_and_value_scaling_t0,wide,DEoptim,13512,6.835426899721121e-304
91,DFT_CRT,time_and_value_scaling_t0,wide,DEoptim,13513,1.807872510717062e-308
91,DFT_CRT,time_and_value_scaling_t0,wide,DEoptim,13514,1.390671161696517e-308
91,DFT_CRT,time_and_value_scaling_t0,wide,DEoptim,13515,6.475817e-318
91,DFT_CRT,time_and_value_scaling_t0,wide,DEoptim,13516,4.172013485024793e-309
91,DFT_CRT,time_and_value_scaling_t0,wide,DEoptim,13517,7.067724604215324e-304
91,DFT_CRT,time_and_value_scaling_t0,wide,DEoptim,13518,2.5638413615218756e-305
91,DFT_CRT,time_and_value_scaling_t0,wide,DEoptim,13519,1.8095022032254906e-308
91,DFT_CRT,time_and_value_scaling_t0,wide,DEoptim,13520,1.061127412e-314
91,DFT_CRT,time_and_value_scaling_t0,wide,DEoptim,13521,1.39067116189079e-309
91,DFT_CRT,time_and_value_scaling_t0,wide,DEoptim,13522,2.803071560357277e-309
91,DFT_CRT,time_and_value_scaling_t0,wide,DEoptim,13523,2.225073866793212e-308
91,DFT_CRT,time_and_value_scaling_t0,wide,DEoptim,13524,1.2516125334258437e-308
91,DFT_CRT,time_and_value_scaling_t0,wide,DEoptim,13525,4782144767937829e165
91,DFT_CRT,time_and_value_scaling_t0,wide,DEoptim,13526,18399669185336583e207
91,DFT_CRT,time_and_value_scaling_t0,wide,DEoptim,13527,6.835426899721121e-304
91,DFT_CRT,time_and_value_scaling_t0,wide,DEoptim,13528,7.2822217241754186e-304
91,DFT_CRT,time_and_value_scaling_t0,wide,DEoptim,13529,2.4214366345774147e-305
91,DFT_CRT,time_and_value_scaling_t0,wide,DEoptim,13530,2.991055542355258e-305
91,DFT_CRT,time_and_value_scaling_t0,wide,DEoptim,13531,2.7062460884663365e-305
91,DFT_CRT,time_and_value_scaling_t0,wide,DEoptim,13532,6.835426893652422e-304
91,DFT_CRT,time_and_value_scaling_t0,wide,DEoptim,13533,7.085528671708236e-304
91,DFT_CRT,time_and_value_scaling_t0,wide,DEoptim,13534,6.8354268934402224e-304
91,DFT_CRT,time_and_value_scaling_t0,wide,DEoptim,13535,7.086418701251639e-304
91,DFT_CRT,time_and_value_scaling_t0,wide,DEoptim,13536,6.8354268934402224e-304
91,DFT_CRT,time_and_value_scaling_t0,wide,DEoptim,13537,7.200339006129304e-304
91,DFT_CRT,time_and_value_scaling_t0,wide,DEoptim,13538,7.0873087309011416e-304
91,DFT_CRT,time_and_value_scaling_t0,wide,DEoptim,13539,2.991055542355258e-305
91,DFT_CRT,time_and_value_scaling_t0,wide,DEoptim,13540,6.835426893334123e-304
91,DFT_CRT,time_and_value_scaling_t0,wide,DEoptim,13541,6.835426893652422e-304
91,DFT_CRT,time_and_value_scaling_t0,wide,DEoptim,13542,7.085528671708236e-304
91,DFT_CRT,time_and_value_scaling_t0,wide,DEoptim,13543,6.8354268934402224e-304
91,DFT_CRT,time_and_value_scaling_t0,wide,DEoptim,13544,2.8486508154107973e-305
91,DFT_CRT,time_and_value_scaling_t0,wide,DEoptim,13545,6.8354268934402224e-304
91,DFT_CRT,time_and_value_scaling_t0,wide,DEoptim,13546,7.200339006129304e-304
91,DFT_CRT,time_and_value_scaling_t0,wide,DEoptim,13547,7.0873087309011416e-304
91,DFT_CRT,time_and_value_scaling_t0,wide,DEoptim,13548,2.991055542355258e-305
91,DFT_CRT,time_and_value_scaling_t0,wide,DEoptim,13549,6.835426893334123e-304
91,DFT_CRT,time_and_value_scaling_t0,wide,DEoptim,13550,3.133460269299719e-305
91,DFT_CRT,time_and_value_scaling_t0,wide,DEoptim,13551,7.2831117537188215e-304
91,DFT_CRT,time_and_value_scaling_t0,wide,DEoptim,13552,3.27586499624418e-305
91,DFT_CRT,time_and_value_scaling_t0,wide,DEoptim,13553,1.807872510717062e-308
91,DFT_CRT,time_and_value_scaling_t0,wide,DEoptim,13554,1.390671161696517e-308
91,DFT_CRT,time_and_value_scaling_t0,wide,DEoptim,13555,6.475817e-318
91,DFT_CRT,time_and_value_scaling_t0,wide,DEoptim,13556,4.172013485024793e-309
91,DFT_CRT,time_and_value_scaling_t0,wide,DEoptim,13557,7.144267144947972e-304
91,DFT_CRT,time_and_value_scaling_t0,wide,DEoptim,13558,3.27586499624418e-305
91,DFT_CRT,time_and_value_scaling_t0,wide,DEoptim,13559,1.8095022032254906e-308
91,DFT_CRT,time_and_value_scaling_t0,wide,DEoptim,13560,1.061127412e-314
91,DFT_CRT,time_and_value_scaling_t0,wide,DEoptim,13561,1.39067116189079e-309
91,DFT_CRT,time_and_value_scaling_t0,wide,DEoptim,13562,2.803071560357277e-309
91,DFT_CRT,time_and_value_scaling_t0,wide,DEoptim,13563,2.225073866793212e-308
91,DFT_CRT,time_and_value_scaling_t0,wide,DEoptim,13564,1.2516125334258437e-308
91,DFT_CRT,time_and_value_scaling_t0,wide,DEoptim,13565,4782144767937829e165
91,DFT_CRT,time_and_value_scaling_t0,wide,DEoptim,13566,18399669185336583e207
91,DFT_CRT,time_and_value_scaling_t0,wide,DEoptim,13567,6.835426899721121e-304
91,DFT_CRT,time_and_value_scaling_t0,wide,DEoptim,13568,1.807872510717062e-308
91,DFT_CRT,time_and_value_scaling_t0,wide,DEoptim,13569,1.390671161696517e-308
91,DFT_CRT,time_and_value_scaling_t0,wide,DEoptim,13570,6.475817e-318
91,DFT_CRT,time_and_value_scaling_t0,wide,DEoptim,13571,4.172013485024793e-309
91,DFT_CRT,time_and_value_scaling_t0,wide,DEoptim,13572,7.167407913076447e-304
91,DFT_CRT,time_and_value_scaling_t0,wide,DEoptim,13573,3.27586499624418e-305
91,DFT_CRT,time_and_value_scaling_t0,wide,DEoptim,13574,1.8095022032254906e-308
91,DFT_CRT,time_and_value_scaling_t0,wide,DEoptim,13575,1.061127412e-314
91,DFT_CRT,time_and_value_scaling_t0,wide,DEoptim,13576,1.39067116189079e-309
91,DFT_CRT,time_and_value_scaling_t0,wide,DEoptim,13577,2.803071560357277e-309
91,DFT_CRT,time_and_value_scaling_t0,wide,DEoptim,13578,2.225073866793212e-308
91,DFT_CRT,time_and_value_scaling_t0,wide,DEoptim,13579,1.2516125334258437e-308
91,DFT_CRT,time_and_value_scaling_t0,wide,DEoptim,13580,4782144767937829e165
91,DFT_CRT,time_and_value_scaling_t0,wide,DEoptim,13581,18399669185336583e207
91,DFT_CRT,time_and_value_scaling_t0,wide,DEoptim,13582,6.835426899721121e-304
91,DFT_CRT,time_and_value_scaling_t0,wide,DEoptim,13583,1.807872510717062e-308
91,DFT_CRT,time_and_value_scaling_t0,wide,DEoptim,13584,1.390671161696517e-308
91,DFT_CRT,time_and_value_scaling_t0,wide,DEoptim,13585,6.475817e-318
91,DFT_CRT,time_and_value_scaling_t0,wide,DEoptim,13586,4.172013485024793e-309
91,DFT_CRT,time_and_value_scaling_t0,wide,DEoptim,13587,7.185208503944505e-304
91,DFT_CRT,time_and_value_scaling_t0,wide,DEoptim,13588,3.27586499624418e-305
91,DFT_CRT,time_and_value_scaling_t0,wide,DEoptim,13589,1.8095022032254906e-308
91,DFT_CRT,time_and_value_scaling_t0,wide,DEoptim,13590,1.061127412e-314
91,DFT_CRT,time_and_value_scaling_t0,wide,DEoptim,13591,1.39067116189079e-309
91,DFT_CRT,time_and_value_scaling_t0,wide,DEoptim,13592,2.803071560357277e-309
91,DFT_CRT,time_and_value_scaling_t0,wide,DEoptim,13593,2.225073866793212e-308
91,DFT_CRT,time_and_value_scaling_t0,wide,DEoptim,13594,1.2516125334258437e-308
91,DFT_CRT,time_and_value_scaling_t0,wide,DEoptim,13595,4782144767937829e165
91,DFT_CRT,time_and_value_scaling_t0,wide,DEoptim,13596,18399669185336583e207
91,DFT_CRT,time_and_value_scaling_t0,wide,DEoptim,13597,6.835426899721121e-304
91,DFT_CRT,time_and_value_scaling_t0,wide,DEoptim,13598,1.807872510717062e-308
91,DFT_CRT,time_and_value_scaling_t0,wide,DEoptim,13599,1.390671161696517e-308
91,DFT_CRT,time_and_value_scaling_t0,wide,DEoptim,13600,6.475817e-318
91,DFT_CRT,time_and_value_scaling_t0,wide,DEoptim,13601,4.172013485024793e-309
91,DFT_CRT,time_and_value_scaling_t0,wide,DEoptim,13602,7.067724604215324e-304
91,DFT_CRT,time_and_value_scaling_t0,wide,DEoptim,13603,3.27586499624418e-305
91,DFT_CRT,time_and_value_scaling_t0,wide,DEoptim,13604,1.8095022032254906e-308
91,DFT_CRT,time_and_value_scaling_t0,wide,DEoptim,13605,1.061127412e-314
91,DFT_CRT,time_and_value_scaling_t0,wide,DEoptim,13606,1.39067116189079e-309
91,DFT_CRT,time_and_value_scaling_t0,wide,DEoptim,13607,2.803071560357277e-309
91,DFT_CRT,time_and_value_scaling_t0,wide,DEoptim,13608,2.225073866793212e-308
91,DFT_CRT,time_and_value_scaling_t0,wide,DEoptim,13609,1.2516125334258437e-308
91,DFT_CRT,time_and_value_scaling_t0,wide,DEoptim,13610,4782144767937829e165
91,DFT_CRT,time_and_value_scaling_t0,wide,DEoptim,13611,18399669185336583e207
91,DFT_CRT,time_and_value_scaling_t0,wide,DEoptim,13612,6.835426899721121e-304
91,DFT_CRT,time_and_value_scaling_t0,wide,DEoptim,13613,3.418269723188641e-305
91,DFT_CRT,time_and_value_scaling_t0,wide,DEoptim,13614,3.7030791770775627e-305
91,DFT_CRT,time_and_value_scaling_t0,wide,DEoptim,13615,3.8454839040220236e-305
91,DFT_CRT,time_and_value_scaling_t0,wide,DEoptim,13616,2.225073859025267e-308
91,DFT_CRT,time_and_value_scaling_t0,wide,DEoptim,13617,1.2516125334258437e-308
91,DFT_CRT,time_and_value_scaling_t0,wide,DEoptim,13618,18912766536574044e216
91,DFT_CRT,time_and_value_scaling_t0,wide,DEoptim,13619,1.7521285829591686e-134
91,DFT_CRT,time_and_value_scaling_t0,wide,DEoptim,13620,4.576711826228506e-246
91,DFT_CRT,time_and_value_scaling_t0,wide,DEoptim,13621,1.625974567924141e-260
91,DFT_CRT,time_and_value_scaling_t0,wide,DEoptim,13622,1.65780921e-315
91,DFT_CRT,time_and_value_scaling_t0,wide,DEoptim,13623,3.131513074179815e-294
91,DFT_CRT,time_and_value_scaling_t0,wide,DEoptim,13624,-6857655106429516e288
91,DFT_CRT,time_and_value_scaling_t0,wide,DEoptim,13625,-1.7577602992783086e-24
91,DFT_CRT,time_and_value_scaling_t0,wide,DEoptim,13626,5.434845090117003e-246
91,DFT_CRT,time_and_value_scaling_t0,wide,DEoptim,13627,2.71648617428e-312
91,DFT_CRT,time_and_value_scaling_t0,wide,DEoptim,13628,7.291122046717944e-304
91,DFT_CRT,time_and_value_scaling_t0,wide,DEoptim,13629,5.972887176221192e-299
91,DFT_CRT,time_and_value_scaling_t0,wide,DEoptim,13630,1.2882309820211476e-231
91,DFT_CRT,time_and_value_scaling_t0,wide,DEoptim,13631,2.4834631584438887e-265
91,DFT_CRT,time_and_value_scaling_t0,wide,DEoptim,13632,17571863260639937e227
91,DFT_CRT,time_and_value_scaling_t0,wide,DEoptim,13633,6933350747771166e30
91,DFT_CRT,time_and_value_scaling_t0,wide,DEoptim,13634,-8371164748194542e283
91,DFT_CRT,time_and_value_scaling_t0,wide,DEoptim,13635,NaN
91,DFT_CRT,time_and_value_scaling_t0,wide,DEoptim,13636,-1.1519657897350323e-19
91,DFT_CRT,time_and_value_scaling_t0,wide,DEoptim,13637,-7.549522999607508e-15
91,DFT_CRT,time_and_value_scaling_t0,wide,DEoptim,13638,4.576711826228506e-246
91,DFT_CRT,time_and_value_scaling_t0,wide,DEoptim,13639,1.625974567924141e-260
91,DFT_CRT,time_and_value_scaling_t0,wide,DEoptim,13640,7.291122454141135e-304
91,DFT_CRT,time_and_value_scaling_t0,wide,DEoptim,13641,2.0522684082944837e-289
91,DFT_CRT,time_and_value_scaling_t0,wide,DEoptim,13642,-4.947655393022776e-10
91,DFT_CRT,time_and_value_scaling_t0,wide,DEoptim,13643,1.2882298307039035e-231
91,DFT_CRT,time_and_value_scaling_t0,wide,DEoptim,13644,2.483463167686484e-265
91,DFT_CRT,time_and_value_scaling_t0,wide,DEoptim,13645,2121270778608426e146
91,DFT_CRT,time_and_value_scaling_t0,wide,DEoptim,13646,2.4834640587804166e-265
91,DFT_CRT,time_and_value_scaling_t0,wide,DEoptim,13647,434787100292794e185
91,DFT_CRT,time_and_value_scaling_t0,wide,DEoptim,13648,6.5402996957163e-310
91,DFT_CRT,time_and_value_scaling_t0,wide,DEoptim,13649,1.026727663765895e-309
91,DFT_CRT,time_and_value_scaling_t0,wide,DEoptim,13650,7.0683679813496e-311
91,DFT_CRT,time_and_value_scaling_t0,wide,DEoptim,13651,4.145029e-317
91,DFT_CRT,time_and_value_scaling_t0,wide,DEoptim,13652,1.086461845227e-311
91,DFT_CRT,time_and_value_scaling_t0,wide,DEoptim,13653,1.094949828391e-311
91,DFT_CRT,time_and_value_scaling_t0,wide,DEoptim,13654,8.691694792161e-311
91,DFT_CRT,time_and_value_scaling_t0,wide,DEoptim,13655,4.8891114586947e-311
91,DFT_CRT,time_and_value_scaling_t0,wide,DEoptim,13656,7497795326462078e232
91,DFT_CRT,time_and_value_scaling_t0,wide,DEoptim,13657,59927003901658496e159
91,DFT_CRT,time_and_value_scaling_t0,wide,DEoptim,13658,1.379806543269535e-309
91,DFT_CRT,time_and_value_scaling_t0,wide,DEoptim,13659,1.39050140190499e-309
91,DFT_CRT,time_and_value_scaling_t0,wide,DEoptim,13660,1.00499842686641e-309
91,DFT_CRT,time_and_value_scaling_t0,wide,DEoptim,13661,1.03759228221564e-309
91,DFT_CRT,time_and_value_scaling_t0,wide,DEoptim,13662,8.6916947618174e-311
91,DFT_CRT,time_and_value_scaling_t0,wide,DEoptim,13663,4.8891114586947e-311
91,DFT_CRT,time_and_value_scaling_t0,wide,DEoptim,13664,9477871650436212e155
91,DFT_CRT,time_and_value_scaling_t0,wide,DEoptim,13665,3.62604465647774e-217
91,DFT_CRT,time_and_value_scaling_t0,wide,DEoptim,13666,5.972887211822373e-299
91,DFT_CRT,time_and_value_scaling_t0,wide,DEoptim,13667,-2974036644126877e269
91,DFT_CRT,time_and_value_scaling_t0,wide,DEoptim,13668,NaN
91,DFT_CRT,time_and_value_scaling_t0,wide,DEoptim,13669,7.291122291171859e-304
91,DFT_CRT,time_and_value_scaling_t0,wide,DEoptim,13670,-8371160993642713e283
91,DFT_CRT,time_and_value_scaling_t0,wide,DEoptim,13671,1.6543613545285476e-24
91,DFT_CRT,time_and_value_scaling_t0,wide,DEoptim,13672,1.3687441759267783e-231
91,DFT_CRT,time_and_value_scaling_t0,wide,DEoptim,13673,6.688871553526807e-198
91,DFT_CRT,time_and_value_scaling_t0,wide,DEoptim,13674,6.406665928452613e-145
91,DFT_CRT,time_and_value_scaling_t0,wide,DEoptim,13675,6.406665976185994e-145
91,DFT_CRT,time_and_value_scaling_t0,wide,DEoptim,13676,5.299469906346235e-169
91,DFT_CRT,time_and_value_scaling_t0,wide,DEoptim,13677,1.1818212850897106e-125
91,DFT_CRT,time_and_value_scaling_t0,wide,DEoptim,13678,1.0206407705967572e-202
91,DFT_CRT,time_and_value_scaling_t0,wide,DEoptim,13679,2.0522684465209615e-289
91,DFT_CRT,time_and_value_scaling_t0,wide,DEoptim,13680,2.481040443175928e-265
91,DFT_CRT,time_and_value_scaling_t0,wide,DEoptim,13681,1.654361687329242e-24
91,DFT_CRT,time_and_value_scaling_t0,wide,DEoptim,13682,7880401562203501e100
91,DFT_CRT,time_and_value_scaling_t0,wide,DEoptim,13683,3.473060649575704e-164
91,DFT_CRT,time_and_value_scaling_t0,wide,DEoptim,13684,6.983508087658178e-251
91,DFT_CRT,time_and_value_scaling_t0,wide,DEoptim,13685,2.9993939518260094e-241
91,DFT_CRT,time_and_value_scaling_t0,wide,DEoptim,13686,4.576712116071346e-246
91,DFT_CRT,time_and_value_scaling_t0,wide,DEoptim,13687,3.7857682509078935e-270
91,DFT_CRT,time_and_value_scaling_t0,wide,DEoptim,13688,1.9656826298774965e-236
91,DFT_CRT,time_and_value_scaling_t0,wide,DEoptim,13689,6.688872674836239e-198
91,DFT_CRT,time_and_value_scaling_t0,wide,DEoptim,13690,5.299470143250997e-169
91,DFT_CRT,time_and_value_scaling_t0,wide,DEoptim,13691,1.1818213423238653e-125
91,DFT_CRT,time_and_value_scaling_t0,wide,DEoptim,13692,1.0206408276295042e-202
91,DFT_CRT,time_and_value_scaling_t0,wide,DEoptim,13693,2.052268545909804e-289
91,DFT_CRT,time_and_value_scaling_t0,wide,DEoptim,13694,1.557374344547429e-207
91,DFT_CRT,time_and_value_scaling_t0,wide,DEoptim,13695,6.688872026968567e-198
91,DFT_CRT,time_and_value_scaling_t0,wide,DEoptim,13696,4.38361917159412e-193
91,DFT_CRT,time_and_value_scaling_t0,wide,DEoptim,13697,1.02064090747535e-202
91,DFT_CRT,time_and_value_scaling_t0,wide,DEoptim,13698,5.075883750267859e-116
91,DFT_CRT,time_and_value_scaling_t0,wide,DEoptim,13699,4.778310171751252e-299
91,DFT_CRT,time_and_value_scaling_t0,wide,DEoptim,13700,8.442544276537971e-227
91,DFT_CRT,time_and_value_scaling_t0,wide,DEoptim,13701,6.688871404018883e-198
91,DFT_CRT,time_and_value_scaling_t0,wide,DEoptim,13702,5.299470340671633e-169
91,DFT_CRT,time_and_value_scaling_t0,wide,DEoptim,13703,1.1818213863501382e-125
91,DFT_CRT,time_and_value_scaling_t0,wide,DEoptim,13704,1.0206408656513355e-202
91,DFT_CRT,time_and_value_scaling_t0,wide,DEoptim,13705,2.0522686223627594e-289
91,DFT_CRT,time_and_value_scaling_t0,wide,DEoptim,13706,1.8827500559287963e-183
91,DFT_CRT,time_and_value_scaling_t0,wide,DEoptim,13707,1.4916683073900507e-154
91,DFT_CRT,time_and_value_scaling_t0,wide,DEoptim,13708,2.276105281680485e-159
91,DFT_CRT,time_and_value_scaling_t0,wide,DEoptim,13709,9.77579716438768e-150
91,DFT_CRT,time_and_value_scaling_t0,wide,DEoptim,13710,6.688871404018883e-198
91,DFT_CRT,time_and_value_scaling_t0,wide,DEoptim,13711,5.299470538092268e-169
91,DFT_CRT,time_and_value_scaling_t0,wide,DEoptim,13712,5.299470577576395e-169
91,DFT_CRT,time_and_value_scaling_t0,wide,DEoptim,13713,1.1818214347790383e-125
91,DFT_CRT,time_and_value_scaling_t0,wide,DEoptim,13714,1.6543614531361608e-24
91,DFT_CRT,time_and_value_scaling_t0,wide,DEoptim,13715,7880402413550187e100
91,DFT_CRT,time_and_value_scaling_t0,wide,DEoptim,13716,4946608674426372e158
91,DFT_CRT,time_and_value_scaling_t0,wide,DEoptim,13717,2.751642289424785e-135
91,DFT_CRT,time_and_value_scaling_t0,wide,DEoptim,13718,2.1800756736051757e-106
91,DFT_CRT,time_and_value_scaling_t0,wide,DEoptim,13719,1.428734393453888e-101
91,DFT_CRT,time_and_value_scaling_t0,wide,DEoptim,13720,3.3265315959135446e-111
91,DFT_CRT,time_and_value_scaling_t0,wide,DEoptim,13721,9.36335476737561e-97
91,DFT_CRT,time_and_value_scaling_t0,wide,DEoptim,13722,4.198673959302833e-140
91,DFT_CRT,time_and_value_scaling_t0,wide,DEoptim,13723,6.136366900201402e-92
91,DFT_CRT,time_and_value_scaling_t0,wide,DEoptim,13724,6.688874394177368e-198
91,DFT_CRT,time_and_value_scaling_t0,wide,DEoptim,13725,5.299470735512904e-169
91,DFT_CRT,time_and_value_scaling_t0,wide,DEoptim,13726,5.29947077499703e-169
91,DFT_CRT,time_and_value_scaling_t0,wide,DEoptim,13727,5.299470794739094e-169
91,DFT_CRT,time_and_value_scaling_t0,wide,DEoptim,13728,5.299470814481158e-169
91,DFT_CRT,time_and_value_scaling_t0,wide,DEoptim,13729,5.299470834223221e-169
91,DFT_CRT,time_and_value_scaling_t0,wide,DEoptim,13730,5.299470853965285e-169
91,DFT_CRT,time_and_value_scaling_t0,wide,DEoptim,13731,5.299470873707348e-169
91,DFT_CRT,time_and_value_scaling_t0,wide,DEoptim,13732,1.1818215008184476e-125
91,DFT_CRT,time_and_value_scaling_t0,wide,DEoptim,13733,7.291123296149065e-304
91,DFT_CRT,time_and_value_scaling_t0,wide,DEoptim,13734,1277337807619129e279
91,DFT_CRT,time_and_value_scaling_t0,wide,DEoptim,13735,2.0522685306192127e-289
91,DFT_CRT,time_and_value_scaling_t0,wide,DEoptim,13736,5.877472257703073e-39
91,DFT_CRT,time_and_value_scaling_t0,wide,DEoptim,13737,2.524355216441701e-29
91,DFT_CRT,time_and_value_scaling_t0,wide,DEoptim,13738,1.6543614346472333e-24
91,DFT_CRT,time_and_value_scaling_t0,wide,DEoptim,13739,3.85186043404773e-34
91,DFT_CRT,time_and_value_scaling_t0,wide,DEoptim,13740,5.29947038015576e-169
91,DFT_CRT,time_and_value_scaling_t0,wide,DEoptim,13741,1.1818215316368386e-125
91,DFT_CRT,time_and_value_scaling_t0,wide,DEoptim,13742,1.0206409911233789e-202
91,DFT_CRT,time_and_value_scaling_t0,wide,DEoptim,13743,2.052268874657513e-289
91,DFT_CRT,time_and_value_scaling_t0,wide,DEoptim,13744,2.0000001937150955
91,DFT_CRT,time_and_value_scaling_t0,wide,DEoptim,13745,4.656613220022088e-10
91,DFT_CRT,time_and_value_scaling_t0,wide,DEoptim,13746,7.745184781849557e-121
91,DFT_CRT,time_and_value_scaling_t0,wide,DEoptim,13747,3.13151382079071e-294
91,DFT_CRT,time_and_value_scaling_t0,wide,DEoptim,13748,-1.181821553649975e-125
91,DFT_CRT,time_and_value_scaling_t0,wide,DEoptim,13749,562950001655808
91,DFT_CRT,time_and_value_scaling_t0,wide,DEoptim,13750,2417851945474033e9
91,DFT_CRT,time_and_value_scaling_t0,wide,DEoptim,13751,15845634214710718e13
91,DFT_CRT,time_and_value_scaling_t0,wide,DEoptim,13752,2.0522686605892373e-289
91,DFT_CRT,time_and_value_scaling_t0,wide,DEoptim,13753,10384594916324068e18
91,DFT_CRT,time_and_value_scaling_t0,wide,DEoptim,13754,36893493370099335e3
91,DFT_CRT,time_and_value_scaling_t0,wide,DEoptim,13755,-5.075883712449579e-116
91,DFT_CRT,time_and_value_scaling_t0,wide,DEoptim,13756,2.052268522973917e-289
91,DFT_CRT,time_and_value_scaling_t0,wide,DEoptim,13757,6805647896185033e23
91,DFT_CRT,time_and_value_scaling_t0,wide,DEoptim,13758,6.688871404018883e-198
91,DFT_CRT,time_and_value_scaling_t0,wide,DEoptim,13759,5.299471288290682e-169
91,DFT_CRT,time_and_value_scaling_t0,wide,DEoptim,13760,1.181821597676248e-125
91,DFT_CRT,time_and_value_scaling_t0,wide,DEoptim,13761,1.0206410481561259e-202
91,DFT_CRT,time_and_value_scaling_t0,wide,DEoptim,13762,2.0522689893369465e-289
91,DFT_CRT,time_and_value_scaling_t0,wide,DEoptim,13763,3533694656118227e57
91,DFT_CRT,time_and_value_scaling_t0,wide,DEoptim,13764,6.688871404018883e-198
91,DFT_CRT,time_and_value_scaling_t0,wide,DEoptim,13765,5.299470735512904e-169
91,DFT_CRT,time_and_value_scaling_t0,wide,DEoptim,13766,5.299471426485127e-169
91,DFT_CRT,time_and_value_scaling_t0,wide,DEoptim,13767,5.299471446227191e-169
91,DFT_CRT,time_and_value_scaling_t0,wide,DEoptim,13768,5.299470814481158e-169
91,DFT_CRT,time_and_value_scaling_t0,wide,DEoptim,13769,5.299471465969254e-169
91,DFT_CRT,time_and_value_scaling_t0,wide,DEoptim,13770,5.299471485711318e-169
91,DFT_CRT,time_and_value_scaling_t0,wide,DEoptim,13771,5.299470873707348e-169
91,DFT_CRT,time_and_value_scaling_t0,wide,DEoptim,13772,1.1818215008184476e-125
91,DFT_CRT,time_and_value_scaling_t0,wide,DEoptim,13773,1.0206410671670415e-202
91,DFT_CRT,time_and_value_scaling_t0,wide,DEoptim,13774,2.052269050499311e-289
91,DFT_CRT,time_and_value_scaling_t0,wide,DEoptim,13775,12024539054084608e95
91,DFT_CRT,time_and_value_scaling_t0,wide,DEoptim,13776,5164500314112381e105
91,DFT_CRT,time_and_value_scaling_t0,wide,DEoptim,13777,338460692585669e111
91,DFT_CRT,time_and_value_scaling_t0,wide,DEoptim,13778,7880402354836623e100
91,DFT_CRT,time_and_value_scaling_t0,wide,DEoptim,13779,22181359370870433e114
91,DFT_CRT,time_and_value_scaling_t0,wide,DEoptim,13780,6.688871404018883e-198
91,DFT_CRT,time_and_value_scaling_t0,wide,DEoptim,13781,5.29947166338989e-169
91,DFT_CRT,time_and_value_scaling_t0,wide,DEoptim,13782,1.1818216813261663e-125
91,DFT_CRT,time_and_value_scaling_t0,wide,DEoptim,13783,1.0206411203976054e-202
91,DFT_CRT,time_and_value_scaling_t0,wide,DEoptim,13784,2.052269134597562e-289
91,DFT_CRT,time_and_value_scaling_t0,wide,DEoptim,13785,26815617857804266e138
91,DFT_CRT,time_and_value_scaling_t0,wide,DEoptim,13786,1151722184542472e149
91,DFT_CRT,time_and_value_scaling_t0,wide,DEoptim,13787,7547924933997716e153
91,DFT_CRT,time_and_value_scaling_t0,wide,DEoptim,13788,6.68887157854213e-198
91,DFT_CRT,time_and_value_scaling_t0,wide,DEoptim,13789,5.299471801584334e-169
91,DFT_CRT,time_and_value_scaling_t0,wide,DEoptim,13790,5.299471841068461e-169
91,DFT_CRT,time_and_value_scaling_t0,wide,DEoptim,13791,2.7516431094780206e-135
91,DFT_CRT,time_and_value_scaling_t0,wide,DEoptim,13792,9124882289022168e177
91,DFT_CRT,time_and_value_scaling_t0,wide,DEoptim,13793,32418094971021066e162
91,DFT_CRT,time_and_value_scaling_t0,wide,DEoptim,13794,598008265643569e183
91,DFT_CRT,time_and_value_scaling_t0,wide,DEoptim,13795,2.3763644932795396e-212
91,DFT_CRT,time_and_value_scaling_t0,wide,DEoptim,13796,1.6543618722185167e-24
91,DFT_CRT,time_and_value_scaling_t0,wide,DEoptim,13797,3.13151431075411e-294
91,DFT_CRT,time_and_value_scaling_t0,wide,DEoptim,13798,4.022378956099789e-270
91,DFT_CRT,time_and_value_scaling_t0,wide,DEoptim,13799,11031305471384644e201
91,DFT_CRT,time_and_value_scaling_t0,wide,DEoptim,13800,4737909817329251e211
91,DFT_CRT,time_and_value_scaling_t0,wide,DEoptim,13801,3105036520049092e216
91,DFT_CRT,time_and_value_scaling_t0,wide,DEoptim,13802,20349167716826466e220
91,DFT_CRT,time_and_value_scaling_t0,wide,DEoptim,13803,7229476757705078e206
91,DFT_CRT,time_and_value_scaling_t0,wide,DEoptim,13804,2.636105292954466e-265
91,DFT_CRT,time_and_value_scaling_t0,wide,DEoptim,13805,4.778310029346525e-299
91,DFT_CRT,time_and_value_scaling_t0,wide,DEoptim,13806,8.44254289282027e-227
91,DFT_CRT,time_and_value_scaling_t0,wide,DEoptim,13807,2.3763644932795396e-212
91,DFT_CRT,time_and_value_scaling_t0,wide,DEoptim,13808,7.291124328287818e-304
91,DFT_CRT,time_and_value_scaling_t0,wide,DEoptim,13809,8.814429439576345e-280
91,DFT_CRT,time_and_value_scaling_t0,wide,DEoptim,13810,2.105417699e-314
91,DFT_CRT,time_and_value_scaling_t0,wide,DEoptim,13811,4.778314267277823e-299
91,DFT_CRT,time_and_value_scaling_t0,wide,DEoptim,13812,-5727786203457123e235
91,DFT_CRT,time_and_value_scaling_t0,wide,DEoptim,13813,8.814425663402488e-280
91,DFT_CRT,time_and_value_scaling_t0,wide,DEoptim,13814,2.105417699e-314
91,DFT_CRT,time_and_value_scaling_t0,wide,DEoptim,13815,4.778314267695025e-299
91,DFT_CRT,time_and_value_scaling_t0,wide,DEoptim,13816,2.105417699e-314
91,DFT_CRT,time_and_value_scaling_t0,wide,DEoptim,13817,4.778314283409609e-299
91,DFT_CRT,time_and_value_scaling_t0,wide,DEoptim,13818,-5727786203457123e235
91,DFT_CRT,time_and_value_scaling_t0,wide,DEoptim,13819,8.814425696238783e-280
91,DFT_CRT,time_and_value_scaling_t0,wide,DEoptim,13820,2.105417699e-314
91,DFT_CRT,time_and_value_scaling_t0,wide,DEoptim,13821,4.778314278889927e-299
91,DFT_CRT,time_and_value_scaling_t0,wide,DEoptim,13822,2.105417699e-314
91,DFT_CRT,time_and_value_scaling_t0,wide,DEoptim,13823,7.291122454141135e-304
91,DFT_CRT,time_and_value_scaling_t0,wide,DEoptim,13824,4.778309886942885e-299
91,DFT_CRT,time_and_value_scaling_t0,wide,DEoptim,13825,1.0864618495507e-311
91,DFT_CRT,time_and_value_scaling_t0,wide,DEoptim,13826,3.2126e-319
91,DFT_CRT,time_and_value_scaling_t0,wide,DEoptim,13827,2.052769442741057e-289
91,DFT_CRT,time_and_value_scaling_t0,wide,DEoptim,13828,1.1383e-320
91,DFT_CRT,time_and_value_scaling_t0,wide,DEoptim,13829,1.37980654311979e-309
91,DFT_CRT,time_and_value_scaling_t0,wide,DEoptim,13830,1.0864618758355e-311
91,DFT_CRT,time_and_value_scaling_t0,wide,DEoptim,13831,1.379806543124848e-309
91,DFT_CRT,time_and_value_scaling_t0,wide,DEoptim,13832,1.6296927983226e-311
91,DFT_CRT,time_and_value_scaling_t0,wide,DEoptim,13833,1.379806543124848e-309
91,DFT_CRT,time_and_value_scaling_t0,wide,DEoptim,13834,1.38581179120569e-309
91,DFT_CRT,time_and_value_scaling_t0,wide,DEoptim,13835,1.37980654311979e-309
91,DFT_CRT,time_and_value_scaling_t0,wide,DEoptim,13836,2.17292372081e-311
91,DFT_CRT,time_and_value_scaling_t0,wide,DEoptim,13837,1.379806543124848e-309
91,DFT_CRT,time_and_value_scaling_t0,wide,DEoptim,13838,1.386681809479986e-309
91,DFT_CRT,time_and_value_scaling_t0,wide,DEoptim,13839,1.37980654311979e-309
91,DFT_CRT,time_and_value_scaling_t0,wide,DEoptim,13840,1.387254748343547e-309
91,DFT_CRT,time_and_value_scaling_t0,wide,DEoptim,13841,1.37980654311979e-309
91,DFT_CRT,time_and_value_scaling_t0,wide,DEoptim,13842,1.388697705481403e-309
91,DFT_CRT,time_and_value_scaling_t0,wide,DEoptim,13843,1.37980654311726e-309
91,DFT_CRT,time_and_value_scaling_t0,wide,DEoptim,13844,1.37980654311979e-309
91,DFT_CRT,time_and_value_scaling_t0,wide,DEoptim,13845,1.38765792754383e-309
91,DFT_CRT,time_and_value_scaling_t0,wide,DEoptim,13846,1.37980654311726e-309
91,DFT_CRT,time_and_value_scaling_t0,wide,DEoptim,13847,1.37980654311979e-309
91,DFT_CRT,time_and_value_scaling_t0,wide,DEoptim,13848,8.691694759794e-311
91,DFT_CRT,time_and_value_scaling_t0,wide,DEoptim,13849,4.8891114586947e-311
91,DFT_CRT,time_and_value_scaling_t0,wide,DEoptim,13850,2274941196562841e146
91,DFT_CRT,time_and_value_scaling_t0,wide,DEoptim,13851,1.32113e-319
91,DFT_CRT,time_and_value_scaling_t0,wide,DEoptim,13852,3.2126e-319
91,DFT_CRT,time_and_value_scaling_t0,wide,DEoptim,13853,3.2126e-319
91,DFT_CRT,time_and_value_scaling_t0,wide,DEoptim,13854,1.0864618771003e-311
91,DFT_CRT,time_and_value_scaling_t0,wide,DEoptim,13855,1.32548345118981e-309
91,DFT_CRT,time_and_value_scaling_t0,wide,DEoptim,13856,3.259385535555e-311
91,DFT_CRT,time_and_value_scaling_t0,wide,DEoptim,13857,3.2126e-319
91,DFT_CRT,time_and_value_scaling_t0,wide,DEoptim,13858,1.0864618772426e-311
91,DFT_CRT,time_and_value_scaling_t0,wide,DEoptim,13859,1.32548345118981e-309
91,DFT_CRT,time_and_value_scaling_t0,wide,DEoptim,13860,3.2593855356815e-311
91,DFT_CRT,time_and_value_scaling_t0,wide,DEoptim,13861,3.2126e-319
91,DFT_CRT,time_and_value_scaling_t0,wide,DEoptim,13862,1.0864618772456e-311
91,DFT_CRT,time_and_value_scaling_t0,wide,DEoptim,13863,1.32548345118981e-309
91,DFT_CRT,time_and_value_scaling_t0,wide,DEoptim,13864,3.259385535808e-311
91,DFT_CRT,time_and_value_scaling_t0,wide,DEoptim,13865,3.2126e-319
91,DFT_CRT,time_and_value_scaling_t0,wide,DEoptim,13866,1.086461877255e-311
91,DFT_CRT,time_and_value_scaling_t0,wide,DEoptim,13867,1.32548345118981e-309
91,DFT_CRT,time_and_value_scaling_t0,wide,DEoptim,13868,3.2593855359345e-311
91,DFT_CRT,time_and_value_scaling_t0,wide,DEoptim,13869,3.2126e-319
91,DFT_CRT,time_and_value_scaling_t0,wide,DEoptim,13870,1.086461877245e-311
91,DFT_CRT,time_and_value_scaling_t0,wide,DEoptim,13871,3.2126e-319
91,DFT_CRT,time_and_value_scaling_t0,wide,DEoptim,13872,3.2256e-319
91,DFT_CRT,time_and_value_scaling_t0,wide,DEoptim,13873,3.2126e-319
91,DFT_CRT,time_and_value_scaling_t0,wide,DEoptim,13874,1.0864618771003e-311
91,DFT_CRT,time_and_value_scaling_t0,wide,DEoptim,13875,1.32548345118981e-309
91,DFT_CRT,time_and_value_scaling_t0,wide,DEoptim,13876,3.259385536061e-311
91,DFT_CRT,time_and_value_scaling_t0,wide,DEoptim,13877,3.2126e-319
91,DFT_CRT,time_and_value_scaling_t0,wide,DEoptim,13878,1.0864618772555e-311
91,DFT_CRT,time_and_value_scaling_t0,wide,DEoptim,13879,3.2126e-319
91,DFT_CRT,time_and_value_scaling_t0,wide,DEoptim,13880,3.2377e-319
91,DFT_CRT,time_and_value_scaling_t0,wide,DEoptim,13881,3.2126e-319
91,DFT_CRT,time_and_value_scaling_t0,wide,DEoptim,13882,1.0864618771003e-311
91,DFT_CRT,time_and_value_scaling_t0,wide,DEoptim,13883,3.259385567049e-311
91,DFT_CRT,time_and_value_scaling_t0,wide,DEoptim,13884,3.2126e-319
91,DFT_CRT,time_and_value_scaling_t0,wide,DEoptim,13885,1.0864618772367e-311
91,DFT_CRT,time_and_value_scaling_t0,wide,DEoptim,13886,1.32548345118981e-309
91,DFT_CRT,time_and_value_scaling_t0,wide,DEoptim,13887,3.2593855361875e-311
91,DFT_CRT,time_and_value_scaling_t0,wide,DEoptim,13888,3.2126e-319
91,DFT_CRT,time_and_value_scaling_t0,wide,DEoptim,13889,1.0864618772397e-311
91,DFT_CRT,time_and_value_scaling_t0,wide,DEoptim,13890,3.2126e-319
91,DFT_CRT,time_and_value_scaling_t0,wide,DEoptim,13891,1.086461877352e-311
91,DFT_CRT,time_and_value_scaling_t0,wide,DEoptim,13892,1.32548345118981e-309
91,DFT_CRT,time_and_value_scaling_t0,wide,DEoptim,13893,3.259385536314e-311
91,DFT_CRT,time_and_value_scaling_t0,wide,DEoptim,13894,3.2126e-319
91,DFT_CRT,time_and_value_scaling_t0,wide,DEoptim,13895,1.086461877257e-311
91,DFT_CRT,time_and_value_scaling_t0,wide,DEoptim,13896,3.2126e-319
91,DFT_CRT,time_and_value_scaling_t0,wide,DEoptim,13897,3.2377e-319
91,DFT_CRT,time_and_value_scaling_t0,wide,DEoptim,13898,3.2126e-319
91,DFT_CRT,time_and_value_scaling_t0,wide,DEoptim,13899,1.0864618771003e-311
91,DFT_CRT,time_and_value_scaling_t0,wide,DEoptim,13900,1.32548345118981e-309
91,DFT_CRT,time_and_value_scaling_t0,wide,DEoptim,13901,3.2593855364404e-311
91,DFT_CRT,time_and_value_scaling_t0,wide,DEoptim,13902,3.2126e-319
91,DFT_CRT,time_and_value_scaling_t0,wide,DEoptim,13903,1.0864618773523e-311
91,DFT_CRT,time_and_value_scaling_t0,wide,DEoptim,13904,3.2126e-319
91,DFT_CRT,time_and_value_scaling_t0,wide,DEoptim,13905,1.0864618773513e-311
91,DFT_CRT,time_and_value_scaling_t0,wide,DEoptim,13906,3.2126e-319
91,DFT_CRT,time_and_value_scaling_t0,wide,DEoptim,13907,3.23776e-319
91,DFT_CRT,time_and_value_scaling_t0,wide,DEoptim,13908,1.0864618771003e-311
91,DFT_CRT,time_and_value_scaling_t0,wide,DEoptim,13909,1.32548345118981e-309
91,DFT_CRT,time_and_value_scaling_t0,wide,DEoptim,13910,3.259385536567e-311
91,DFT_CRT,time_and_value_scaling_t0,wide,DEoptim,13911,3.2126e-319
91,DFT_CRT,time_and_value_scaling_t0,wide,DEoptim,13912,1.086461877238e-311
91,DFT_CRT,time_and_value_scaling_t0,wide,DEoptim,13913,3.259385567049e-311
91,DFT_CRT,time_and_value_scaling_t0,wide,DEoptim,13914,3.2126e-319
91,DFT_CRT,time_and_value_scaling_t0,wide,DEoptim,13915,1.0864618773523e-311
91,DFT_CRT,time_and_value_scaling_t0,wide,DEoptim,13916,3.2126e-319
91,DFT_CRT,time_and_value_scaling_t0,wide,DEoptim,13917,1.086461877352e-311
91,DFT_CRT,time_and_value_scaling_t0,wide,DEoptim,13918,3.2126e-319
91,DFT_CRT,time_and_value_scaling_t0,wide,DEoptim,13919,3.2377e-319
91,DFT_CRT,time_and_value_scaling_t0,wide,DEoptim,13920,1.0864618771003e-311
91,DFT_CRT,time_and_value_scaling_t0,wide,DEoptim,13921,3.2265e-319
91,DFT_CRT,time_and_value_scaling_t0,wide,DEoptim,13922,5.43230923752e-312
91,DFT_CRT,time_and_value_scaling_t0,wide,DEoptim,13923,1.265e-321
91,DFT_CRT,time_and_value_scaling_t0,wide,DEoptim,13924,3.2126e-319
91,DFT_CRT,time_and_value_scaling_t0,wide,DEoptim,13925,3.2126e-319
91,DFT_CRT,time_and_value_scaling_t0,wide,DEoptim,13926,1.0864618771003e-311
91,DFT_CRT,time_and_value_scaling_t0,wide,DEoptim,13927,1.32548345118981e-309
91,DFT_CRT,time_and_value_scaling_t0,wide,DEoptim,13928,3.2593855366934e-311
91,DFT_CRT,time_and_value_scaling_t0,wide,DEoptim,13929,3.2126e-319
91,DFT_CRT,time_and_value_scaling_t0,wide,DEoptim,13930,1.0864618772397e-311
91,DFT_CRT,time_and_value_scaling_t0,wide,DEoptim,13931,3.2126e-319
91,DFT_CRT,time_and_value_scaling_t0,wide,DEoptim,13932,1.086461877272e-311
91,DFT_CRT,time_and_value_scaling_t0,wide,DEoptim,13933,1.32548345118981e-309
91,DFT_CRT,time_and_value_scaling_t0,wide,DEoptim,13934,3.25938553682e-311
91,DFT_CRT,time_and_value_scaling_t0,wide,DEoptim,13935,3.2126e-319
91,DFT_CRT,time_and_value_scaling_t0,wide,DEoptim,13936,1.086461877353e-311
91,DFT_CRT,time_and_value_scaling_t0,wide,DEoptim,13937,3.2126e-319
91,DFT_CRT,time_and_value_scaling_t0,wide,DEoptim,13938,3.22976e-319
91,DFT_CRT,time_and_value_scaling_t0,wide,DEoptim,13939,3.2126e-319
91,DFT_CRT,time_and_value_scaling_t0,wide,DEoptim,13940,1.0864618771003e-311
91,DFT_CRT,time_and_value_scaling_t0,wide,DEoptim,13941,1.32548345118981e-309
91,DFT_CRT,time_and_value_scaling_t0,wide,DEoptim,13942,3.2593855369464e-311
91,DFT_CRT,time_and_value_scaling_t0,wide,DEoptim,13943,3.2126e-319
91,DFT_CRT,time_and_value_scaling_t0,wide,DEoptim,13944,1.0864618772397e-311
91,DFT_CRT,time_and_value_scaling_t0,wide,DEoptim,13945,3.2126e-319
91,DFT_CRT,time_and_value_scaling_t0,wide,DEoptim,13946,1.0864618772496e-311
91,DFT_CRT,time_and_value_scaling_t0,wide,DEoptim,13947,1.32548345118981e-309
91,DFT_CRT,time_and_value_scaling_t0,wide,DEoptim,13948,3.259385537073e-311
91,DFT_CRT,time_and_value_scaling_t0,wide,DEoptim,13949,3.2126e-319
91,DFT_CRT,time_and_value_scaling_t0,wide,DEoptim,13950,1.086461877353e-311
91,DFT_CRT,time_and_value_scaling_t0,wide,DEoptim,13951,3.2126e-319
91,DFT_CRT,time_and_value_scaling_t0,wide,DEoptim,13952,3.22753e-319
91,DFT_CRT,time_and_value_scaling_t0,wide,DEoptim,13953,3.2126e-319
91,DFT_CRT,time_and_value_scaling_t0,wide,DEoptim,13954,1.0864618771003e-311
91,DFT_CRT,time_and_value_scaling_t0,wide,DEoptim,13955,1.32548345118981e-309
91,DFT_CRT,time_and_value_scaling_t0,wide,DEoptim,13956,3.2593855371993e-311
91,DFT_CRT,time_and_value_scaling_t0,wide,DEoptim,13957,3.2126e-319
91,DFT_CRT,time_and_value_scaling_t0,wide,DEoptim,13958,1.0864618772426e-311
91,DFT_CRT,time_and_value_scaling_t0,wide,DEoptim,13959,1.32548345118981e-309
91,DFT_CRT,time_and_value_scaling_t0,wide,DEoptim,13960,3.259385537326e-311
91,DFT_CRT,time_and_value_scaling_t0,wide,DEoptim,13961,3.2126e-319
91,DFT_CRT,time_and_value_scaling_t0,wide,DEoptim,13962,1.0864618772456e-311
91,DFT_CRT,time_and_value_scaling_t0,wide,DEoptim,13963,1.32548345118981e-309
91,DFT_CRT,time_and_value_scaling_t0,wide,DEoptim,13964,3.2593855374523e-311
91,DFT_CRT,time_and_value_scaling_t0,wide,DEoptim,13965,3.2126e-319
91,DFT_CRT,time_and_value_scaling_t0,wide,DEoptim,13966,1.086461877255e-311
91,DFT_CRT,time_and_value_scaling_t0,wide,DEoptim,13967,1.32548345118981e-309
91,DFT_CRT,time_and_value_scaling_t0,wide,DEoptim,13968,3.259385537579e-311
91,DFT_CRT,time_and_value_scaling_t0,wide,DEoptim,13969,3.2126e-319
91,DFT_CRT,time_and_value_scaling_t0,wide,DEoptim,13970,1.0864618772624e-311
91,DFT_CRT,time_and_value_scaling_t0,wide,DEoptim,13971,3.2126e-319
91,DFT_CRT,time_and_value_scaling_t0,wide,DEoptim,13972,1.086461877263e-311
91,DFT_CRT,time_and_value_scaling_t0,wide,DEoptim,13973,3.2126e-319
91,DFT_CRT,time_and_value_scaling_t0,wide,DEoptim,13974,3.22753e-319
91,DFT_CRT,time_and_value_scaling_t0,wide,DEoptim,13975,3.2126e-319
91,DFT_CRT,time_and_value_scaling_t0,wide,DEoptim,13976,1.0864618771003e-311
91,DFT_CRT,time_and_value_scaling_t0,wide,DEoptim,13977,1.32548345118981e-309
91,DFT_CRT,time_and_value_scaling_t0,wide,DEoptim,13978,3.259385537705e-311
91,DFT_CRT,time_and_value_scaling_t0,wide,DEoptim,13979,3.2126e-319
91,DFT_CRT,time_and_value_scaling_t0,wide,DEoptim,13980,1.086461877255e-311
91,DFT_CRT,time_and_value_scaling_t0,wide,DEoptim,13981,1.32548345118981e-309
91,DFT_CRT,time_and_value_scaling_t0,wide,DEoptim,13982,3.2593855378317e-311
91,DFT_CRT,time_and_value_scaling_t0,wide,DEoptim,13983,3.2126e-319
91,DFT_CRT,time_and_value_scaling_t0,wide,DEoptim,13984,1.0864618772624e-311
91,DFT_CRT,time_and_value_scaling_t0,wide,DEoptim,13985,3.2126e-319
91,DFT_CRT,time_and_value_scaling_t0,wide,DEoptim,13986,1.086461877263e-311
91,DFT_CRT,time_and_value_scaling_t0,wide,DEoptim,13987,3.2126e-319
91,DFT_CRT,time_and_value_scaling_t0,wide,DEoptim,13988,3.22976e-319
91,DFT_CRT,time_and_value_scaling_t0,wide,DEoptim,13989,3.2126e-319
91,DFT_CRT,time_and_value_scaling_t0,wide,DEoptim,13990,3.2126e-319
91,DFT_CRT,time_and_value_scaling_t0,wide,DEoptim,13991,1.0864618771003e-311
91,DFT_CRT,time_and_value_scaling_t0,wide,DEoptim,13992,3.259385567049e-311
91,DFT_CRT,time_and_value_scaling_t0,wide,DEoptim,13993,3.2126e-319
91,DFT_CRT,time_and_value_scaling_t0,wide,DEoptim,13994,1.0864618772367e-311
91,DFT_CRT,time_and_value_scaling_t0,wide,DEoptim,13995,1.32548345118981e-309
91,DFT_CRT,time_and_value_scaling_t0,wide,DEoptim,13996,3.259385537958e-311
91,DFT_CRT,time_and_value_scaling_t0,wide,DEoptim,13997,3.2126e-319
91,DFT_CRT,time_and_value_scaling_t0,wide,DEoptim,13998,1.086461877251e-311
91,DFT_CRT,time_and_value_scaling_t0,wide,DEoptim,13999,1.32548345118981e-309
91,DFT_CRT,time_and_value_scaling_t0,wide,DEoptim,14000,3.2593855380847e-311
91,DFT_CRT,time_and_value_scaling_t0,wide,DEoptim,14001,7.291122019661668e-304
91,DFT_CRT,time_and_value_scaling_t0,wide,DEoptim,14002,1.086461877227e-311
91,DFT_CRT,time_and_value_scaling_t0,wide,DEoptim,14003,3.2126e-319
91,DFT_CRT,time_and_value_scaling_t0,wide,DEoptim,14004,1.086461877272e-311
91,DFT_CRT,time_and_value_scaling_t0,wide,DEoptim,14005,3.2126e-319
91,DFT_CRT,time_and_value_scaling_t0,wide,DEoptim,14006,1.086461877292e-311
91,DFT_CRT,time_and_value_scaling_t0,wide,DEoptim,14007,1.32548345118981e-309
91,DFT_CRT,time_and_value_scaling_t0,wide,DEoptim,14008,3.259385538211e-311
91,DFT_CRT,time_and_value_scaling_t0,wide,DEoptim,14009,3.2126e-319
91,DFT_CRT,time_and_value_scaling_t0,wide,DEoptim,14010,1.08646187724e-311
91,DFT_CRT,time_and_value_scaling_t0,wide,DEoptim,14011,1.32548345118981e-309
91,DFT_CRT,time_and_value_scaling_t0,wide,DEoptim,14012,3.2593855383376e-311
91,DFT_CRT,time_and_value_scaling_t0,wide,DEoptim,14013,3.2126e-319
91,DFT_CRT,time_and_value_scaling_t0,wide,DEoptim,14014,1.08646187724e-311
91,DFT_CRT,time_and_value_scaling_t0,wide,DEoptim,14015,3.2126e-319
91,DFT_CRT,time_and_value_scaling_t0,wide,DEoptim,14016,1.0864618772283e-311
91,DFT_CRT,time_and_value_scaling_t0,wide,DEoptim,14017,3.2126e-319
91,DFT_CRT,time_and_value_scaling_t0,wide,DEoptim,14018,3.23183e-319
91,DFT_CRT,time_and_value_scaling_t0,wide,DEoptim,14019,1.0864618771003e-311
91,DFT_CRT,time_and_value_scaling_t0,wide,DEoptim,14020,3.2126e-319
91,DFT_CRT,time_and_value_scaling_t0,wide,DEoptim,14021,3.23396e-319
91,DFT_CRT,time_and_value_scaling_t0,wide,DEoptim,14022,1.0864618771003e-311
91,DFT_CRT,time_and_value_scaling_t0,wide,DEoptim,14023,3.2126e-319
91,DFT_CRT,time_and_value_scaling_t0,wide,DEoptim,14024,1.0864618772496e-311
91,DFT_CRT,time_and_value_scaling_t0,wide,DEoptim,14025,3.2126e-319
91,DFT_CRT,time_and_value_scaling_t0,wide,DEoptim,14026,1.086461877351e-311
91,DFT_CRT,time_and_value_scaling_t0,wide,DEoptim,14027,1.32548345118981e-309
91,DFT_CRT,time_and_value_scaling_t0,wide,DEoptim,14028,3.259385538464e-311
91,DFT_CRT,time_and_value_scaling_t0,wide,DEoptim,14029,3.2126e-319
91,DFT_CRT,time_and_value_scaling_t0,wide,DEoptim,14030,1.08646187724e-311
91,DFT_CRT,time_and_value_scaling_t0,wide,DEoptim,14031,1.32548345118981e-309
91,DFT_CRT,time_and_value_scaling_t0,wide,DEoptim,14032,3.2593855385906e-311
91,DFT_CRT,time_and_value_scaling_t0,wide,DEoptim,14033,3.2126e-319
91,DFT_CRT,time_and_value_scaling_t0,wide,DEoptim,14034,1.08646187724e-311
91,DFT_CRT,time_and_value_scaling_t0,wide,DEoptim,14035,3.2126e-319
91,DFT_CRT,time_and_value_scaling_t0,wide,DEoptim,14036,1.0864618772283e-311
91,DFT_CRT,time_and_value_scaling_t0,wide,DEoptim,14037,3.2126e-319
91,DFT_CRT,time_and_value_scaling_t0,wide,DEoptim,14038,3.23183e-319
91,DFT_CRT,time_and_value_scaling_t0,wide,DEoptim,14039,1.0864618771003e-311
91,DFT_CRT,time_and_value_scaling_t0,wide,DEoptim,14040,3.2126e-319
91,DFT_CRT,time_and_value_scaling_t0,wide,DEoptim,14041,3.23287e-319
91,DFT_CRT,time_and_value_scaling_t0,wide,DEoptim,14042,1.0864618771003e-311
91,DFT_CRT,time_and_value_scaling_t0,wide,DEoptim,14043,1.32548345118981e-309
91,DFT_CRT,time_and_value_scaling_t0,wide,DEoptim,14044,3.259385538717e-311
91,DFT_CRT,time_and_value_scaling_t0,wide,DEoptim,14045,3.2126e-319
91,DFT_CRT,time_and_value_scaling_t0,wide,DEoptim,14046,1.086461877255e-311
91,DFT_CRT,time_and_value_scaling_t0,wide,DEoptim,14047,3.2126e-319
91,DFT_CRT,time_and_value_scaling_t0,wide,DEoptim,14048,3.2261e-319
91,DFT_CRT,time_and_value_scaling_t0,wide,DEoptim,14049,3.2126e-319
91,DFT_CRT,time_and_value_scaling_t0,wide,DEoptim,14050,3.2126e-319
91,DFT_CRT,time_and_value_scaling_t0,wide,DEoptim,14051,3.2126e-319
91,DFT_CRT,time_and_value_scaling_t0,wide,DEoptim,14052,3.2126e-319
91,DFT_CRT,time_and_value_scaling_t0,wide,DEoptim,14053,1.0864618771003e-311
91,DFT_CRT,time_and_value_scaling_t0,wide,DEoptim,14054,1.32548345118981e-309
91,DFT_CRT,time_and_value_scaling_t0,wide,DEoptim,14055,3.2593855388436e-311
91,DFT_CRT,time_and_value_scaling_t0,wide,DEoptim,14056,3.2126e-319
91,DFT_CRT,time_and_value_scaling_t0,wide,DEoptim,14057,1.0864618772397e-311
91,DFT_CRT,time_and_value_scaling_t0,wide,DEoptim,14058,3.2126e-319
91,DFT_CRT,time_and_value_scaling_t0,wide,DEoptim,14059,1.0864618772614e-311
91,DFT_CRT,time_and_value_scaling_t0,wide,DEoptim,14060,1.32548345118981e-309
91,DFT_CRT,time_and_value_scaling_t0,wide,DEoptim,14061,3.25938553897e-311
91,DFT_CRT,time_and_value_scaling_t0,wide,DEoptim,14062,1.32548345118981e-309
91,DFT_CRT,time_and_value_scaling_t0,wide,DEoptim,14063,3.2593855390965e-311
91,DFT_CRT,time_and_value_scaling_t0,wide,DEoptim,14064,3.2126e-319
91,DFT_CRT,time_and_value_scaling_t0,wide,DEoptim,14065,1.0864618772604e-311
91,DFT_CRT,time_and_value_scaling_t0,wide,DEoptim,14066,3.2126e-319
91,DFT_CRT,time_and_value_scaling_t0,wide,DEoptim,14067,1.086461877261e-311
91,DFT_CRT,time_and_value_scaling_t0,wide,DEoptim,14068,3.2126e-319
91,DFT_CRT,time_and_value_scaling_t0,wide,DEoptim,14069,3.2287e-319
91,DFT_CRT,time_and_value_scaling_t0,wide,DEoptim,14070,1.0864618771003e-311
91,DFT_CRT,time_and_value_scaling_t0,wide,DEoptim,14071,3.2126e-319
91,DFT_CRT,time_and_value_scaling_t0,wide,DEoptim,14072,3.22753e-319
91,DFT_CRT,time_and_value_scaling_t0,wide,DEoptim,14073,3.2126e-319
91,DFT_CRT,time_and_value_scaling_t0,wide,DEoptim,14074,1.0864618771003e-311
91,DFT_CRT,time_and_value_scaling_t0,wide,DEoptim,14075,1.32548345118981e-309
91,DFT_CRT,time_and_value_scaling_t0,wide,DEoptim,14076,3.259385539223e-311
91,DFT_CRT,time_and_value_scaling_t0,wide,DEoptim,14077,3.2126e-319
91,DFT_CRT,time_and_value_scaling_t0,wide,DEoptim,14078,1.0864618772397e-311
91,DFT_CRT,time_and_value_scaling_t0,wide,DEoptim,14079,7.291122019661668e-304
91,DFT_CRT,time_and_value_scaling_t0,wide,DEoptim,14080,1.0864618772273e-311
91,DFT_CRT,time_and_value_scaling_t0,wide,DEoptim,14081,1.32548345118981e-309
91,DFT_CRT,time_and_value_scaling_t0,wide,DEoptim,14082,3.2593855393495e-311
91,DFT_CRT,time_and_value_scaling_t0,wide,DEoptim,14083,3.2126e-319
91,DFT_CRT,time_and_value_scaling_t0,wide,DEoptim,14084,1.0864618772426e-311
91,DFT_CRT,time_and_value_scaling_t0,wide,DEoptim,14085,1.32548345118981e-309
91,DFT_CRT,time_and_value_scaling_t0,wide,DEoptim,14086,3.259385539476e-311
91,DFT_CRT,time_and_value_scaling_t0,wide,DEoptim,14087,3.2126e-319
91,DFT_CRT,time_and_value_scaling_t0,wide,DEoptim,14088,1.0864618773044e-311
91,DFT_CRT,time_and_value_scaling_t0,wide,DEoptim,14089,3.2126e-319
91,DFT_CRT,time_and_value_scaling_t0,wide,DEoptim,14090,3.2287e-319
91,DFT_CRT,time_and_value_scaling_t0,wide,DEoptim,14091,1.0864618771003e-311
91,DFT_CRT,time_and_value_scaling_t0,wide,DEoptim,14092,1.32548345118981e-309
91,DFT_CRT,time_and_value_scaling_t0,wide,DEoptim,14093,3.2593855396024e-311
91,DFT_CRT,time_and_value_scaling_t0,wide,DEoptim,14094,3.2126e-319
91,DFT_CRT,time_and_value_scaling_t0,wide,DEoptim,14095,1.0864618772757e-311
91,DFT_CRT,time_and_value_scaling_t0,wide,DEoptim,14096,3.2126e-319
91,DFT_CRT,time_and_value_scaling_t0,wide,DEoptim,14097,2.052769442741057e-289
91,DFT_CRT,time_and_value_scaling_t0,wide,DEoptim,14098,8.345113431249256e-308
91,DFT_CRT,time_and_value_scaling_t0,wide,DEoptim,14099,6.8354268934402224e-304
91,DFT_CRT,time_and_value_scaling_t0,wide,DEoptim,14100,7.125576524483462e-304
91,DFT_CRT,time_and_value_scaling_t0,wide,DEoptim,14101,7.1549474995218566e-304
91,DFT_CRT,time_and_value_scaling_t0,wide,DEoptim,14102,2.2250738585072014e-308
91,DFT_CRT,time_and_value_scaling_t0,wide,DEoptim,14103,1.2516125334258437e-308
91,DFT_CRT,time_and_value_scaling_t0,wide,DEoptim,14104,0
91,DFT_CRT,time_and_value_scaling_t0,wide,DEoptim,14105,2.78134240537688e-309
91,DFT_CRT,time_and_value_scaling_t0,wide,DEoptim,14106,8.224288e-317
91,DFT_CRT,time_and_value_scaling_t0,wide,DEoptim,14107,1.390671166747655e-309
91,DFT_CRT,time_and_value_scaling_t0,wide,DEoptim,14108,2.914138e-318
91,DFT_CRT,time_and_value_scaling_t0,wide,DEoptim,14109,6.835426893334123e-304
91,DFT_CRT,time_and_value_scaling_t0,wide,DEoptim,14110,6.835426893334123e-304
91,DFT_CRT,time_and_value_scaling_t0,wide,DEoptim,14111,6.8354268934402224e-304
91,DFT_CRT,time_and_value_scaling_t0,wide,DEoptim,14112,6.118953126695798e-308
91,DFT_CRT,time_and_value_scaling_t0,wide,DEoptim,14113,6.835426893652422e-304
91,DFT_CRT,time_and_value_scaling_t0,wide,DEoptim,14114,7.086415224573735e-304
91,DFT_CRT,time_and_value_scaling_t0,wide,DEoptim,14115,6.8354268934402224e-304
91,DFT_CRT,time_and_value_scaling_t0,wide,DEoptim,14116,7.06505799220997e-304
91,DFT_CRT,time_and_value_scaling_t0,wide,DEoptim,14117,6.8354268934402224e-304
91,DFT_CRT,time_and_value_scaling_t0,wide,DEoptim,14118,6.397087359009198e-308
91,DFT_CRT,time_and_value_scaling_t0,wide,DEoptim,14119,6.835426893652422e-304
91,DFT_CRT,time_and_value_scaling_t0,wide,DEoptim,14120,7.129136642657073e-304
91,DFT_CRT,time_and_value_scaling_t0,wide,DEoptim,14121,6.8354268934402224e-304
91,DFT_CRT,time_and_value_scaling_t0,wide,DEoptim,14122,6.675221591322598e-308
91,DFT_CRT,time_and_value_scaling_t0,wide,DEoptim,14123,6.835426893652422e-304
91,DFT_CRT,time_and_value_scaling_t0,wide,DEoptim,14124,7.065948021753373e-304
91,DFT_CRT,time_and_value_scaling_t0,wide,DEoptim,14125,6.8354268934402224e-304
91,DFT_CRT,time_and_value_scaling_t0,wide,DEoptim,14126,2.2250738585072014e-308
91,DFT_CRT,time_and_value_scaling_t0,wide,DEoptim,14127,1.2516125334258437e-308
91,DFT_CRT,time_and_value_scaling_t0,wide,DEoptim,14128,38720419575336e215
91,DFT_CRT,time_and_value_scaling_t0,wide,DEoptim,14129,2.1805390900811356e-289
91,DFT_CRT,time_and_value_scaling_t0,wide,DEoptim,14130,5.177669731215e-312
91,DFT_CRT,time_and_value_scaling_t0,wide,DEoptim,14131,1.2731974766e-313
91,DFT_CRT,time_and_value_scaling_t0,wide,DEoptim,14132,1.4290355327401185e-284
91,DFT_CRT,time_and_value_scaling_t0,wide,DEoptim,14133,1.26e-321
91,DFT_CRT,time_and_value_scaling_t0,wide,DEoptim,14134,9.365344079548379e-280
91,DFT_CRT,time_and_value_scaling_t0,wide,DEoptim,14135,7.746817145779085e-304
91,DFT_CRT,time_and_value_scaling_t0,wide,DEoptim,14136,1.26e-321
91,DFT_CRT,time_and_value_scaling_t0,wide,DEoptim,14137,1.255e-321
91,DFT_CRT,time_and_value_scaling_t0,wide,DEoptim,14138,1.255e-321
91,DFT_CRT,time_and_value_scaling_t0,wide,DEoptim,14139,4.2439917074e-314
91,DFT_CRT,time_and_value_scaling_t0,wide,DEoptim,14140,5.17766973121e-312
91,DFT_CRT,time_and_value_scaling_t0,wide,DEoptim,14141,1.27319747665e-313
91,DFT_CRT,time_and_value_scaling_t0,wide,DEoptim,14142,6.68887130434731e-198
91,DFT_CRT,time_and_value_scaling_t0,wide,DEoptim,14143,4.243991708e-314
91,DFT_CRT,time_and_value_scaling_t0,wide,DEoptim,14144,1.27319748713e-313
91,DFT_CRT,time_and_value_scaling_t0,wide,DEoptim,14145,8.968310171679335e-44
91,DFT_CRT,time_and_value_scaling_t0,wide,DEoptim,14146,4.243991708e-314
91,DFT_CRT,time_and_value_scaling_t0,wide,DEoptim,14147,5.07695408465778e-299
91,DFT_CRT,time_and_value_scaling_t0,wide,DEoptim,14148,1.26e-321
91,DFT_CRT,time_and_value_scaling_t0,wide,DEoptim,14149,2.8728538294558286e-188
91,DFT_CRT,time_and_value_scaling_t0,wide,DEoptim,14150,1.26e-321
91,DFT_CRT,time_and_value_scaling_t0,wide,DEoptim,14151,2.121995796e-314
91,DFT_CRT,time_and_value_scaling_t0,wide,DEoptim,14152,5e-324
91,DFT_CRT,time_and_value_scaling_t0,wide,DEoptim,14153,4.2439917074e-314
91,DFT_CRT,time_and_value_scaling_t0,wide,DEoptim,14154,5.17766973121e-312
91,DFT_CRT,time_and_value_scaling_t0,wide,DEoptim,14155,1.2731974767e-313
91,DFT_CRT,time_and_value_scaling_t0,wide,DEoptim,14156,1.8827498946117344e-183
91,DFT_CRT,time_and_value_scaling_t0,wide,DEoptim,14157,4.243991708e-314
91,DFT_CRT,time_and_value_scaling_t0,wide,DEoptim,14158,6.137660877940746e-275
91,DFT_CRT,time_and_value_scaling_t0,wide,DEoptim,14159,4.243991708e-314
91,DFT_CRT,time_and_value_scaling_t0,wide,DEoptim,14160,5.17766973121e-312
91,DFT_CRT,time_and_value_scaling_t0,wide,DEoptim,14161,1.27319747675e-313
91,DFT_CRT,time_and_value_scaling_t0,wide,DEoptim,14162,1.390671161568256e-309
91,DFT_CRT,time_and_value_scaling_t0,wide,DEoptim,14163,4.243991708e-314
91,DFT_CRT,time_and_value_scaling_t0,wide,DEoptim,14164,2218135755296777e115
91,DFT_CRT,time_and_value_scaling_t0,wide,DEoptim,14165,4.243991708e-314
91,DFT_CRT,time_and_value_scaling_t0,wide,DEoptim,14166,-2.052268400649304e-289
91,DFT_CRT,time_and_value_scaling_t0,wide,DEoptim,14167,4.243991708e-314
91,DFT_CRT,time_and_value_scaling_t0,wide,DEoptim,14168,1.27319748713e-313
91,DFT_CRT,time_and_value_scaling_t0,wide,DEoptim,14169,1.2338789709327463e-178
91,DFT_CRT,time_and_value_scaling_t0,wide,DEoptim,14170,4.243991708e-314
91,DFT_CRT,time_and_value_scaling_t0,wide,DEoptim,14171,1.27319748713e-313
91,DFT_CRT,time_and_value_scaling_t0,wide,DEoptim,14172,1.2338789709327463e-178
91,DFT_CRT,time_and_value_scaling_t0,wide,DEoptim,14173,4.243991708e-314
91,DFT_CRT,time_and_value_scaling_t0,wide,DEoptim,14174,3.1315130625141966e-294
91,DFT_CRT,time_and_value_scaling_t0,wide,DEoptim,14175,4.243991708e-314
91,DFT_CRT,time_and_value_scaling_t0,wide,DEoptim,14176,-1.3449746190495278e-284
91,DFT_CRT,time_and_value_scaling_t0,wide,DEoptim,14177,1.26e-321
91,DFT_CRT,time_and_value_scaling_t0,wide,DEoptim,14178,4.2439917074e-314
91,DFT_CRT,time_and_value_scaling_t0,wide,DEoptim,14179,-1.7272337110189863e-77
91,DFT_CRT,time_and_value_scaling_t0,wide,DEoptim,14180,1.26e-321
91,DFT_CRT,time_and_value_scaling_t0,wide,DEoptim,14181,4.2439917074e-314
91,DFT_CRT,time_and_value_scaling_t0,wide,DEoptim,14182,5.07695408465778e-299
91,DFT_CRT,time_and_value_scaling_t0,wide,DEoptim,14183,4.243991708e-314
91,DFT_CRT,time_and_value_scaling_t0,wide,DEoptim,14184,-2974033816955734e269
91,DFT_CRT,time_and_value_scaling_t0,wide,DEoptim,14185,4.243991708e-314
91,DFT_CRT,time_and_value_scaling_t0,wide,DEoptim,14186,1.27319748713e-313
91,DFT_CRT,time_and_value_scaling_t0,wide,DEoptim,14187,1.2338789709327463e-178
91,DFT_CRT,time_and_value_scaling_t0,wide,DEoptim,14188,4.243991708e-314
91,DFT_CRT,time_and_value_scaling_t0,wide,DEoptim,14189,1.27319748713e-313
91,DFT_CRT,time_and_value_scaling_t0,wide,DEoptim,14190,1.2338789709327463e-178
91,DFT_CRT,time_and_value_scaling_t0,wide,DEoptim,14191,4.243991708e-314
91,DFT_CRT,time_and_value_scaling_t0,wide,DEoptim,14192,3.1315130625141966e-294
91,DFT_CRT,time_and_value_scaling_t0,wide,DEoptim,14193,4.243991708e-314
91,DFT_CRT,time_and_value_scaling_t0,wide,DEoptim,14194,-1.3449746190495278e-284
91,DFT_CRT,time_and_value_scaling_t0,wide,DEoptim,14195,1.26e-321
91,DFT_CRT,time_and_value_scaling_t0,wide,DEoptim,14196,4.2439917074e-314
91,DFT_CRT,time_and_value_scaling_t0,wide,DEoptim,14197,-1.8827498946117344e-183
91,DFT_CRT,time_and_value_scaling_t0,wide,DEoptim,14198,1.26e-321
91,DFT_CRT,time_and_value_scaling_t0,wide,DEoptim,14199,4.2439917074e-314
91,DFT_CRT,time_and_value_scaling_t0,wide,DEoptim,14200,1.27319748713e-313
91,DFT_CRT,time_and_value_scaling_t0,wide,DEoptim,14201,3.851859888774689e-34
91,DFT_CRT,time_and_value_scaling_t0,wide,DEoptim,14202,4.243991708e-314
91,DFT_CRT,time_and_value_scaling_t0,wide,DEoptim,14203,8.44254251528683e-227
91,DFT_CRT,time_and_value_scaling_t0,wide,DEoptim,14204,1.26e-321
91,DFT_CRT,time_and_value_scaling_t0,wide,DEoptim,14205,1.255e-321
91,DFT_CRT,time_and_value_scaling_t0,wide,DEoptim,14206,1.255e-321
91,DFT_CRT,time_and_value_scaling_t0,wide,DEoptim,14207,4.2439917074e-314
91,DFT_CRT,time_and_value_scaling_t0,wide,DEoptim,14208,5.17766973121e-312
91,DFT_CRT,time_and_value_scaling_t0,wide,DEoptim,14209,1.2731974768e-313
91,DFT_CRT,time_and_value_scaling_t0,wide,DEoptim,14210,1.8827498946117344e-183
91,DFT_CRT,time_and_value_scaling_t0,wide,DEoptim,14211,4.243991708e-314
91,DFT_CRT,time_and_value_scaling_t0,wide,DEoptim,14212,4.0223774329672475e-270
91,DFT_CRT,time_and_value_scaling_t0,wide,DEoptim,14213,4.243991708e-314
91,DFT_CRT,time_and_value_scaling_t0,wide,DEoptim,14214,5.17766973121e-312
91,DFT_CRT,time_and_value_scaling_t0,wide,DEoptim,14215,1.27319747685e-313
91,DFT_CRT,time_and_value_scaling_t0,wide,DEoptim,14216,2.000000000000113
91,DFT_CRT,time_and_value_scaling_t0,wide,DEoptim,14217,4.243991708e-314
91,DFT_CRT,time_and_value_scaling_t0,wide,DEoptim,14218,5.17766973121e-312
91,DFT_CRT,time_and_value_scaling_t0,wide,DEoptim,14219,1.2731974769e-313
91,DFT_CRT,time_and_value_scaling_t0,wide,DEoptim,14220,9946464728196294e71
91,DFT_CRT,time_and_value_scaling_t0,wide,DEoptim,14221,4.243991708e-314
91,DFT_CRT,time_and_value_scaling_t0,wide,DEoptim,14222,2218135755296777e115
91,DFT_CRT,time_and_value_scaling_t0,wide,DEoptim,14223,1.26e-321
91,DFT_CRT,time_and_value_scaling_t0,wide,DEoptim,14224,4.2439917074e-314
91,DFT_CRT,time_and_value_scaling_t0,wide,DEoptim,14225,5.07695408465778e-299
91,DFT_CRT,time_and_value_scaling_t0,wide,DEoptim,14226,1.26e-321
91,DFT_CRT,time_and_value_scaling_t0,wide,DEoptim,14227,1.255e-321
91,DFT_CRT,time_and_value_scaling_t0,wide,DEoptim,14228,4.2439917074e-314
91,DFT_CRT,time_and_value_scaling_t0,wide,DEoptim,14229,5.17766973121e-312
91,DFT_CRT,time_and_value_scaling_t0,wide,DEoptim,14230,1.27319747695e-313
91,DFT_CRT,time_and_value_scaling_t0,wide,DEoptim,14231,1.8827498946117344e-183
91,DFT_CRT,time_and_value_scaling_t0,wide,DEoptim,14232,4.243991708e-314
91,DFT_CRT,time_and_value_scaling_t0,wide,DEoptim,14233,2.6361052744694153e-265
91,DFT_CRT,time_and_value_scaling_t0,wide,DEoptim,14234,4.243991708e-314
91,DFT_CRT,time_and_value_scaling_t0,wide,DEoptim,14235,5.17766973121e-312
91,DFT_CRT,time_and_value_scaling_t0,wide,DEoptim,14236,1.273197477e-313
91,DFT_CRT,time_and_value_scaling_t0,wide,DEoptim,14237,1.727597952676276e-260
91,DFT_CRT,time_and_value_scaling_t0,wide,DEoptim,14238,4.243991708e-314
91,DFT_CRT,time_and_value_scaling_t0,wide,DEoptim,14239,5.17766973121e-312
91,DFT_CRT,time_and_value_scaling_t0,wide,DEoptim,14240,1.27319747705e-313
91,DFT_CRT,time_and_value_scaling_t0,wide,DEoptim,14241,1.7272337110189863e-77
91,DFT_CRT,time_and_value_scaling_t0,wide,DEoptim,14242,4.243991708e-314
91,DFT_CRT,time_and_value_scaling_t0,wide,DEoptim,14243,4.0223774329672475e-270
91,DFT_CRT,time_and_value_scaling_t0,wide,DEoptim,14244,4.243991708e-314
91,DFT_CRT,time_and_value_scaling_t0,wide,DEoptim,14245,4.021529366772124e-87
91,DFT_CRT,time_and_value_scaling_t0,wide,DEoptim,14246,1.26e-321
91,DFT_CRT,time_and_value_scaling_t0,wide,DEoptim,14247,1.255e-321
91,DFT_CRT,time_and_value_scaling_t0,wide,DEoptim,14248,1.255e-321
91,DFT_CRT,time_and_value_scaling_t0,wide,DEoptim,14249,4.2439917074e-314
91,DFT_CRT,time_and_value_scaling_t0,wide,DEoptim,14250,5.17766973121e-312
91,DFT_CRT,time_and_value_scaling_t0,wide,DEoptim,14251,1.2731974771e-313
91,DFT_CRT,time_and_value_scaling_t0,wide,DEoptim,14252,1.4916681462401255e-154
91,DFT_CRT,time_and_value_scaling_t0,wide,DEoptim,14253,4.243991708e-314
91,DFT_CRT,time_and_value_scaling_t0,wide,DEoptim,14254,5.17766973121e-312
91,DFT_CRT,time_and_value_scaling_t0,wide,DEoptim,14255,1.27319747715e-313
91,DFT_CRT,time_and_value_scaling_t0,wide,DEoptim,14256,3.851859888774689e-34
91,DFT_CRT,time_and_value_scaling_t0,wide,DEoptim,14257,4.243991708e-314
91,DFT_CRT,time_and_value_scaling_t0,wide,DEoptim,14258,2.6361052744694153e-265
91,DFT_CRT,time_and_value_scaling_t0,wide,DEoptim,14259,1.26e-321
91,DFT_CRT,time_and_value_scaling_t0,wide,DEoptim,14260,4.2439917074e-314
91,DFT_CRT,time_and_value_scaling_t0,wide,DEoptim,14261,1.27319748713e-313
91,DFT_CRT,time_and_value_scaling_t0,wide,DEoptim,14262,2.376364457869084e-212
91,DFT_CRT,time_and_value_scaling_t0,wide,DEoptim,14263,4.243991708e-314
91,DFT_CRT,time_and_value_scaling_t0,wide,DEoptim,14264,5.17766973121e-312
91,DFT_CRT,time_and_value_scaling_t0,wide,DEoptim,14265,1.2731974772e-313
91,DFT_CRT,time_and_value_scaling_t0,wide,DEoptim,14266,1.8827498946117344e-183
91,DFT_CRT,time_and_value_scaling_t0,wide,DEoptim,14267,4.243991708e-314
91,DFT_CRT,time_and_value_scaling_t0,wide,DEoptim,14268,1.1321985942659243e-255
91,DFT_CRT,time_and_value_scaling_t0,wide,DEoptim,14269,4.243991708e-314
91,DFT_CRT,time_and_value_scaling_t0,wide,DEoptim,14270,5.17766973121e-312
91,DFT_CRT,time_and_value_scaling_t0,wide,DEoptim,14271,1.27319747725e-313
91,DFT_CRT,time_and_value_scaling_t0,wide,DEoptim,14272,23158417847464545e61
91,DFT_CRT,time_and_value_scaling_t0,wide,DEoptim,14273,4.243991708e-314
91,DFT_CRT,time_and_value_scaling_t0,wide,DEoptim,14274,4.0223774329672475e-270
91,DFT_CRT,time_and_value_scaling_t0,wide,DEoptim,14275,4.243991708e-314
91,DFT_CRT,time_and_value_scaling_t0,wide,DEoptim,14276,4.021529366772124e-87
91,DFT_CRT,time_and_value_scaling_t0,wide,DEoptim,14277,15177129668536677e66
91,DFT_CRT,time_and_value_scaling_t0,wide,DEoptim,14278,1.26e-321
91,DFT_CRT,time_and_value_scaling_t0,wide,DEoptim,14279,2.121995796e-314
91,DFT_CRT,time_and_value_scaling_t0,wide,DEoptim,14280,5e-324
91,DFT_CRT,time_and_value_scaling_t0,wide,DEoptim,14281,1.255e-321
91,DFT_CRT,time_and_value_scaling_t0,wide,DEoptim,14282,4.2439917074e-314
91,DFT_CRT,time_and_value_scaling_t0,wide,DEoptim,14283,5.17766973121e-312
91,DFT_CRT,time_and_value_scaling_t0,wide,DEoptim,14284,1.2731974773e-313
91,DFT_CRT,time_and_value_scaling_t0,wide,DEoptim,14285,1.4916681462401255e-154
91,DFT_CRT,time_and_value_scaling_t0,wide,DEoptim,14286,4.243991708e-314
91,DFT_CRT,time_and_value_scaling_t0,wide,DEoptim,14287,5.17766973121e-312
91,DFT_CRT,time_and_value_scaling_t0,wide,DEoptim,14288,1.27319747735e-313
91,DFT_CRT,time_and_value_scaling_t0,wide,DEoptim,14289,3.851859888774689e-34
91,DFT_CRT,time_and_value_scaling_t0,wide,DEoptim,14290,4.243991708e-314
91,DFT_CRT,time_and_value_scaling_t0,wide,DEoptim,14291,1.1321985942659243e-255
91,DFT_CRT,time_and_value_scaling_t0,wide,DEoptim,14292,1.26e-321
91,DFT_CRT,time_and_value_scaling_t0,wide,DEoptim,14293,4.2439917074e-314
91,DFT_CRT,time_and_value_scaling_t0,wide,DEoptim,14294,1.27319748713e-313
91,DFT_CRT,time_and_value_scaling_t0,wide,DEoptim,14295,2.376364457869084e-212
91,DFT_CRT,time_and_value_scaling_t0,wide,DEoptim,14296,4.243991708e-314
91,DFT_CRT,time_and_value_scaling_t0,wide,DEoptim,14297,5.17766973121e-312
91,DFT_CRT,time_and_value_scaling_t0,wide,DEoptim,14298,1.2731974774e-313
91,DFT_CRT,time_and_value_scaling_t0,wide,DEoptim,14299,5391989333430432e52
91,DFT_CRT,time_and_value_scaling_t0,wide,DEoptim,14300,4.243991708e-314
91,DFT_CRT,time_and_value_scaling_t0,wide,DEoptim,14301,1.255e-321
91,DFT_CRT,time_and_value_scaling_t0,wide,DEoptim,14302,5.56270586622599e-309
91,DFT_CRT,time_and_value_scaling_t0,wide,DEoptim,14303,4161924030539868e184
91,DFT_CRT,time_and_value_scaling_t0,wide,DEoptim,14304,3101322629548193e154
91,DFT_CRT,time_and_value_scaling_t0,wide,DEoptim,14305,6014337861683411e160
91,DFT_CRT,time_and_value_scaling_t0,wide,DEoptim,14306,5042702255839051e208
91,DFT_CRT,time_and_value_scaling_t0,wide,DEoptim,14307,5302768265534818e165
91,DFT_CRT,time_and_value_scaling_t0,wide,DEoptim,14308,1.8767345345563746e-152
91,DFT_CRT,time_and_value_scaling_t0,wide,DEoptim,14309,4.243991601e-314
91,DFT_CRT,time_and_value_scaling_t0,wide,DEoptim,14310,4.021529366772124e-87
91,DFT_CRT,time_and_value_scaling_t0,wide,DEoptim,14311,4.243991708e-314
91,DFT_CRT,time_and_value_scaling_t0,wide,DEoptim,14312,1.255e-321
91,DFT_CRT,time_and_value_scaling_t0,wide,DEoptim,14313,5.56270586622599e-309
91,DFT_CRT,time_and_value_scaling_t0,wide,DEoptim,14314,2.11881279727927e-310
91,DFT_CRT,time_and_value_scaling_t0,wide,DEoptim,14315,1.37980654311726e-309
91,DFT_CRT,time_and_value_scaling_t0,wide,DEoptim,14316,1.37980654311726e-309
91,DFT_CRT,time_and_value_scaling_t0,wide,DEoptim,14317,1.37980654311726e-309
91,DFT_CRT,time_and_value_scaling_t0,wide,DEoptim,14318,1.37980654311726e-309
91,DFT_CRT,time_and_value_scaling_t0,wide,DEoptim,14319,1.37980654311726e-309
91,DFT_CRT,time_and_value_scaling_t0,wide,DEoptim,14320,1.37980654311979e-309
91,DFT_CRT,time_and_value_scaling_t0,wide,DEoptim,14321,1.38538747493796e-309
91,DFT_CRT,time_and_value_scaling_t0,wide,DEoptim,14322,1.37980654311726e-309
91,DFT_CRT,time_and_value_scaling_t0,wide,DEoptim,14323,1.3892069844725e-309
91,DFT_CRT,time_and_value_scaling_t0,wide,DEoptim,14324,5.43230953222e-312
91,DFT_CRT,time_and_value_scaling_t0,wide,DEoptim,14325,8.6916947618174e-311
91,DFT_CRT,time_and_value_scaling_t0,wide,DEoptim,14326,4.8891114586947e-311
91,DFT_CRT,time_and_value_scaling_t0,wide,DEoptim,14327,1.288229927565718e-231
91,DFT_CRT,time_and_value_scaling_t0,wide,DEoptim,14328,7.291122454141135e-304
91,DFT_CRT,time_and_value_scaling_t0,wide,DEoptim,14329,7.46019204e-316
91,DFT_CRT,time_and_value_scaling_t0,wide,DEoptim,14330,4.576711826228506e-246
91,DFT_CRT,time_and_value_scaling_t0,wide,DEoptim,14331,1.6259746527253218e-260
91,DFT_CRT,time_and_value_scaling_t0,wide,DEoptim,14332,7.291122644271958e-304
91,DFT_CRT,time_and_value_scaling_t0,wide,DEoptim,14333,3.131513459151058e-294
91,DFT_CRT,time_and_value_scaling_t0,wide,DEoptim,14334,2.0522686605892373e-289
91,DFT_CRT,time_and_value_scaling_t0,wide,DEoptim,14335,4.778310403158934e-299
91,DFT_CRT,time_and_value_scaling_t0,wide,DEoptim,14336,1.3449749848101776e-284
91,DFT_CRT,time_and_value_scaling_t0,wide,DEoptim,14337,8.08634940464838e-174
91,DFT_CRT,time_and_value_scaling_t0,wide,DEoptim,14338,5.776622734433647e-275
91,DFT_CRT,time_and_value_scaling_t0,wide,DEoptim,14339,3.1498375e-315
91,DFT_CRT,time_and_value_scaling_t0,wide,DEoptim,14340,2.481040267566619e-265
91,DFT_CRT,time_and_value_scaling_t0,wide,DEoptim,14341,4.778314052280062e-299
91,DFT_CRT,time_and_value_scaling_t0,wide,DEoptim,14342,-10972248170287225e289
91,DFT_CRT,time_and_value_scaling_t0,wide,DEoptim,14343,2.05227025845601e-289
91,DFT_CRT,time_and_value_scaling_t0,wide,DEoptim,14344,1.2882298307039035e-231
91,DFT_CRT,time_and_value_scaling_t0,wide,DEoptim,14345,2.4834631584438887e-265
91,DFT_CRT,time_and_value_scaling_t0,wide,DEoptim,14346,5826601151909973e237
91,DFT_CRT,time_and_value_scaling_t0,wide,DEoptim,14347,3.3951932712e-313
91,DFT_CRT,time_and_value_scaling_t0,wide,DEoptim,14348,5.56270586622599e-309
91,DFT_CRT,time_and_value_scaling_t0,wide,DEoptim,14349,7530311718263044e237
91,DFT_CRT,time_and_value_scaling_t0,wide,DEoptim,14350,1.2207413364769342e-306
91,DFT_CRT,time_and_value_scaling_t0,wide,DEoptim,14351,4.17201356338218e-309
91,DFT_CRT,time_and_value_scaling_t0,wide,DEoptim,14352,7.164737824446238e-304
91,DFT_CRT,time_and_value_scaling_t0,wide,DEoptim,14353,2.225073859025267e-308
91,DFT_CRT,time_and_value_scaling_t0,wide,DEoptim,14354,1.2516125334258437e-308
91,DFT_CRT,time_and_value_scaling_t0,wide,DEoptim,14355,23601342782127367e216
91,DFT_CRT,time_and_value_scaling_t0,wide,DEoptim,14356,1.807872513419246e-308
91,DFT_CRT,time_and_value_scaling_t0,wide,DEoptim,14357,-2.503208091241909e-308
91,DFT_CRT,time_and_value_scaling_t0,wide,DEoptim,14358,2.781342323134e-309
91,DFT_CRT,time_and_value_scaling_t0,wide,DEoptim,14359,2.781342323781583e-309
91,DFT_CRT,time_and_value_scaling_t0,wide,DEoptim,14360,2.781342323781583e-309
91,DFT_CRT,time_and_value_scaling_t0,wide,DEoptim,14361,2.781342323781583e-309
91,DFT_CRT,time_and_value_scaling_t0,wide,DEoptim,14362,6.953355808482586e-309
91,DFT_CRT,time_and_value_scaling_t0,wide,DEoptim,14363,6.95335580945396e-309
91,DFT_CRT,time_and_value_scaling_t0,wide,DEoptim,14364,0
91,DFT_CRT,time_and_value_scaling_t0,wide,DEoptim,14365,0
91,DFT_CRT,time_and_value_scaling_t0,wide,DEoptim,14366,0
91,DFT_CRT,time_and_value_scaling_t0,wide,DEoptim,14367,7.269761310621657e-304
91,DFT_CRT,time_and_value_scaling_t0,wide,DEoptim,14368,1.390671166747655e-309
91,DFT_CRT,time_and_value_scaling_t0,wide,DEoptim,14369,6483618077225699e163
91,DFT_CRT,time_and_value_scaling_t0,wide,DEoptim,14370,48233772253083966e212
91,DFT_CRT,time_and_value_scaling_t0,wide,DEoptim,14371,2.171321743798039e-306
91,DFT_CRT,time_and_value_scaling_t0,wide,DEoptim,14372,1.39067124380988e-309
91,DFT_CRT,time_and_value_scaling_t0,wide,DEoptim,14373,4.329103712691555e-304
91,DFT_CRT,time_and_value_scaling_t0,wide,DEoptim,14374,4.329103699111611e-304
91,DFT_CRT,time_and_value_scaling_t0,wide,DEoptim,14375,1.390671163509746e-309
91,DFT_CRT,time_and_value_scaling_t0,wide,DEoptim,14376,4.329103712640785e-304
91,DFT_CRT,time_and_value_scaling_t0,wide,DEoptim,14377,4.32910369953601e-304
91,DFT_CRT,time_and_value_scaling_t0,wide,DEoptim,14378,1.390671163833537e-309
91,DFT_CRT,time_and_value_scaling_t0,wide,DEoptim,14379,4.329103712651353e-304
91,DFT_CRT,time_and_value_scaling_t0,wide,DEoptim,14380,2.9204094395821136e-308
91,DFT_CRT,time_and_value_scaling_t0,wide,DEoptim,14381,5.562684650477285e-309
91,DFT_CRT,time_and_value_scaling_t0,wide,DEoptim,14382,2.7813423234577926e-308
91,DFT_CRT,time_and_value_scaling_t0,wide,DEoptim,14383,1.390671161567e-309
91,DFT_CRT,time_and_value_scaling_t0,wide,DEoptim,14384,1.390671162538373e-309
91,DFT_CRT,time_and_value_scaling_t0,wide,DEoptim,14385,4.329103712691555e-304
91,DFT_CRT,time_and_value_scaling_t0,wide,DEoptim,14386,1.807872510328513e-308
91,DFT_CRT,time_and_value_scaling_t0,wide,DEoptim,14387,-5.56268465048108e-309
91,DFT_CRT,time_and_value_scaling_t0,wide,DEoptim,14388,1.390671161567e-309
91,DFT_CRT,time_and_value_scaling_t0,wide,DEoptim,14389,1.39067116189079e-309
91,DFT_CRT,time_and_value_scaling_t0,wide,DEoptim,14390,7.269761310621657e-304
91,DFT_CRT,time_and_value_scaling_t0,wide,DEoptim,14391,1.390671166747655e-309
91,DFT_CRT,time_and_value_scaling_t0,wide,DEoptim,14392,6483618077225699e163
91,DFT_CRT,time_and_value_scaling_t0,wide,DEoptim,14393,48233772253083966e212
91,DFT_CRT,time_and_value_scaling_t0,wide,DEoptim,14394,2.171321743798039e-306
91,DFT_CRT,time_and_value_scaling_t0,wide,DEoptim,14395,4.329103712586284e-304
91,DFT_CRT,time_and_value_scaling_t0,wide,DEoptim,14396,1.390671163185955e-309
91,DFT_CRT,time_and_value_scaling_t0,wide,DEoptim,14397,4.329103712651975e-304
91,DFT_CRT,time_and_value_scaling_t0,wide,DEoptim,14398,2.920409439646872e-308
91,DFT_CRT,time_and_value_scaling_t0,wide,DEoptim,14399,5.562684650477285e-309
91,DFT_CRT,time_and_value_scaling_t0,wide,DEoptim,14400,2.7813423234577926e-308
91,DFT_CRT,time_and_value_scaling_t0,wide,DEoptim,14401,1.390671161567e-309
91,DFT_CRT,time_and_value_scaling_t0,wide,DEoptim,14402,1.390671162538373e-309
91,DFT_CRT,time_and_value_scaling_t0,wide,DEoptim,14403,4.329103712691555e-304
91,DFT_CRT,time_and_value_scaling_t0,wide,DEoptim,14404,1.807872510393271e-308
91,DFT_CRT,time_and_value_scaling_t0,wide,DEoptim,14405,-5.56268465048108e-309
91,DFT_CRT,time_and_value_scaling_t0,wide,DEoptim,14406,1.390671161567e-309
91,DFT_CRT,time_and_value_scaling_t0,wide,DEoptim,14407,1.39067116189079e-309
91,DFT_CRT,time_and_value_scaling_t0,wide,DEoptim,14408,7.269761310621657e-304
91,DFT_CRT,time_and_value_scaling_t0,wide,DEoptim,14409,1.390671166747655e-309
91,DFT_CRT,time_and_value_scaling_t0,wide,DEoptim,14410,6483618077225699e163
91,DFT_CRT,time_and_value_scaling_t0,wide,DEoptim,14411,48233772253083966e212
91,DFT_CRT,time_and_value_scaling_t0,wide,DEoptim,14412,2.171321743798039e-306
91,DFT_CRT,time_and_value_scaling_t0,wide,DEoptim,14413,1.39067124380988e-309
91,DFT_CRT,time_and_value_scaling_t0,wide,DEoptim,14414,4.329103712691762e-304
91,DFT_CRT,time_and_value_scaling_t0,wide,DEoptim,14415,1.39067116480491e-309
91,DFT_CRT,time_and_value_scaling_t0,wide,DEoptim,14416,4.32910371269197e-304
91,DFT_CRT,time_and_value_scaling_t0,wide,DEoptim,14417,2.920409439679251e-308
91,DFT_CRT,time_and_value_scaling_t0,wide,DEoptim,14418,5.562684650477285e-309
91,DFT_CRT,time_and_value_scaling_t0,wide,DEoptim,14419,2.7813423234577926e-308
91,DFT_CRT,time_and_value_scaling_t0,wide,DEoptim,14420,1.390671161567e-309
91,DFT_CRT,time_and_value_scaling_t0,wide,DEoptim,14421,1.390671162538373e-309
91,DFT_CRT,time_and_value_scaling_t0,wide,DEoptim,14422,4.329103712691555e-304
91,DFT_CRT,time_and_value_scaling_t0,wide,DEoptim,14423,1.80787251042565e-308
91,DFT_CRT,time_and_value_scaling_t0,wide,DEoptim,14424,-5.56268465048108e-309
91,DFT_CRT,time_and_value_scaling_t0,wide,DEoptim,14425,1.390671161567e-309
91,DFT_CRT,time_and_value_scaling_t0,wide,DEoptim,14426,1.39067116189079e-309
91,DFT_CRT,time_and_value_scaling_t0,wide,DEoptim,14427,7.269761310621657e-304
91,DFT_CRT,time_and_value_scaling_t0,wide,DEoptim,14428,1.390671166747655e-309
91,DFT_CRT,time_and_value_scaling_t0,wide,DEoptim,14429,6483618077225699e163
91,DFT_CRT,time_and_value_scaling_t0,wide,DEoptim,14430,48233772253083966e212
91,DFT_CRT,time_and_value_scaling_t0,wide,DEoptim,14431,2.171321743798039e-306
91,DFT_CRT,time_and_value_scaling_t0,wide,DEoptim,14432,2.9204094475149897e-308
91,DFT_CRT,time_and_value_scaling_t0,wide,DEoptim,14433,5.562684650477285e-309
91,DFT_CRT,time_and_value_scaling_t0,wide,DEoptim,14434,2.7813423234577926e-308
91,DFT_CRT,time_and_value_scaling_t0,wide,DEoptim,14435,1.390671161567e-309
91,DFT_CRT,time_and_value_scaling_t0,wide,DEoptim,14436,1.390671162538373e-309
91,DFT_CRT,time_and_value_scaling_t0,wide,DEoptim,14437,4.329103712691762e-304
91,DFT_CRT,time_and_value_scaling_t0,wide,DEoptim,14438,1.80787251042565e-308
91,DFT_CRT,time_and_value_scaling_t0,wide,DEoptim,14439,-5.56268465048108e-309
91,DFT_CRT,time_and_value_scaling_t0,wide,DEoptim,14440,1.390671161567e-309
91,DFT_CRT,time_and_value_scaling_t0,wide,DEoptim,14441,1.39067116189079e-309
91,DFT_CRT,time_and_value_scaling_t0,wide,DEoptim,14442,7.269761310621657e-304
91,DFT_CRT,time_and_value_scaling_t0,wide,DEoptim,14443,1.390671166747655e-309
91,DFT_CRT,time_and_value_scaling_t0,wide,DEoptim,14444,6483618077225699e163
91,DFT_CRT,time_and_value_scaling_t0,wide,DEoptim,14445,48233772253083966e212
91,DFT_CRT,time_and_value_scaling_t0,wide,DEoptim,14446,2.171321743798039e-306
91,DFT_CRT,time_and_value_scaling_t0,wide,DEoptim,14447,4.329103712586284e-304
91,DFT_CRT,time_and_value_scaling_t0,wide,DEoptim,14448,1.39067116577628e-309
91,DFT_CRT,time_and_value_scaling_t0,wide,DEoptim,14449,4.329103712692177e-304
91,DFT_CRT,time_and_value_scaling_t0,wide,DEoptim,14450,2.920409439776388e-308
91,DFT_CRT,time_and_value_scaling_t0,wide,DEoptim,14451,5.562684650477285e-309
91,DFT_CRT,time_and_value_scaling_t0,wide,DEoptim,14452,2.7813423234577926e-308
91,DFT_CRT,time_and_value_scaling_t0,wide,DEoptim,14453,1.390671161567e-309
91,DFT_CRT,time_and_value_scaling_t0,wide,DEoptim,14454,1.390671162538373e-309
91,DFT_CRT,time_and_value_scaling_t0,wide,DEoptim,14455,4.329103712658192e-304
91,DFT_CRT,time_and_value_scaling_t0,wide,DEoptim,14456,1.8078725105227874e-308
91,DFT_CRT,time_and_value_scaling_t0,wide,DEoptim,14457,-5.56268465048108e-309
91,DFT_CRT,time_and_value_scaling_t0,wide,DEoptim,14458,1.390671161567e-309
91,DFT_CRT,time_and_value_scaling_t0,wide,DEoptim,14459,1.39067116189079e-309
91,DFT_CRT,time_and_value_scaling_t0,wide,DEoptim,14460,7.269761310621657e-304
91,DFT_CRT,time_and_value_scaling_t0,wide,DEoptim,14461,1.390671166747655e-309
91,DFT_CRT,time_and_value_scaling_t0,wide,DEoptim,14462,6483618077225699e163
91,DFT_CRT,time_and_value_scaling_t0,wide,DEoptim,14463,48233772253083966e212
91,DFT_CRT,time_and_value_scaling_t0,wide,DEoptim,14464,2.171321743798039e-306
91,DFT_CRT,time_and_value_scaling_t0,wide,DEoptim,14465,1.39067124380988e-309
91,DFT_CRT,time_and_value_scaling_t0,wide,DEoptim,14466,4.329103712658192e-304
91,DFT_CRT,time_and_value_scaling_t0,wide,DEoptim,14467,4.3291036998543095e-304
91,DFT_CRT,time_and_value_scaling_t0,wide,DEoptim,14468,2.9204094398411463e-308
91,DFT_CRT,time_and_value_scaling_t0,wide,DEoptim,14469,5.562684650477285e-309
91,DFT_CRT,time_and_value_scaling_t0,wide,DEoptim,14470,2.7813423234577926e-308
91,DFT_CRT,time_and_value_scaling_t0,wide,DEoptim,14471,1.390671161567e-309
91,DFT_CRT,time_and_value_scaling_t0,wide,DEoptim,14472,1.390671162538373e-309
91,DFT_CRT,time_and_value_scaling_t0,wide,DEoptim,14473,4.3291037126488666e-304
91,DFT_CRT,time_and_value_scaling_t0,wide,DEoptim,14474,1.8078725105875456e-308
91,DFT_CRT,time_and_value_scaling_t0,wide,DEoptim,14475,-5.56268465048108e-309
91,DFT_CRT,time_and_value_scaling_t0,wide,DEoptim,14476,1.390671161567e-309
91,DFT_CRT,time_and_value_scaling_t0,wide,DEoptim,14477,1.39067116189079e-309
91,DFT_CRT,time_and_value_scaling_t0,wide,DEoptim,14478,7.269761310621657e-304
91,DFT_CRT,time_and_value_scaling_t0,wide,DEoptim,14479,1.390671166747655e-309
91,DFT_CRT,time_and_value_scaling_t0,wide,DEoptim,14480,6483618077225699e163
91,DFT_CRT,time_and_value_scaling_t0,wide,DEoptim,14481,48233772253083966e212
91,DFT_CRT,time_and_value_scaling_t0,wide,DEoptim,14482,2.171321743798039e-306
91,DFT_CRT,time_and_value_scaling_t0,wide,DEoptim,14483,1.39067124380988e-309
91,DFT_CRT,time_and_value_scaling_t0,wide,DEoptim,14484,4.3291037126488666e-304
91,DFT_CRT,time_and_value_scaling_t0,wide,DEoptim,14485,4.329103699960409e-304
91,DFT_CRT,time_and_value_scaling_t0,wide,DEoptim,14486,1.390671167719027e-309
91,DFT_CRT,time_and_value_scaling_t0,wide,DEoptim,14487,4.3291037126542545e-304
91,DFT_CRT,time_and_value_scaling_t0,wide,DEoptim,14488,2.9204094399706626e-308
91,DFT_CRT,time_and_value_scaling_t0,wide,DEoptim,14489,5.562684650477285e-309
91,DFT_CRT,time_and_value_scaling_t0,wide,DEoptim,14490,2.7813423234577926e-308
91,DFT_CRT,time_and_value_scaling_t0,wide,DEoptim,14491,1.390671161567e-309
91,DFT_CRT,time_and_value_scaling_t0,wide,DEoptim,14492,1.390671162538373e-309
91,DFT_CRT,time_and_value_scaling_t0,wide,DEoptim,14493,4.329103712654462e-304
91,DFT_CRT,time_and_value_scaling_t0,wide,DEoptim,14494,1.807872510717062e-308
91,DFT_CRT,time_and_value_scaling_t0,wide,DEoptim,14495,-5.56268465048108e-309
91,DFT_CRT,time_and_value_scaling_t0,wide,DEoptim,14496,1.390671161567e-309
91,DFT_CRT,time_and_value_scaling_t0,wide,DEoptim,14497,1.39067116189079e-309
91,DFT_CRT,time_and_value_scaling_t0,wide,DEoptim,14498,7.269761310621657e-304
91,DFT_CRT,time_and_value_scaling_t0,wide,DEoptim,14499,1.390671166747655e-309
91,DFT_CRT,time_and_value_scaling_t0,wide,DEoptim,14500,6483618077225699e163
91,DFT_CRT,time_and_value_scaling_t0,wide,DEoptim,14501,48233772253083966e212
91,DFT_CRT,time_and_value_scaling_t0,wide,DEoptim,14502,2.171321743798039e-306
91,DFT_CRT,time_and_value_scaling_t0,wide,DEoptim,14503,2.9204094475149897e-308
91,DFT_CRT,time_and_value_scaling_t0,wide,DEoptim,14504,5.562684650477285e-309
91,DFT_CRT,time_and_value_scaling_t0,wide,DEoptim,14505,2.7813423234577926e-308
91,DFT_CRT,time_and_value_scaling_t0,wide,DEoptim,14506,1.390671161567e-309
91,DFT_CRT,time_and_value_scaling_t0,wide,DEoptim,14507,1.390671162538373e-309
91,DFT_CRT,time_and_value_scaling_t0,wide,DEoptim,14508,4.3291037126488666e-304
91,DFT_CRT,time_and_value_scaling_t0,wide,DEoptim,14509,1.807872510717062e-308
91,DFT_CRT,time_and_value_scaling_t0,wide,DEoptim,14510,-5.56268465048108e-309
91,DFT_CRT,time_and_value_scaling_t0,wide,DEoptim,14511,1.390671161567e-309
91,DFT_CRT,time_and_value_scaling_t0,wide,DEoptim,14512,1.39067116189079e-309
91,DFT_CRT,time_and_value_scaling_t0,wide,DEoptim,14513,7.269761310621657e-304
91,DFT_CRT,time_and_value_scaling_t0,wide,DEoptim,14514,1.390671166747655e-309
91,DFT_CRT,time_and_value_scaling_t0,wide,DEoptim,14515,6483618077225699e163
91,DFT_CRT,time_and_value_scaling_t0,wide,DEoptim,14516,48233772253083966e212
91,DFT_CRT,time_and_value_scaling_t0,wide,DEoptim,14517,2.171321743798039e-306
91,DFT_CRT,time_and_value_scaling_t0,wide,DEoptim,14518,4.329103712586284e-304
91,DFT_CRT,time_and_value_scaling_t0,wide,DEoptim,14519,4.329103700172609e-304
91,DFT_CRT,time_and_value_scaling_t0,wide,DEoptim,14520,2.920409440035421e-308
91,DFT_CRT,time_and_value_scaling_t0,wide,DEoptim,14521,5.562684650477285e-309
91,DFT_CRT,time_and_value_scaling_t0,wide,DEoptim,14522,2.7813423234577926e-308
91,DFT_CRT,time_and_value_scaling_t0,wide,DEoptim,14523,1.390671161567e-309
91,DFT_CRT,time_and_value_scaling_t0,wide,DEoptim,14524,1.390671162538373e-309
91,DFT_CRT,time_and_value_scaling_t0,wide,DEoptim,14525,4.329103712654462e-304
91,DFT_CRT,time_and_value_scaling_t0,wide,DEoptim,14526,1.80787251078182e-308
91,DFT_CRT,time_and_value_scaling_t0,wide,DEoptim,14527,-5.56268465048108e-309
91,DFT_CRT,time_and_value_scaling_t0,wide,DEoptim,14528,1.390671161567e-309
91,DFT_CRT,time_and_value_scaling_t0,wide,DEoptim,14529,1.39067116189079e-309
91,DFT_CRT,time_and_value_scaling_t0,wide,DEoptim,14530,7.269761310621657e-304
91,DFT_CRT,time_and_value_scaling_t0,wide,DEoptim,14531,1.390671166747655e-309
91,DFT_CRT,time_and_value_scaling_t0,wide,DEoptim,14532,6483618077225699e163
91,DFT_CRT,time_and_value_scaling_t0,wide,DEoptim,14533,48233772253083966e212
91,DFT_CRT,time_and_value_scaling_t0,wide,DEoptim,14534,2.171321743798039e-306
91,DFT_CRT,time_and_value_scaling_t0,wide,DEoptim,14535,2.9204094475149897e-308
91,DFT_CRT,time_and_value_scaling_t0,wide,DEoptim,14536,5.562684650477285e-309
91,DFT_CRT,time_and_value_scaling_t0,wide,DEoptim,14537,2.7813423234577926e-308
91,DFT_CRT,time_and_value_scaling_t0,wide,DEoptim,14538,1.390671161567e-309
91,DFT_CRT,time_and_value_scaling_t0,wide,DEoptim,14539,1.390671162538373e-309
91,DFT_CRT,time_and_value_scaling_t0,wide,DEoptim,14540,4.329103712658192e-304
91,DFT_CRT,time_and_value_scaling_t0,wide,DEoptim,14541,1.80787251078182e-308
91,DFT_CRT,time_and_value_scaling_t0,wide,DEoptim,14542,-5.56268465048108e-309
91,DFT_CRT,time_and_value_scaling_t0,wide,DEoptim,14543,1.390671161567e-309
91,DFT_CRT,time_and_value_scaling_t0,wide,DEoptim,14544,1.39067116189079e-309
91,DFT_CRT,time_and_value_scaling_t0,wide,DEoptim,14545,7.269761310621657e-304
91,DFT_CRT,time_and_value_scaling_t0,wide,DEoptim,14546,1.390671166747655e-309
91,DFT_CRT,time_and_value_scaling_t0,wide,DEoptim,14547,6483618077225699e163
91,DFT_CRT,time_and_value_scaling_t0,wide,DEoptim,14548,48233772253083966e212
91,DFT_CRT,time_and_value_scaling_t0,wide,DEoptim,14549,2.171321743798039e-306
91,DFT_CRT,time_and_value_scaling_t0,wide,DEoptim,14550,4.329103712586284e-304
91,DFT_CRT,time_and_value_scaling_t0,wide,DEoptim,14551,4.329103700278709e-304
91,DFT_CRT,time_and_value_scaling_t0,wide,DEoptim,14552,1.390671167395236e-309
91,DFT_CRT,time_and_value_scaling_t0,wide,DEoptim,14553,4.329103712639335e-304
91,DFT_CRT,time_and_value_scaling_t0,wide,DEoptim,14554,2.920409440100179e-308
91,DFT_CRT,time_and_value_scaling_t0,wide,DEoptim,14555,5.562684650477285e-309
91,DFT_CRT,time_and_value_scaling_t0,wide,DEoptim,14556,2.7813423234577926e-308
91,DFT_CRT,time_and_value_scaling_t0,wide,DEoptim,14557,1.390671161567e-309
91,DFT_CRT,time_and_value_scaling_t0,wide,DEoptim,14558,1.390671162538373e-309
91,DFT_CRT,time_and_value_scaling_t0,wide,DEoptim,14559,4.329103712658192e-304
91,DFT_CRT,time_and_value_scaling_t0,wide,DEoptim,14560,1.8078725108465783e-308
91,DFT_CRT,time_and_value_scaling_t0,wide,DEoptim,14561,-5.56268465048108e-309
91,DFT_CRT,time_and_value_scaling_t0,wide,DEoptim,14562,1.390671161567e-309
91,DFT_CRT,time_and_value_scaling_t0,wide,DEoptim,14563,1.39067116189079e-309
91,DFT_CRT,time_and_value_scaling_t0,wide,DEoptim,14564,7.269761310621657e-304
91,DFT_CRT,time_and_value_scaling_t0,wide,DEoptim,14565,1.390671166747655e-309
91,DFT_CRT,time_and_value_scaling_t0,wide,DEoptim,14566,6483618077225699e163
91,DFT_CRT,time_and_value_scaling_t0,wide,DEoptim,14567,48233772253083966e212
91,DFT_CRT,time_and_value_scaling_t0,wide,DEoptim,14568,2.171321743798039e-306
91,DFT_CRT,time_and_value_scaling_t0,wide,DEoptim,14569,2.9204094475149897e-308
91,DFT_CRT,time_and_value_scaling_t0,wide,DEoptim,14570,5.562684650477285e-309
91,DFT_CRT,time_and_value_scaling_t0,wide,DEoptim,14571,2.7813423234577926e-308
91,DFT_CRT,time_and_value_scaling_t0,wide,DEoptim,14572,1.390671161567e-309
91,DFT_CRT,time_and_value_scaling_t0,wide,DEoptim,14573,1.390671162538373e-309
91,DFT_CRT,time_and_value_scaling_t0,wide,DEoptim,14574,4.329103712666688e-304
91,DFT_CRT,time_and_value_scaling_t0,wide,DEoptim,14575,1.8078725108465783e-308
91,DFT_CRT,time_and_value_scaling_t0,wide,DEoptim,14576,-5.56268465048108e-309
91,DFT_CRT,time_and_value_scaling_t0,wide,DEoptim,14577,1.390671161567e-309
91,DFT_CRT,time_and_value_scaling_t0,wide,DEoptim,14578,1.39067116189079e-309
91,DFT_CRT,time_and_value_scaling_t0,wide,DEoptim,14579,7.269761310621657e-304
91,DFT_CRT,time_and_value_scaling_t0,wide,DEoptim,14580,1.390671166747655e-309
91,DFT_CRT,time_and_value_scaling_t0,wide,DEoptim,14581,6483618077225699e163
91,DFT_CRT,time_and_value_scaling_t0,wide,DEoptim,14582,48233772253083966e212
91,DFT_CRT,time_and_value_scaling_t0,wide,DEoptim,14583,2.171321743798039e-306
91,DFT_CRT,time_and_value_scaling_t0,wide,DEoptim,14584,2.9204094475149897e-308
91,DFT_CRT,time_and_value_scaling_t0,wide,DEoptim,14585,1.390671161987929e-308
91,DFT_CRT,time_and_value_scaling_t0,wide,DEoptim,14586,2.7813423234577926e-308
91,DFT_CRT,time_and_value_scaling_t0,wide,DEoptim,14587,2.781342323159905e-307
91,DFT_CRT,time_and_value_scaling_t0,wide,DEoptim,14588,4.172013485348584e-309
91,DFT_CRT,time_and_value_scaling_t0,wide,DEoptim,14589,2.3636733e-317
91,DFT_CRT,time_and_value_scaling_t0,wide,DEoptim,14590,1.390671162862164e-309
91,DFT_CRT,time_and_value_scaling_t0,wide,DEoptim,14591,4.32910369942991e-304
91,DFT_CRT,time_and_value_scaling_t0,wide,DEoptim,14592,1.390671169985563e-309
91,DFT_CRT,time_and_value_scaling_t0,wide,DEoptim,14593,4.329103712639956e-304
91,DFT_CRT,time_and_value_scaling_t0,wide,DEoptim,14594,1.390671170309354e-309
91,DFT_CRT,time_and_value_scaling_t0,wide,DEoptim,14595,1.39067124430189e-309
91,DFT_CRT,time_and_value_scaling_t0,wide,DEoptim,14596,1.8078725183160287e-308
91,DFT_CRT,time_and_value_scaling_t0,wide,DEoptim,14597,-1.3906711619883084e-308
91,DFT_CRT,time_and_value_scaling_t0,wide,DEoptim,14598,1.390671161567e-309
91,DFT_CRT,time_and_value_scaling_t0,wide,DEoptim,14599,2.781342323457793e-309
91,DFT_CRT,time_and_value_scaling_t0,wide,DEoptim,14600,2.781342323781583e-309
91,DFT_CRT,time_and_value_scaling_t0,wide,DEoptim,14601,0
91,DFT_CRT,time_and_value_scaling_t0,wide,DEoptim,14602,0
91,DFT_CRT,time_and_value_scaling_t0,wide,DEoptim,14603,7.269761310621657e-304
91,DFT_CRT,time_and_value_scaling_t0,wide,DEoptim,14604,1.390671166747655e-309
91,DFT_CRT,time_and_value_scaling_t0,wide,DEoptim,14605,6483618077225699e163
91,DFT_CRT,time_and_value_scaling_t0,wide,DEoptim,14606,48233772253083966e212
91,DFT_CRT,time_and_value_scaling_t0,wide,DEoptim,14607,2.171321743798039e-306
91,DFT_CRT,time_and_value_scaling_t0,wide,DEoptim,14608,2.9204094475149897e-308
91,DFT_CRT,time_and_value_scaling_t0,wide,DEoptim,14609,5.562684650477285e-309
91,DFT_CRT,time_and_value_scaling_t0,wide,DEoptim,14610,2.7813423234577926e-308
91,DFT_CRT,time_and_value_scaling_t0,wide,DEoptim,14611,1.390671161567e-309
91,DFT_CRT,time_and_value_scaling_t0,wide,DEoptim,14612,1.390671162538373e-309
91,DFT_CRT,time_and_value_scaling_t0,wide,DEoptim,14613,4.3291037126488666e-304
91,DFT_CRT,time_and_value_scaling_t0,wide,DEoptim,14614,1.8078725108465783e-308
91,DFT_CRT,time_and_value_scaling_t0,wide,DEoptim,14615,-5.56268465048108e-309
91,DFT_CRT,time_and_value_scaling_t0,wide,DEoptim,14616,1.390671161567e-309
91,DFT_CRT,time_and_value_scaling_t0,wide,DEoptim,14617,1.39067116189079e-309
91,DFT_CRT,time_and_value_scaling_t0,wide,DEoptim,14618,7.269761310621657e-304
91,DFT_CRT,time_and_value_scaling_t0,wide,DEoptim,14619,1.390671166747655e-309
91,DFT_CRT,time_and_value_scaling_t0,wide,DEoptim,14620,6483618077225699e163
91,DFT_CRT,time_and_value_scaling_t0,wide,DEoptim,14621,48233772253083966e212
91,DFT_CRT,time_and_value_scaling_t0,wide,DEoptim,14622,2.171321743798039e-306
91,DFT_CRT,time_and_value_scaling_t0,wide,DEoptim,14623,2.9204094475149897e-308
91,DFT_CRT,time_and_value_scaling_t0,wide,DEoptim,14624,5.562684650477285e-309
91,DFT_CRT,time_and_value_scaling_t0,wide,DEoptim,14625,2.7813423234577926e-308
91,DFT_CRT,time_and_value_scaling_t0,wide,DEoptim,14626,1.390671161567e-309
91,DFT_CRT,time_and_value_scaling_t0,wide,DEoptim,14627,1.390671162538373e-309
91,DFT_CRT,time_and_value_scaling_t0,wide,DEoptim,14628,4.329103712691348e-304
91,DFT_CRT,time_and_value_scaling_t0,wide,DEoptim,14629,1.8078725108465783e-308
91,DFT_CRT,time_and_value_scaling_t0,wide,DEoptim,14630,-5.56268465048108e-309
91,DFT_CRT,time_and_value_scaling_t0,wide,DEoptim,14631,1.390671161567e-309
91,DFT_CRT,time_and_value_scaling_t0,wide,DEoptim,14632,1.39067116189079e-309
91,DFT_CRT,time_and_value_scaling_t0,wide,DEoptim,14633,7.269761310621657e-304
91,DFT_CRT,time_and_value_scaling_t0,wide,DEoptim,14634,1.390671166747655e-309
91,DFT_CRT,time_and_value_scaling_t0,wide,DEoptim,14635,6483618077225699e163
91,DFT_CRT,time_and_value_scaling_t0,wide,DEoptim,14636,48233772253083966e212
91,DFT_CRT,time_and_value_scaling_t0,wide,DEoptim,14637,2.171321743798039e-306
91,DFT_CRT,time_and_value_scaling_t0,wide,DEoptim,14638,2.9204094475149897e-308
91,DFT_CRT,time_and_value_scaling_t0,wide,DEoptim,14639,1.390671161987929e-308
91,DFT_CRT,time_and_value_scaling_t0,wide,DEoptim,14640,2.7813423234577926e-308
91,DFT_CRT,time_and_value_scaling_t0,wide,DEoptim,14641,2.781342323159905e-307
91,DFT_CRT,time_and_value_scaling_t0,wide,DEoptim,14642,4.172013485348584e-309
91,DFT_CRT,time_and_value_scaling_t0,wide,DEoptim,14643,2.3636733e-317
91,DFT_CRT,time_and_value_scaling_t0,wide,DEoptim,14644,1.390671162862164e-309
91,DFT_CRT,time_and_value_scaling_t0,wide,DEoptim,14645,4.32910369942991e-304
91,DFT_CRT,time_and_value_scaling_t0,wide,DEoptim,14646,1.390671170633145e-309
91,DFT_CRT,time_and_value_scaling_t0,wide,DEoptim,14647,4.329103712639956e-304
91,DFT_CRT,time_and_value_scaling_t0,wide,DEoptim,14648,1.390671170956936e-309
91,DFT_CRT,time_and_value_scaling_t0,wide,DEoptim,14649,1.39067124430189e-309
91,DFT_CRT,time_and_value_scaling_t0,wide,DEoptim,14650,1.807872518313246e-308
91,DFT_CRT,time_and_value_scaling_t0,wide,DEoptim,14651,-1.3906711619883084e-308
91,DFT_CRT,time_and_value_scaling_t0,wide,DEoptim,14652,1.390671161567e-309
91,DFT_CRT,time_and_value_scaling_t0,wide,DEoptim,14653,2.781342323457793e-309
91,DFT_CRT,time_and_value_scaling_t0,wide,DEoptim,14654,2.781342323781583e-309
91,DFT_CRT,time_and_value_scaling_t0,wide,DEoptim,14655,0
91,DFT_CRT,time_and_value_scaling_t0,wide,DEoptim,14656,0
91,DFT_CRT,time_and_value_scaling_t0,wide,DEoptim,14657,7.269761310621657e-304
91,DFT_CRT,time_and_value_scaling_t0,wide,DEoptim,14658,1.390671166747655e-309
91,DFT_CRT,time_and_value_scaling_t0,wide,DEoptim,14659,6483618077225699e163
91,DFT_CRT,time_and_value_scaling_t0,wide,DEoptim,14660,48233772253083966e212
91,DFT_CRT,time_and_value_scaling_t0,wide,DEoptim,14661,2.171321743798039e-306
91,DFT_CRT,time_and_value_scaling_t0,wide,DEoptim,14662,2.9204094475149897e-308
91,DFT_CRT,time_and_value_scaling_t0,wide,DEoptim,14663,8.344026973611286e-309
91,DFT_CRT,time_and_value_scaling_t0,wide,DEoptim,14664,2.7813423234577926e-308
91,DFT_CRT,time_and_value_scaling_t0,wide,DEoptim,14665,1.5019248545053126e-307
91,DFT_CRT,time_and_value_scaling_t0,wide,DEoptim,14666,1.390671161567e-309
91,DFT_CRT,time_and_value_scaling_t0,wide,DEoptim,14667,4.329103699270761e-304
91,DFT_CRT,time_and_value_scaling_t0,wide,DEoptim,14668,1.390671171280727e-309
91,DFT_CRT,time_and_value_scaling_t0,wide,DEoptim,14669,1.8078725182959183e-308
91,DFT_CRT,time_and_value_scaling_t0,wide,DEoptim,14670,-8.34402697361508e-309
91,DFT_CRT,time_and_value_scaling_t0,wide,DEoptim,14671,1.390671161567e-309
91,DFT_CRT,time_and_value_scaling_t0,wide,DEoptim,14672,3.2379e-319
91,DFT_CRT,time_and_value_scaling_t0,wide,DEoptim,14673,0
91,DFT_CRT,time_and_value_scaling_t0,wide,DEoptim,14674,7.269761310621657e-304
91,DFT_CRT,time_and_value_scaling_t0,wide,DEoptim,14675,1.390671166747655e-309
91,DFT_CRT,time_and_value_scaling_t0,wide,DEoptim,14676,6483618077225699e163
91,DFT_CRT,time_and_value_scaling_t0,wide,DEoptim,14677,48233772253083966e212
91,DFT_CRT,time_and_value_scaling_t0,wide,DEoptim,14678,2.171321743798039e-306
91,DFT_CRT,time_and_value_scaling_t0,wide,DEoptim,14679,4.329103712586284e-304
91,DFT_CRT,time_and_value_scaling_t0,wide,DEoptim,14680,1.39067116933798e-309
91,DFT_CRT,time_and_value_scaling_t0,wide,DEoptim,14681,4.3291037126534256e-304
91,DFT_CRT,time_and_value_scaling_t0,wide,DEoptim,14682,2.225073859575711e-308
91,DFT_CRT,time_and_value_scaling_t0,wide,DEoptim,14683,1.390671166747655e-309
91,DFT_CRT,time_and_value_scaling_t0,wide,DEoptim,14684,7517712279349834e235
91,DFT_CRT,time_and_value_scaling_t0,wide,DEoptim,14685,1.288230307840605e-231
91,DFT_CRT,time_and_value_scaling_t0,wide,DEoptim,14686,7.291122454141135e-304
91,DFT_CRT,time_and_value_scaling_t0,wide,DEoptim,14687,3.785767122662269e-270
91,DFT_CRT,time_and_value_scaling_t0,wide,DEoptim,14688,11178789188167598e237
91,DFT_CRT,time_and_value_scaling_t0,wide,DEoptim,14689,1.4916694965659817e-154
91,DFT_CRT,time_and_value_scaling_t0,wide,DEoptim,14690,4.576711826228506e-246
91,DFT_CRT,time_and_value_scaling_t0,wide,DEoptim,14691,1.625974567924141e-260
91,DFT_CRT,time_and_value_scaling_t0,wide,DEoptim,14692,1.65780921e-315
91,DFT_CRT,time_and_value_scaling_t0,wide,DEoptim,14693,3.131513074179815e-294
91,DFT_CRT,time_and_value_scaling_t0,wide,DEoptim,14694,-41145930597702284e288
91,DFT_CRT,time_and_value_scaling_t0,wide,DEoptim,14695,1.4916694965659817e-154
91,DFT_CRT,time_and_value_scaling_t0,wide,DEoptim,14696,5.434845090117003e-246
91,DFT_CRT,time_and_value_scaling_t0,wide,DEoptim,14697,2.71648617428e-312
91,DFT_CRT,time_and_value_scaling_t0,wide,DEoptim,14698,7.291122046717944e-304
91,DFT_CRT,time_and_value_scaling_t0,wide,DEoptim,14699,5.972887176221192e-299
91,DFT_CRT,time_and_value_scaling_t0,wide,DEoptim,14700,1.2882309820211476e-231
91,DFT_CRT,time_and_value_scaling_t0,wide,DEoptim,14701,2.4834631584438887e-265
91,DFT_CRT,time_and_value_scaling_t0,wide,DEoptim,14702,17571863260639937e227
91,DFT_CRT,time_and_value_scaling_t0,wide,DEoptim,14703,6933350747771166e30
91,DFT_CRT,time_and_value_scaling_t0,wide,DEoptim,14704,-8371164748194542e283
91,DFT_CRT,time_and_value_scaling_t0,wide,DEoptim,14705,-12069472984045963e289
91,DFT_CRT,time_and_value_scaling_t0,wide,DEoptim,14706,2.276107019906588e-159
91,DFT_CRT,time_and_value_scaling_t0,wide,DEoptim,14707,-50911231463044943e290
91,DFT_CRT,time_and_value_scaling_t0,wide,DEoptim,14708,2.751644544571183e-135
91,DFT_CRT,time_and_value_scaling_t0,wide,DEoptim,14709,4.1986763680590565e-140
91,DFT_CRT,time_and_value_scaling_t0,wide,DEoptim,14710,-41694543053631425e289
91,DFT_CRT,time_and_value_scaling_t0,wide,DEoptim,14711,1.8033177687301707e-130
91,DFT_CRT,time_and_value_scaling_t0,wide,DEoptim,14712,1.2882298307039035e-231
91,DFT_CRT,time_and_value_scaling_t0,wide,DEoptim,14713,2.4834631584438887e-265
91,DFT_CRT,time_and_value_scaling_t0,wide,DEoptim,14714,9.76200954305e-313
91,DFT_CRT,time_and_value_scaling_t0,wide,DEoptim,14715,2.7585945293e-313
91,DFT_CRT,time_and_value_scaling_t0,wide,DEoptim,14716,2.12199579116e-313
91,DFT_CRT,time_and_value_scaling_t0,wide,DEoptim,14717,1e-322
91,DFT_CRT,time_and_value_scaling_t0,wide,DEoptim,14718,6.3659873734e-314
91,DFT_CRT,time_and_value_scaling_t0,wide,DEoptim,14719,5.416891599207e-312
91,DFT_CRT,time_and_value_scaling_t0,wide,DEoptim,14720,7.8513844386e-313
91,DFT_CRT,time_and_value_scaling_t0,wide,DEoptim,14721,2.7610812427e-313
91,DFT_CRT,time_and_value_scaling_t0,wide,DEoptim,14722,1.61915e-319
91,DFT_CRT,time_and_value_scaling_t0,wide,DEoptim,14723,2.1219957915e-314
91,DFT_CRT,time_and_value_scaling_t0,wide,DEoptim,14724,-9124898775545467e177
91,DFT_CRT,time_and_value_scaling_t0,wide,DEoptim,14725,3.39519327814e-313
91,DFT_CRT,time_and_value_scaling_t0,wide,DEoptim,14726,1.90980916355e-313
91,DFT_CRT,time_and_value_scaling_t0,wide,DEoptim,14727,13561721836670302e232
91,DFT_CRT,time_and_value_scaling_t0,wide,DEoptim,14728,26493111565267984e164
91,DFT_CRT,time_and_value_scaling_t0,wide,DEoptim,14729,5.389869309645e-312
91,DFT_CRT,time_and_value_scaling_t0,wide,DEoptim,14730,5.419626984407e-312
91,DFT_CRT,time_and_value_scaling_t0,wide,DEoptim,14731,5.41117248122e-312
91,DFT_CRT,time_and_value_scaling_t0,wide,DEoptim,14732,7.2147857013e-313
91,DFT_CRT,time_and_value_scaling_t0,wide,DEoptim,14733,5.41722316105e-312
91,DFT_CRT,time_and_value_scaling_t0,wide,DEoptim,14734,8.27578359677e-313
91,DFT_CRT,time_and_value_scaling_t0,wide,DEoptim,14735,2.7585945293e-313
91,DFT_CRT,time_and_value_scaling_t0,wide,DEoptim,14736,2.12199579176e-313
91,DFT_CRT,time_and_value_scaling_t0,wide,DEoptim,14737,2.1219958023e-314
91,DFT_CRT,time_and_value_scaling_t0,wide,DEoptim,14738,4.2439915987e-314
91,DFT_CRT,time_and_value_scaling_t0,wide,DEoptim,14739,6.365987387e-314
91,DFT_CRT,time_and_value_scaling_t0,wide,DEoptim,14740,8.487983179e-314
91,DFT_CRT,time_and_value_scaling_t0,wide,DEoptim,14741,1.0609978969e-313
91,DFT_CRT,time_and_value_scaling_t0,wide,DEoptim,14742,1.2731974761e-313
91,DFT_CRT,time_and_value_scaling_t0,wide,DEoptim,14743,1.9e-322
91,DFT_CRT,time_and_value_scaling_t0,wide,DEoptim,14744,1.6975966328e-313
91,DFT_CRT,time_and_value_scaling_t0,wide,DEoptim,14745,8.48798317587e-313
91,DFT_CRT,time_and_value_scaling_t0,wide,DEoptim,14746,5.41133826214e-312
91,DFT_CRT,time_and_value_scaling_t0,wide,DEoptim,14747,3.39519326633e-313
91,DFT_CRT,time_and_value_scaling_t0,wide,DEoptim,14748,1.90980916355e-313
91,DFT_CRT,time_and_value_scaling_t0,wide,DEoptim,14749,8.648918252487917e-307
91,DFT_CRT,time_and_value_scaling_t0,wide,DEoptim,14750,1.807872510717062e-308
91,DFT_CRT,time_and_value_scaling_t0,wide,DEoptim,14751,1.3906711617612754e-308
91,DFT_CRT,time_and_value_scaling_t0,wide,DEoptim,14752,1.39067116901419e-309
91,DFT_CRT,time_and_value_scaling_t0,wide,DEoptim,14753,1.2304053e-317
91,DFT_CRT,time_and_value_scaling_t0,wide,DEoptim,14754,4.172013485024793e-309
91,DFT_CRT,time_and_value_scaling_t0,wide,DEoptim,14755,6.95335582357124e-308
91,DFT_CRT,time_and_value_scaling_t0,wide,DEoptim,14756,7.067728080893228e-304
91,DFT_CRT,time_and_value_scaling_t0,wide,DEoptim,14757,1.8095022032254906e-308
91,DFT_CRT,time_and_value_scaling_t0,wide,DEoptim,14758,1.06119217e-314
91,DFT_CRT,time_and_value_scaling_t0,wide,DEoptim,14759,0
91,DFT_CRT,time_and_value_scaling_t0,wide,DEoptim,14760,0
91,DFT_CRT,time_and_value_scaling_t0,wide,DEoptim,14761,2.803071560033486e-309
91,DFT_CRT,time_and_value_scaling_t0,wide,DEoptim,14762,2.225073866793212e-308
91,DFT_CRT,time_and_value_scaling_t0,wide,DEoptim,14763,1.2516125334258437e-308
91,DFT_CRT,time_and_value_scaling_t0,wide,DEoptim,14764,4782144767937829e165
91,DFT_CRT,time_and_value_scaling_t0,wide,DEoptim,14765,18399669185336583e207
91,DFT_CRT,time_and_value_scaling_t0,wide,DEoptim,14766,6.835426899721121e-304
91,DFT_CRT,time_and_value_scaling_t0,wide,DEoptim,14767,7.0668380513498254e-304
91,DFT_CRT,time_and_value_scaling_t0,wide,DEoptim,14768,1.807872510717062e-308
91,DFT_CRT,time_and_value_scaling_t0,wide,DEoptim,14769,1.390671161696517e-308
91,DFT_CRT,time_and_value_scaling_t0,wide,DEoptim,14770,6.475817e-318
91,DFT_CRT,time_and_value_scaling_t0,wide,DEoptim,14771,4.172013485024793e-309
91,DFT_CRT,time_and_value_scaling_t0,wide,DEoptim,14772,7.064167962719617e-304
91,DFT_CRT,time_and_value_scaling_t0,wide,DEoptim,14773,6.67522159125784e-308
91,DFT_CRT,time_and_value_scaling_t0,wide,DEoptim,14774,1.8095022032254906e-308
91,DFT_CRT,time_and_value_scaling_t0,wide,DEoptim,14775,1.061127412e-314
91,DFT_CRT,time_and_value_scaling_t0,wide,DEoptim,14776,1.39067116189079e-309
91,DFT_CRT,time_and_value_scaling_t0,wide,DEoptim,14777,2.803071560357277e-309
91,DFT_CRT,time_and_value_scaling_t0,wide,DEoptim,14778,2.225073866793212e-308
91,DFT_CRT,time_and_value_scaling_t0,wide,DEoptim,14779,1.2516125334258437e-308
91,DFT_CRT,time_and_value_scaling_t0,wide,DEoptim,14780,4782144767937829e165
91,DFT_CRT,time_and_value_scaling_t0,wide,DEoptim,14781,18399669185336583e207
91,DFT_CRT,time_and_value_scaling_t0,wide,DEoptim,14782,6.835426899721121e-304
91,DFT_CRT,time_and_value_scaling_t0,wide,DEoptim,14783,7.068618110436631e-304
91,DFT_CRT,time_and_value_scaling_t0,wide,DEoptim,14784,1.8095022032254906e-308
91,DFT_CRT,time_and_value_scaling_t0,wide,DEoptim,14785,1.061515961e-314
91,DFT_CRT,time_and_value_scaling_t0,wide,DEoptim,14786,0
91,DFT_CRT,time_and_value_scaling_t0,wide,DEoptim,14787,0
91,DFT_CRT,time_and_value_scaling_t0,wide,DEoptim,14788,0
91,DFT_CRT,time_and_value_scaling_t0,wide,DEoptim,14789,0
91,DFT_CRT,time_and_value_scaling_t0,wide,DEoptim,14790,0
91,DFT_CRT,time_and_value_scaling_t0,wide,DEoptim,14791,0
91,DFT_CRT,time_and_value_scaling_t0,wide,DEoptim,14792,0
91,DFT_CRT,time_and_value_scaling_t0,wide,DEoptim,14793,2.803071560033486e-309
91,DFT_CRT,time_and_value_scaling_t0,wide,DEoptim,14794,2.225073866793212e-308
91,DFT_CRT,time_and_value_scaling_t0,wide,DEoptim,14795,1.2516125334258437e-308
91,DFT_CRT,time_and_value_scaling_t0,wide,DEoptim,14796,4782144767937829e165
91,DFT_CRT,time_and_value_scaling_t0,wide,DEoptim,14797,18399669185336583e207
91,DFT_CRT,time_and_value_scaling_t0,wide,DEoptim,14798,6.835426899721121e-304
91,DFT_CRT,time_and_value_scaling_t0,wide,DEoptim,14799,7.06505799226302e-304
91,DFT_CRT,time_and_value_scaling_t0,wide,DEoptim,14800,6.11895312663104e-308
91,DFT_CRT,time_and_value_scaling_t0,wide,DEoptim,14801,7.23149005588464e-308
91,DFT_CRT,time_and_value_scaling_t0,wide,DEoptim,14802,7.787758520511441e-308
91,DFT_CRT,time_and_value_scaling_t0,wide,DEoptim,14803,1.807872510717062e-308
91,DFT_CRT,time_and_value_scaling_t0,wide,DEoptim,14804,1.390671161696517e-308
91,DFT_CRT,time_and_value_scaling_t0,wide,DEoptim,14805,6.475817e-318
91,DFT_CRT,time_and_value_scaling_t0,wide,DEoptim,14806,4.172013485024793e-309
91,DFT_CRT,time_and_value_scaling_t0,wide,DEoptim,14807,7.144267144947972e-304
91,DFT_CRT,time_and_value_scaling_t0,wide,DEoptim,14808,7.787758520511441e-308
91,DFT_CRT,time_and_value_scaling_t0,wide,DEoptim,14809,1.8095022032254906e-308
91,DFT_CRT,time_and_value_scaling_t0,wide,DEoptim,14810,1.061127412e-314
91,DFT_CRT,time_and_value_scaling_t0,wide,DEoptim,14811,1.39067116189079e-309
91,DFT_CRT,time_and_value_scaling_t0,wide,DEoptim,14812,2.803071560357277e-309
91,DFT_CRT,time_and_value_scaling_t0,wide,DEoptim,14813,2.225073866793212e-308
91,DFT_CRT,time_and_value_scaling_t0,wide,DEoptim,14814,1.2516125334258437e-308
91,DFT_CRT,time_and_value_scaling_t0,wide,DEoptim,14815,4782144767937829e165
91,DFT_CRT,time_and_value_scaling_t0,wide,DEoptim,14816,18399669185336583e207
91,DFT_CRT,time_and_value_scaling_t0,wide,DEoptim,14817,6.835426899721121e-304
91,DFT_CRT,time_and_value_scaling_t0,wide,DEoptim,14818,1.807872510717062e-308
91,DFT_CRT,time_and_value_scaling_t0,wide,DEoptim,14819,1.390671161696517e-308
91,DFT_CRT,time_and_value_scaling_t0,wide,DEoptim,14820,6.475817e-318
91,DFT_CRT,time_and_value_scaling_t0,wide,DEoptim,14821,4.172013485024793e-309
91,DFT_CRT,time_and_value_scaling_t0,wide,DEoptim,14822,7.18075835622749e-304
91,DFT_CRT,time_and_value_scaling_t0,wide,DEoptim,14823,7.787758520511441e-308
91,DFT_CRT,time_and_value_scaling_t0,wide,DEoptim,14824,1.8095022032254906e-308
91,DFT_CRT,time_and_value_scaling_t0,wide,DEoptim,14825,1.061127412e-314
91,DFT_CRT,time_and_value_scaling_t0,wide,DEoptim,14826,1.39067116189079e-309
91,DFT_CRT,time_and_value_scaling_t0,wide,DEoptim,14827,2.803071560357277e-309
91,DFT_CRT,time_and_value_scaling_t0,wide,DEoptim,14828,2.225073866793212e-308
91,DFT_CRT,time_and_value_scaling_t0,wide,DEoptim,14829,1.2516125334258437e-308
91,DFT_CRT,time_and_value_scaling_t0,wide,DEoptim,14830,4782144767937829e165
91,DFT_CRT,time_and_value_scaling_t0,wide,DEoptim,14831,18399669185336583e207
91,DFT_CRT,time_and_value_scaling_t0,wide,DEoptim,14832,6.835426899721121e-304
91,DFT_CRT,time_and_value_scaling_t0,wide,DEoptim,14833,1.807872510717062e-308
91,DFT_CRT,time_and_value_scaling_t0,wide,DEoptim,14834,1.390671161696517e-308
91,DFT_CRT,time_and_value_scaling_t0,wide,DEoptim,14835,6.475817e-318
91,DFT_CRT,time_and_value_scaling_t0,wide,DEoptim,14836,4.172013485024793e-309
91,DFT_CRT,time_and_value_scaling_t0,wide,DEoptim,14837,7.06505799226302e-304
91,DFT_CRT,time_and_value_scaling_t0,wide,DEoptim,14838,7.787758520511441e-308
91,DFT_CRT,time_and_value_scaling_t0,wide,DEoptim,14839,1.8095022032254906e-308
91,DFT_CRT,time_and_value_scaling_t0,wide,DEoptim,14840,1.061127412e-314
91,DFT_CRT,time_and_value_scaling_t0,wide,DEoptim,14841,1.39067116189079e-309
91,DFT_CRT,time_and_value_scaling_t0,wide,DEoptim,14842,2.803071560357277e-309
91,DFT_CRT,time_and_value_scaling_t0,wide,DEoptim,14843,2.225073866793212e-308
91,DFT_CRT,time_and_value_scaling_t0,wide,DEoptim,14844,1.2516125334258437e-308
91,DFT_CRT,time_and_value_scaling_t0,wide,DEoptim,14845,4782144767937829e165
91,DFT_CRT,time_and_value_scaling_t0,wide,DEoptim,14846,18399669185336583e207
91,DFT_CRT,time_and_value_scaling_t0,wide,DEoptim,14847,6.835426899721121e-304
91,DFT_CRT,time_and_value_scaling_t0,wide,DEoptim,14848,1.807872510717062e-308
91,DFT_CRT,time_and_value_scaling_t0,wide,DEoptim,14849,1.390671161696517e-308
91,DFT_CRT,time_and_value_scaling_t0,wide,DEoptim,14850,6.475817e-318
91,DFT_CRT,time_and_value_scaling_t0,wide,DEoptim,14851,4.172013485024793e-309
91,DFT_CRT,time_and_value_scaling_t0,wide,DEoptim,14852,7.286671871892433e-304
91,DFT_CRT,time_and_value_scaling_t0,wide,DEoptim,14853,7.787758520511441e-308
91,DFT_CRT,time_and_value_scaling_t0,wide,DEoptim,14854,1.8095022032254906e-308
91,DFT_CRT,time_and_value_scaling_t0,wide,DEoptim,14855,1.061127412e-314
91,DFT_CRT,time_and_value_scaling_t0,wide,DEoptim,14856,1.39067116189079e-309
91,DFT_CRT,time_and_value_scaling_t0,wide,DEoptim,14857,2.803071560357277e-309
91,DFT_CRT,time_and_value_scaling_t0,wide,DEoptim,14858,2.225073866793212e-308
91,DFT_CRT,time_and_value_scaling_t0,wide,DEoptim,14859,1.2516125334258437e-308
91,DFT_CRT,time_and_value_scaling_t0,wide,DEoptim,14860,4782144767937829e165
91,DFT_CRT,time_and_value_scaling_t0,wide,DEoptim,14861,18399669185336583e207
91,DFT_CRT,time_and_value_scaling_t0,wide,DEoptim,14862,6.835426899721121e-304
91,DFT_CRT,time_and_value_scaling_t0,wide,DEoptim,14863,7.069508139980034e-304
91,DFT_CRT,time_and_value_scaling_t0,wide,DEoptim,14864,7.509624288198041e-308
91,DFT_CRT,time_and_value_scaling_t0,wide,DEoptim,14865,7.120236347276094e-304
91,DFT_CRT,time_and_value_scaling_t0,wide,DEoptim,14866,8.344026985138241e-308
91,DFT_CRT,time_and_value_scaling_t0,wide,DEoptim,14867,1.807872510717062e-308
91,DFT_CRT,time_and_value_scaling_t0,wide,DEoptim,14868,1.3906711618260336e-308
91,DFT_CRT,time_and_value_scaling_t0,wide,DEoptim,14869,1.39067116901419e-309
91,DFT_CRT,time_and_value_scaling_t0,wide,DEoptim,14870,2.781342332523937e-309
91,DFT_CRT,time_and_value_scaling_t0,wide,DEoptim,14871,1.2304053e-317
91,DFT_CRT,time_and_value_scaling_t0,wide,DEoptim,14872,5.562684646591794e-309
91,DFT_CRT,time_and_value_scaling_t0,wide,DEoptim,14873,8.622161217451641e-308
91,DFT_CRT,time_and_value_scaling_t0,wide,DEoptim,14874,7.136256879057346e-304
91,DFT_CRT,time_and_value_scaling_t0,wide,DEoptim,14875,1.807872510717062e-308
91,DFT_CRT,time_and_value_scaling_t0,wide,DEoptim,14876,1.390671161696517e-308
91,DFT_CRT,time_and_value_scaling_t0,wide,DEoptim,14877,6.475817e-318
91,DFT_CRT,time_and_value_scaling_t0,wide,DEoptim,14878,4.172013485024793e-309
91,DFT_CRT,time_and_value_scaling_t0,wide,DEoptim,14879,7.144267144947972e-304
91,DFT_CRT,time_and_value_scaling_t0,wide,DEoptim,14880,8.622161217451641e-308
91,DFT_CRT,time_and_value_scaling_t0,wide,DEoptim,14881,1.8095022032254906e-308
91,DFT_CRT,time_and_value_scaling_t0,wide,DEoptim,14882,1.061127412e-314
91,DFT_CRT,time_and_value_scaling_t0,wide,DEoptim,14883,1.39067116189079e-309
91,DFT_CRT,time_and_value_scaling_t0,wide,DEoptim,14884,2.803071560357277e-309
91,DFT_CRT,time_and_value_scaling_t0,wide,DEoptim,14885,2.225073866793212e-308
91,DFT_CRT,time_and_value_scaling_t0,wide,DEoptim,14886,1.2516125334258437e-308
91,DFT_CRT,time_and_value_scaling_t0,wide,DEoptim,14887,4782144767937829e165
91,DFT_CRT,time_and_value_scaling_t0,wide,DEoptim,14888,18399669185336583e207
91,DFT_CRT,time_and_value_scaling_t0,wide,DEoptim,14889,6.835426899721121e-304
91,DFT_CRT,time_and_value_scaling_t0,wide,DEoptim,14890,1.8095022032254906e-308
91,DFT_CRT,time_and_value_scaling_t0,wide,DEoptim,14891,1.061256928e-314
91,DFT_CRT,time_and_value_scaling_t0,wide,DEoptim,14892,0
91,DFT_CRT,time_and_value_scaling_t0,wide,DEoptim,14893,0
91,DFT_CRT,time_and_value_scaling_t0,wide,DEoptim,14894,0
91,DFT_CRT,time_and_value_scaling_t0,wide,DEoptim,14895,2.803071560033486e-309
91,DFT_CRT,time_and_value_scaling_t0,wide,DEoptim,14896,2.225073866793212e-308
91,DFT_CRT,time_and_value_scaling_t0,wide,DEoptim,14897,1.2516125334258437e-308
91,DFT_CRT,time_and_value_scaling_t0,wide,DEoptim,14898,4782144767937829e165
91,DFT_CRT,time_and_value_scaling_t0,wide,DEoptim,14899,18399669185336583e207
91,DFT_CRT,time_and_value_scaling_t0,wide,DEoptim,14900,6.835426899721121e-304
91,DFT_CRT,time_and_value_scaling_t0,wide,DEoptim,14901,1.807872510717062e-308
91,DFT_CRT,time_and_value_scaling_t0,wide,DEoptim,14902,1.390671161696517e-308
91,DFT_CRT,time_and_value_scaling_t0,wide,DEoptim,14903,6.475817e-318
91,DFT_CRT,time_and_value_scaling_t0,wide,DEoptim,14904,4.172013485024793e-309
91,DFT_CRT,time_and_value_scaling_t0,wide,DEoptim,14905,7.06505799226302e-304
91,DFT_CRT,time_and_value_scaling_t0,wide,DEoptim,14906,8.344026985138241e-308
91,DFT_CRT,time_and_value_scaling_t0,wide,DEoptim,14907,1.8095022032254906e-308
91,DFT_CRT,time_and_value_scaling_t0,wide,DEoptim,14908,1.061127412e-314
91,DFT_CRT,time_and_value_scaling_t0,wide,DEoptim,14909,1.39067116189079e-309
91,DFT_CRT,time_and_value_scaling_t0,wide,DEoptim,14910,2.803071560357277e-309
91,DFT_CRT,time_and_value_scaling_t0,wide,DEoptim,14911,2.225073866793212e-308
91,DFT_CRT,time_and_value_scaling_t0,wide,DEoptim,14912,1.2516125334258437e-308
91,DFT_CRT,time_and_value_scaling_t0,wide,DEoptim,14913,4782144767937829e165
91,DFT_CRT,time_and_value_scaling_t0,wide,DEoptim,14914,18399669185336583e207
91,DFT_CRT,time_and_value_scaling_t0,wide,DEoptim,14915,6.835426899721121e-304
91,DFT_CRT,time_and_value_scaling_t0,wide,DEoptim,14916,7.070398169523437e-304
91,DFT_CRT,time_and_value_scaling_t0,wide,DEoptim,14917,8.065892752824841e-308
91,DFT_CRT,time_and_value_scaling_t0,wide,DEoptim,14918,7.072178228610243e-304
91,DFT_CRT,time_and_value_scaling_t0,wide,DEoptim,14919,9.456563930128078e-308
91,DFT_CRT,time_and_value_scaling_t0,wide,DEoptim,14920,1.807872510717062e-308
91,DFT_CRT,time_and_value_scaling_t0,wide,DEoptim,14921,1.3906711618907917e-308
91,DFT_CRT,time_and_value_scaling_t0,wide,DEoptim,14922,1.39067116901419e-309
91,DFT_CRT,time_and_value_scaling_t0,wide,DEoptim,14923,2.781342332523937e-309
91,DFT_CRT,time_and_value_scaling_t0,wide,DEoptim,14924,4.17201349409094e-309
91,DFT_CRT,time_and_value_scaling_t0,wide,DEoptim,14925,1.2304053e-317
91,DFT_CRT,time_and_value_scaling_t0,wide,DEoptim,14926,6.953355808158795e-309
91,DFT_CRT,time_and_value_scaling_t0,wide,DEoptim,14927,1.0012832394754878e-307
91,DFT_CRT,time_and_value_scaling_t0,wide,DEoptim,14928,7.105995874581648e-304
91,DFT_CRT,time_and_value_scaling_t0,wide,DEoptim,14929,1.807872510717062e-308
91,DFT_CRT,time_and_value_scaling_t0,wide,DEoptim,14930,1.390671161696517e-308
91,DFT_CRT,time_and_value_scaling_t0,wide,DEoptim,14931,6.475817e-318
91,DFT_CRT,time_and_value_scaling_t0,wide,DEoptim,14932,4.172013485024793e-309
91,DFT_CRT,time_and_value_scaling_t0,wide,DEoptim,14933,7.070398169523437e-304
91,DFT_CRT,time_and_value_scaling_t0,wide,DEoptim,14934,1.0012832394754878e-307
91,DFT_CRT,time_and_value_scaling_t0,wide,DEoptim,14935,1.8095022032254906e-308
91,DFT_CRT,time_and_value_scaling_t0,wide,DEoptim,14936,1.061127412e-314
91,DFT_CRT,time_and_value_scaling_t0,wide,DEoptim,14937,1.39067116189079e-309
91,DFT_CRT,time_and_value_scaling_t0,wide,DEoptim,14938,2.803071560357277e-309
91,DFT_CRT,time_and_value_scaling_t0,wide,DEoptim,14939,2.225073866793212e-308
91,DFT_CRT,time_and_value_scaling_t0,wide,DEoptim,14940,1.2516125334258437e-308
91,DFT_CRT,time_and_value_scaling_t0,wide,DEoptim,14941,4782144767937829e165
91,DFT_CRT,time_and_value_scaling_t0,wide,DEoptim,14942,18399669185336583e207
91,DFT_CRT,time_and_value_scaling_t0,wide,DEoptim,14943,6.835426899721121e-304
91,DFT_CRT,time_and_value_scaling_t0,wide,DEoptim,14944,1.807872510717062e-308
91,DFT_CRT,time_and_value_scaling_t0,wide,DEoptim,14945,1.390671161696517e-308
91,DFT_CRT,time_and_value_scaling_t0,wide,DEoptim,14946,6.475817e-318
91,DFT_CRT,time_and_value_scaling_t0,wide,DEoptim,14947,4.172013485024793e-309
91,DFT_CRT,time_and_value_scaling_t0,wide,DEoptim,14948,7.1042158154948425e-304
91,DFT_CRT,time_and_value_scaling_t0,wide,DEoptim,14949,1.0012832394754878e-307
91,DFT_CRT,time_and_value_scaling_t0,wide,DEoptim,14950,1.8095022032254906e-308
91,DFT_CRT,time_and_value_scaling_t0,wide,DEoptim,14951,1.061127412e-314
91,DFT_CRT,time_and_value_scaling_t0,wide,DEoptim,14952,1.39067116189079e-309
91,DFT_CRT,time_and_value_scaling_t0,wide,DEoptim,14953,2.803071560357277e-309
91,DFT_CRT,time_and_value_scaling_t0,wide,DEoptim,14954,2.225073866793212e-308
91,DFT_CRT,time_and_value_scaling_t0,wide,DEoptim,14955,1.2516125334258437e-308
91,DFT_CRT,time_and_value_scaling_t0,wide,DEoptim,14956,4782144767937829e165
91,DFT_CRT,time_and_value_scaling_t0,wide,DEoptim,14957,18399669185336583e207
91,DFT_CRT,time_and_value_scaling_t0,wide,DEoptim,14958,6.835426899721121e-304
91,DFT_CRT,time_and_value_scaling_t0,wide,DEoptim,14959,1.8095022032254906e-308
91,DFT_CRT,time_and_value_scaling_t0,wide,DEoptim,14960,1.0613216863e-314
91,DFT_CRT,time_and_value_scaling_t0,wide,DEoptim,14961,0
91,DFT_CRT,time_and_value_scaling_t0,wide,DEoptim,14962,0
91,DFT_CRT,time_and_value_scaling_t0,wide,DEoptim,14963,0
91,DFT_CRT,time_and_value_scaling_t0,wide,DEoptim,14964,0
91,DFT_CRT,time_and_value_scaling_t0,wide,DEoptim,14965,2.803071560033486e-309
91,DFT_CRT,time_and_value_scaling_t0,wide,DEoptim,14966,2.225073866793212e-308
91,DFT_CRT,time_and_value_scaling_t0,wide,DEoptim,14967,1.2516125334258437e-308
91,DFT_CRT,time_and_value_scaling_t0,wide,DEoptim,14968,4782144767937829e165
91,DFT_CRT,time_and_value_scaling_t0,wide,DEoptim,14969,18399669185336583e207
91,DFT_CRT,time_and_value_scaling_t0,wide,DEoptim,14970,6.835426899721121e-304
91,DFT_CRT,time_and_value_scaling_t0,wide,DEoptim,14971,7.07128819906684e-304
91,DFT_CRT,time_and_value_scaling_t0,wide,DEoptim,14972,8.900295465501277e-308
91,DFT_CRT,time_and_value_scaling_t0,wide,DEoptim,14973,1.1125369324008479e-307
91,DFT_CRT,time_and_value_scaling_t0,wide,DEoptim,14974,1.0569100859381678e-307
91,DFT_CRT,time_and_value_scaling_t0,wide,DEoptim,14975,7.1344768199705404e-304
91,DFT_CRT,time_and_value_scaling_t0,wide,DEoptim,14976,1.223790625326208e-307
91,DFT_CRT,time_and_value_scaling_t0,wide,DEoptim,14977,1.807872510717062e-308
91,DFT_CRT,time_and_value_scaling_t0,wide,DEoptim,14978,1.390671161696517e-308
91,DFT_CRT,time_and_value_scaling_t0,wide,DEoptim,14979,6.475817e-318
91,DFT_CRT,time_and_value_scaling_t0,wide,DEoptim,14980,4.172013485024793e-309
91,DFT_CRT,time_and_value_scaling_t0,wide,DEoptim,14981,7.070398169523437e-304
91,DFT_CRT,time_and_value_scaling_t0,wide,DEoptim,14982,1.223790625326208e-307
91,DFT_CRT,time_and_value_scaling_t0,wide,DEoptim,14983,1.8095022032254906e-308
91,DFT_CRT,time_and_value_scaling_t0,wide,DEoptim,14984,1.061127412e-314
91,DFT_CRT,time_and_value_scaling_t0,wide,DEoptim,14985,1.39067116189079e-309
91,DFT_CRT,time_and_value_scaling_t0,wide,DEoptim,14986,2.803071560357277e-309
91,DFT_CRT,time_and_value_scaling_t0,wide,DEoptim,14987,2.225073866793212e-308
91,DFT_CRT,time_and_value_scaling_t0,wide,DEoptim,14988,1.2516125334258437e-308
91,DFT_CRT,time_and_value_scaling_t0,wide,DEoptim,14989,4782144767937829e165
91,DFT_CRT,time_and_value_scaling_t0,wide,DEoptim,14990,18399669185336583e207
91,DFT_CRT,time_and_value_scaling_t0,wide,DEoptim,14991,6.835426899721121e-304
91,DFT_CRT,time_and_value_scaling_t0,wide,DEoptim,14992,1.807872510717062e-308
91,DFT_CRT,time_and_value_scaling_t0,wide,DEoptim,14993,1.390671161696517e-308
91,DFT_CRT,time_and_value_scaling_t0,wide,DEoptim,14994,6.475817e-318
91,DFT_CRT,time_and_value_scaling_t0,wide,DEoptim,14995,4.172013485024793e-309
91,DFT_CRT,time_and_value_scaling_t0,wide,DEoptim,14996,7.1042158154948425e-304
91,DFT_CRT,time_and_value_scaling_t0,wide,DEoptim,14997,1.223790625326208e-307
91,DFT_CRT,time_and_value_scaling_t0,wide,DEoptim,14998,1.8095022032254906e-308
91,DFT_CRT,time_and_value_scaling_t0,wide,DEoptim,14999,1.061127412e-314
91,DFT_CRT,time_and_value_scaling_t0,wide,DEoptim,15000,1.39067116189079e-309
